#########################################################################
#Electron Drift Line StepLength=0.5cm at rIN=1cm				#
#rIN_cm		zIN_cm		DriftTimeIN_us	rOUT_cm		z_OUT_cm#
#########################################################################
1		2		2.73566		1.00011		2.5
1		2		5.47135		1.00017		3
1		2		8.20707		1.0002		3.5
1		2		10.9428		1.00022		4
1		2		13.6785		1.00022		4.5
1		2		16.4143		1.00023		5
1		2		19.15		1.00023		5.5
1		2		21.8858		1.00023		6
1		2		24.6215		1.00022		6.5
1		2		27.3572		1.00022		7
1		2		30.093		1.00022		7.5
1		2		32.8287		1.00021		8
1		2		35.5644		1.00021		8.5
1		2		38.3002		1.0002		9
1		2		41.0359		1.00019		9.5
1		2		43.7716		1.00019		10
1		2		46.5073		1.00018		10.5
1		2		49.243		1.00017		11
1		2		51.9787		1.00017		11.5
1		2		54.7144		1.00016		12
1		2		57.4501		1.00015		12.5
1		2		60.1858		1.00014		13
1		2		62.9215		1.00013		13.5
1		2		65.6572		1.00012		14
1		2		68.3928		1.00011		14.5
1		2		71.1285		1.0001		15
1		2		73.8641		1.0001		15.5
1		2		76.5998		1.00009		16
1		2		79.3354		1.00008		16.5
1		2		82.0711		1.00007		17
1		2		84.8067		1.00005		17.5
1		2		87.5423		1.00004		18
1		2		90.2779		1.00003		18.5
1		2		93.0136		1.00002		19
1		2		95.7492		1.00001		19.5
1		2		98.4848		0.999999		20
1		2		101.22		0.999988		20.5
1		2		103.956		0.999976		21
1		2		106.691		0.999965		21.5
1		2		109.427		0.999954		22
1		2		112.163		0.999942		22.5
1		2		114.898		0.999931		23
1		2		117.634		0.999919		23.5
1		2		120.369		0.999907		24
1		2		123.105		0.999895		24.5
1		2		125.84		0.999882		25
1		2		128.576		0.999868		25.5
1		2		131.311		0.999855		26
1		2		134.047		0.999842		26.5
1		2		136.782		0.999829		27
1		2		139.518		0.999817		27.5
1		2		142.253		0.999805		28
1		2		144.989		0.999794		28.5
1		2		147.724		0.999783		29
1		2		150.46		0.999772		29.5
1		2		153.195		0.999761		30
1		2		155.93		0.999749		30.5
1		2		158.666		0.999737		31
1		2		161.401		0.999724		31.5
1		2		164.137		0.999711		32
1		2		166.872		0.999697		32.5
1		2		169.608		0.999683		33
1		2		172.343		0.999669		33.5
1		2		175.078		0.999656		34
1		2		177.814		0.999645		34.5
1		2		180.549		0.999634		35
1		2		183.284		0.999623		35.5
1		2		186.02		0.999612		36
1		2		188.755		0.9996		36.5
1		2		191.49		0.999589		37
1		2		194.226		0.999578		37.5
1		2		196.961		0.999567		38
1		2		199.696		0.999557		38.5
1		2		202.432		0.999546		39
1		2		205.167		0.999535		39.5
1		2		207.902		0.999525		40
1		2		210.638		0.999514		40.5
1		2		213.373		0.999502		41
1		2		216.108		0.999491		41.5
1		2		218.843		0.99948		42
1		2		221.579		0.99947		42.5
1		2		224.314		0.99946		43
1		2		227.049		0.999451		43.5
1		2		229.784		0.999442		44
1		2		232.52		0.999433		44.5
1		2		235.255		0.999424		45
1		2		237.99		0.999416		45.5
1		2		240.725		0.999408		46
1		2		243.46		0.999399		46.5
1		2		246.196		0.999391		47
1		2		248.931		0.999382		47.5
1		2		251.666		0.999374		48
1		2		254.401		0.999366		48.5
1		2		257.136		0.999359		49
1		2		259.872		0.999351		49.5
1		2		262.607		0.999344		50
1		2		265.342		0.999338		50.5
1		2		268.077		0.999331		51
1		2		270.812		0.999325		51.5
1		2		273.547		0.999319		52
1		2		276.283		0.999314		52.5
1		2		279.018		0.999309		53
1		2		281.753		0.999303		53.5
1		2		284.488		0.999299		54
1		2		287.223		0.999294		54.5
1		2		289.958		0.99929		55
1		2		292.693		0.999285		55.5
1		2		295.429		0.999281		56
1		2		298.164		0.999277		56.5
1		2		300.899		0.999273		57
1		2		303.634		0.999269		57.5
1		2		306.369		0.999265		58
1		2		309.104		0.999262		58.5
1		2		311.839		0.999259		59
1		2		314.574		0.999256		59.5
1		2		317.309		0.999253		60
1		2		320.045		0.999251		60.5
1		2		322.78		0.999249		61
1		2		325.515		0.999247		61.5
1		2		328.25		0.999245		62
1		2		330.985		0.999243		62.5
1		2		333.72		0.999242		63
1		2		336.455		0.999241		63.5
1		2		339.19		0.999241		64
1		2		341.925		0.99924		64.5
1		2		344.66		0.99924		65
1		2		347.396		0.99924		65.5
1		2		350.131		0.99924		66
1		2		352.866		0.999241		66.5
1		2		355.601		0.999242		67
1		2		358.336		0.999243		67.5
1		2		361.071		0.999244		68
1		2		363.806		0.999245		68.5
1		2		366.541		0.999247		69
1		2		369.276		0.999249		69.5
1		2		372.012		0.999251		70
1		2		374.747		0.999253		70.5
1		2		377.482		0.999256		71
1		2		380.217		0.999259		71.5
1		2		382.952		0.999262		72
1		2		385.687		0.999266		72.5
1		2		388.422		0.99927		73
1		2		391.157		0.999274		73.5
1		2		393.892		0.999278		74
1		2		396.628		0.999283		74.5
1		2		399.363		0.999287		75
1		2		402.098		0.999293		75.5
1		2		404.833		0.999299		76
1		2		407.568		0.999305		76.5
1		2		410.303		0.99931		77
1		2		413.038		0.999316		77.5
1		2		415.774		0.999322		78
1		2		418.509		0.999328		78.5
1		2		421.244		0.999334		79
1		2		423.979		0.999341		79.5
1		2		426.714		0.999348		80
1		2		429.449		0.999356		80.5
1		2		432.185		0.999363		81
1		2		434.92		0.999371		81.5
1		2		437.655		0.999379		82
1		2		440.39		0.999386		82.5
1		2		443.125		0.999394		83
1		2		445.861		0.999402		83.5
1		2		448.596		0.99941		84
1		2		451.331		0.999419		84.5
1		2		454.066		0.999429		85
1		2		456.801		0.999439		85.5
1		2		459.537		0.99945		86
1		2		462.272		0.999461		86.5
1		2		465.007		0.999472		87
1		2		467.742		0.999482		87.5
1		2		470.478		0.999492		88
1		2		473.213		0.999503		88.5
1		2		475.948		0.999513		89
1		2		478.684		0.999524		89.5
1		2		481.419		0.999535		90
1		2		484.154		0.999546		90.5
1		2		486.889		0.999559		91
1		2		489.625		0.999572		91.5
1		2		492.36		0.999586		92
1		2		495.095		0.9996		92.5
1		2		497.831		0.999615		93
1		2		500.566		0.999629		93.5
1		2		503.302		0.999643		94
1		2		506.037		0.999657		94.5
1		2		508.772		0.999672		95
1		2		511.508		0.999687		95.5
1		2		514.243		0.999702		96
1		2		516.978		0.999718		96.5
1		2		519.714		0.999734		97
1		2		522.449		0.999751		97.5
1		2		525.185		0.999769		98
1		2		527.92		0.999787		98.5
1		2		530.656		0.999805		99
1		2		533.391		0.999822		99.5
1		2		536.127		0.999838		100
1		2		538.862		0.999854		100.5
1		2		541.598		0.99987		101
1		2		544.333		0.999886		101.5
1		2		547.069		0.999903		102
1		2		549.804		0.99992		102.5
1		2		552.54		0.999937		103
1		2		555.275		0.999954		103.5
1		2		558.011		0.999971		104
1		2		560.747		0.99999		104.5
1		2		563.482		1.00001		105
1		2		566.218		1.00003		105.5
1		2		568.953		1.00005		106
1		2		571.689		1.00007		106.5
1		2		574.425		1.00009		107
1		2		577.16		1.00011		107.5
1		2		579.896		1.00013		108
1		2		582.632		1.00015		108.5
1		2		585.367		1.00017		109
1		2		588.103		1.00019		109.5
1		2		590.839		1.00021		110
1		2		593.574		1.00023		110.5
1		2		596.31		1.00025		111
1		2		599.046		1.00027		111.5
1		2		601.782		1.0003		112
1		2		604.518		1.00032		112.5
1		2		607.253		1.00034		113
1		2		609.989		1.00036		113.5
1		2		612.725		1.00038		114
1		2		615.461		1.0004		114.5
1		2		618.197		1.00042		115
1		2		620.932		1.00044		115.5
1		2		623.668		1.00046		116
1		2		626.404		1.00048		116.5
1		2		629.14		1.0005		117
1		2		631.876		1.00052		117.5
1		2		634.612		1.00053		118
1		2		637.348		1.00055		118.5
1		2		640.084		1.00057		119
1		2		642.82		1.00059		119.5
1		2		645.556		1.0006		120
1		2		648.292		1.00062		120.5
1		2		651.028		1.00064		121
1		2		653.764		1.00066		121.5
1		2		656.5		1.00068		122
1		2		659.236		1.0007		122.5
1		2		661.972		1.00072		123
1		2		664.708		1.00074		123.5
1		2		667.444		1.00076		124
1		2		670.18		1.00077		124.5
1		2		672.916		1.00079		125
1		2		675.652		1.00081		125.5
1		2		678.388		1.00082		126
1		2		681.124		1.00084		126.5
1		2		683.861		1.00085		127
1		2		686.597		1.00087		127.5
1		2		689.333		1.00088		128
1		2		692.069		1.0009		128.5
1		2		694.805		1.00091		129
1		2		697.541		1.00093		129.5
1		2		700.277		1.00094		130
1		2		703.014		1.00096		130.5
1		2		705.75		1.00097		131
1		2		708.486		1.00098		131.5
1		2		711.222		1.001		132
1		2		713.959		1.00101		132.5
1		2		716.695		1.00102		133
1		2		719.431		1.00103		133.5
1		2		722.167		1.00104		134
1		2		724.904		1.00105		134.5
1		2		727.64		1.00106		135
1		2		730.376		1.00107		135.5
1		2		733.112		1.00108		136
1		2		735.849		1.00109		136.5
1		2		738.585		1.0011		137
1		2		741.321		1.00111		137.5
1		2		744.058		1.00112		138
1		2		746.794		1.00113		138.5
1		2		749.53		1.00114		139
1		2		752.267		1.00115		139.5
1		2		755.003		1.00115		140
1		2		757.739		1.00116		140.5
1		2		760.476		1.00117		141
1		2		763.212		1.00119		141.5
1		2		765.948		1.0012		142
1		2		768.685		1.00122		142.5
1		2		771.421		1.00125		143
1		2		774.157		1.0013		143.5
1		2		776.894		1.00138		144
1		2		779.63		1.00154		144.5
1		2		782.367		1.00183		145
1		2		785.103		1.0023		145.5
1		2		787.603		0.983234		146
1		2		789.605		0.983238		146.1
