#########################################################################
#Electron Drift Line StepLength=0.5cm at rIN=0.5cm				#
#rIN_cm		zIN_cm		DriftTimeIN_us	rOUT_cm		z_OUT_cm#
#########################################################################
0.5		2		2.73559		0.500083		2.5
0.5		2		5.47126		0.500125		3
0.5		2		8.20697		0.500148		3.5
0.5		2		10.9427		0.500157		4
0.5		2		13.6784		0.500163		4.5
0.5		2		16.4142		0.500165		5
0.5		2		19.1499		0.500166		5.5
0.5		2		21.8856		0.500166		6
0.5		2		24.6214		0.500164		6.5
0.5		2		27.3571		0.500162		7
0.5		2		30.0929		0.50016		7.5
0.5		2		32.8286		0.500158		8
0.5		2		35.5643		0.500155		8.5
0.5		2		38.3		0.500152		9
0.5		2		41.0358		0.500149		9.5
0.5		2		43.7715		0.500145		10
0.5		2		46.5072		0.500142		10.5
0.5		2		49.2429		0.500138		11
0.5		2		51.9786		0.500135		11.5
0.5		2		54.7143		0.500131		12
0.5		2		57.45		0.500127		12.5
0.5		2		60.1857		0.500123		13
0.5		2		62.9214		0.500119		13.5
0.5		2		65.657		0.500114		14
0.5		2		68.3927		0.500109		14.5
0.5		2		71.1284		0.500104		15
0.5		2		73.864		0.5001		15.5
0.5		2		76.5997		0.500095		16
0.5		2		79.3353		0.500089		16.5
0.5		2		82.0709		0.500084		17
0.5		2		84.8066		0.500079		17.5
0.5		2		87.5422		0.500073		18
0.5		2		90.2778		0.500068		18.5
0.5		2		93.0134		0.500062		19
0.5		2		95.749		0.500056		19.5
0.5		2		98.4846		0.500051		20
0.5		2		101.22		0.500045		20.5
0.5		2		103.956		0.50004		21
0.5		2		106.691		0.500034		21.5
0.5		2		109.427		0.500028		22
0.5		2		112.162		0.500023		22.5
0.5		2		114.898		0.500017		23
0.5		2		117.634		0.500011		23.5
0.5		2		120.369		0.500005		24
0.5		2		123.105		0.499999		24.5
0.5		2		125.84		0.499992		25
0.5		2		128.576		0.499985		25.5
0.5		2		131.311		0.499978		26
0.5		2		134.047		0.499972		26.5
0.5		2		136.782		0.499965		27
0.5		2		139.518		0.499959		27.5
0.5		2		142.253		0.499953		28
0.5		2		144.989		0.499948		28.5
0.5		2		147.724		0.499942		29
0.5		2		150.459		0.499937		29.5
0.5		2		153.195		0.499931		30
0.5		2		155.93		0.499925		30.5
0.5		2		158.666		0.499919		31
0.5		2		161.401		0.499912		31.5
0.5		2		164.137		0.499906		32
0.5		2		166.872		0.499898		32.5
0.5		2		169.607		0.499891		33
0.5		2		172.343		0.499884		33.5
0.5		2		175.078		0.499877		34
0.5		2		177.814		0.499871		34.5
0.5		2		180.549		0.499865		35
0.5		2		183.284		0.49986		35.5
0.5		2		186.02		0.499854		36
0.5		2		188.755		0.499848		36.5
0.5		2		191.49		0.499843		37
0.5		2		194.226		0.499837		37.5
0.5		2		196.961		0.499832		38
0.5		2		199.696		0.499826		38.5
0.5		2		202.432		0.499821		39
0.5		2		205.167		0.499816		39.5
0.5		2		207.902		0.499811		40
0.5		2		210.637		0.499805		40.5
0.5		2		213.373		0.499799		41
0.5		2		216.108		0.499793		41.5
0.5		2		218.843		0.499788		42
0.5		2		221.578		0.499783		42.5
0.5		2		224.314		0.499778		43
0.5		2		227.049		0.499773		43.5
0.5		2		229.784		0.499769		44
0.5		2		232.519		0.499764		44.5
0.5		2		235.255		0.49976		45
0.5		2		237.99		0.499756		45.5
0.5		2		240.725		0.499751		46
0.5		2		243.46		0.499747		46.5
0.5		2		246.195		0.499743		47
0.5		2		248.931		0.499739		47.5
0.5		2		251.666		0.499735		48
0.5		2		254.401		0.499731		48.5
0.5		2		257.136		0.499727		49
0.5		2		259.871		0.499723		49.5
0.5		2		262.607		0.49972		50
0.5		2		265.342		0.499716		50.5
0.5		2		268.077		0.499713		51
0.5		2		270.812		0.49971		51.5
0.5		2		273.547		0.499707		52
0.5		2		276.282		0.499705		52.5
0.5		2		279.018		0.499702		53
0.5		2		281.753		0.499699		53.5
0.5		2		284.488		0.499697		54
0.5		2		287.223		0.499695		54.5
0.5		2		289.958		0.499692		55
0.5		2		292.693		0.49969		55.5
0.5		2		295.428		0.499688		56
0.5		2		298.164		0.499686		56.5
0.5		2		300.899		0.499684		57
0.5		2		303.634		0.499682		57.5
0.5		2		306.369		0.49968		58
0.5		2		309.104		0.499678		58.5
0.5		2		311.839		0.499677		59
0.5		2		314.574		0.499675		59.5
0.5		2		317.309		0.499674		60
0.5		2		320.044		0.499673		60.5
0.5		2		322.78		0.499672		61
0.5		2		325.515		0.499671		61.5
0.5		2		328.25		0.49967		62
0.5		2		330.985		0.499669		62.5
0.5		2		333.72		0.499668		63
0.5		2		336.455		0.499668		63.5
0.5		2		339.19		0.499668		64
0.5		2		341.925		0.499668		64.5
0.5		2		344.66		0.499668		65
0.5		2		347.395		0.499668		65.5
0.5		2		350.131		0.499668		66
0.5		2		352.866		0.499668		66.5
0.5		2		355.601		0.499668		67
0.5		2		358.336		0.499669		67.5
0.5		2		361.071		0.499669		68
0.5		2		363.806		0.49967		68.5
0.5		2		366.541		0.499671		69
0.5		2		369.276		0.499672		69.5
0.5		2		372.011		0.499673		70
0.5		2		374.747		0.499674		70.5
0.5		2		377.482		0.499676		71
0.5		2		380.217		0.499677		71.5
0.5		2		382.952		0.499679		72
0.5		2		385.687		0.499681		72.5
0.5		2		388.422		0.499683		73
0.5		2		391.157		0.499685		73.5
0.5		2		393.892		0.499687		74
0.5		2		396.627		0.499689		74.5
0.5		2		399.363		0.499691		75
0.5		2		402.098		0.499695		75.5
0.5		2		404.833		0.499698		76
0.5		2		407.568		0.499701		76.5
0.5		2		410.303		0.499704		77
0.5		2		413.038		0.499707		77.5
0.5		2		415.773		0.499709		78
0.5		2		418.509		0.499713		78.5
0.5		2		421.244		0.499716		79
0.5		2		423.979		0.499719		79.5
0.5		2		426.714		0.499723		80
0.5		2		429.449		0.499726		80.5
0.5		2		432.184		0.49973		81
0.5		2		434.92		0.499734		81.5
0.5		2		437.655		0.499738		82
0.5		2		440.39		0.499742		82.5
0.5		2		443.125		0.499746		83
0.5		2		445.86		0.49975		83.5
0.5		2		448.596		0.499754		84
0.5		2		451.331		0.499759		84.5
0.5		2		454.066		0.499764		85
0.5		2		456.801		0.499769		85.5
0.5		2		459.537		0.499774		86
0.5		2		462.272		0.49978		86.5
0.5		2		465.007		0.499785		87
0.5		2		467.742		0.49979		87.5
0.5		2		470.478		0.499796		88
0.5		2		473.213		0.499801		88.5
0.5		2		475.948		0.499806		89
0.5		2		478.683		0.499811		89.5
0.5		2		481.419		0.499817		90
0.5		2		484.154		0.499823		90.5
0.5		2		486.889		0.499829		91
0.5		2		489.625		0.499836		91.5
0.5		2		492.36		0.499843		92
0.5		2		495.095		0.499851		92.5
0.5		2		497.831		0.499858		93
0.5		2		500.566		0.499865		93.5
0.5		2		503.301		0.499872		94
0.5		2		506.037		0.499879		94.5
0.5		2		508.772		0.499886		95
0.5		2		511.508		0.499894		95.5
0.5		2		514.243		0.499902		96
0.5		2		516.978		0.49991		96.5
0.5		2		519.714		0.499918		97
0.5		2		522.449		0.499927		97.5
0.5		2		525.185		0.499937		98
0.5		2		527.92		0.499947		98.5
0.5		2		530.656		0.499956		99
0.5		2		533.391		0.499964		99.5
0.5		2		536.127		0.499972		100
0.5		2		538.862		0.49998		100.5
0.5		2		541.598		0.499988		101
0.5		2		544.333		0.499996		101.5
0.5		2		547.069		0.500005		102
0.5		2		549.804		0.500013		102.5
0.5		2		552.54		0.500022		103
0.5		2		555.275		0.50003		103.5
0.5		2		558.011		0.50004		104
0.5		2		560.746		0.500049		104.5
0.5		2		563.482		0.500058		105
0.5		2		566.218		0.500068		105.5
0.5		2		568.953		0.500078		106
0.5		2		571.689		0.500087		106.5
0.5		2		574.425		0.500097		107
0.5		2		577.16		0.500107		107.5
0.5		2		579.896		0.500117		108
0.5		2		582.632		0.500127		108.5
0.5		2		585.367		0.500137		109
0.5		2		588.103		0.500147		109.5
0.5		2		590.839		0.500158		110
0.5		2		593.574		0.500169		110.5
0.5		2		596.31		0.500182		111
0.5		2		599.046		0.500195		111.5
0.5		2		601.782		0.500206		112
0.5		2		604.517		0.500216		112.5
0.5		2		607.253		0.500226		113
0.5		2		609.989		0.500236		113.5
0.5		2		612.725		0.500246		114
0.5		2		615.461		0.500256		114.5
0.5		2		618.197		0.500266		115
0.5		2		620.932		0.500277		115.5
0.5		2		623.668		0.500287		116
0.5		2		626.404		0.500299		116.5
0.5		2		629.14		0.500311		117
0.5		2		631.876		0.50032		117.5
0.5		2		634.612		0.500329		118
0.5		2		637.348		0.500337		118.5
0.5		2		640.084		0.500346		119
0.5		2		642.82		0.500355		119.5
0.5		2		645.556		0.500364		120
0.5		2		648.292		0.500374		120.5
0.5		2		651.028		0.500385		121
0.5		2		653.764		0.500397		121.5
0.5		2		656.5		0.500407		122
0.5		2		659.236		0.500417		122.5
0.5		2		661.972		0.500426		123
0.5		2		664.708		0.500435		123.5
0.5		2		667.444		0.500444		124
0.5		2		670.18		0.500452		124.5
0.5		2		672.916		0.500461		125
0.5		2		675.652		0.500469		125.5
0.5		2		678.388		0.500477		126
0.5		2		681.124		0.500485		126.5
0.5		2		683.86		0.500492		127
0.5		2		686.597		0.500499		127.5
0.5		2		689.333		0.500508		128
0.5		2		692.069		0.500516		128.5
0.5		2		694.805		0.500525		129
0.5		2		697.541		0.500534		129.5
0.5		2		700.277		0.500541		130
0.5		2		703.014		0.500548		130.5
0.5		2		705.75		0.500555		131
0.5		2		708.486		0.500561		131.5
0.5		2		711.222		0.500567		132
0.5		2		713.958		0.500573		132.5
0.5		2		716.695		0.500579		133
0.5		2		719.431		0.500585		133.5
0.5		2		722.167		0.500591		134
0.5		2		724.903		0.500596		134.5
0.5		2		727.64		0.5006		135
0.5		2		730.376		0.500605		135.5
0.5		2		733.112		0.50061		136
0.5		2		735.849		0.500615		136.5
0.5		2		738.585		0.50062		137
0.5		2		741.321		0.500624		137.5
0.5		2		744.057		0.500629		138
0.5		2		746.794		0.500635		138.5
0.5		2		749.53		0.50064		139
0.5		2		752.266		0.500644		139.5
0.5		2		755.003		0.500649		140
0.5		2		757.739		0.500653		140.5
0.5		2		760.475		0.500658		141
0.5		2		763.212		0.500665		141.5
0.5		2		765.948		0.500675		142
0.5		2		768.685		0.500689		142.5
0.5		2		771.421		0.500705		143
0.5		2		774.157		0.500736		143.5
0.5		2		776.894		0.500794		144
0.5		2		779.63		0.50092		144.5
0.5		2		782.367		0.501338		145
0.5		2		785.105		0.50337		145.5
0.5		2		787.605		0.467704		145.999
0.5		2		789.611		0.467888		146.1
