#########################################################################
#Electron Drift Line StepLength=0.5cm at rIN=61.25cm				#
#rIN_cm		zIN_cm		DriftTimeIN_us	rOUT_cm		z_OUT_cm#
#########################################################################
61.25		2		2.74003		61.247		2.49999
61.25		2		5.47975		61.2437		2.99998
61.25		2		8.21915		61.2401		3.49997
61.25		2		10.9582		61.2363		3.99995
61.25		2		13.697		61.2324		4.49994
61.25		2		16.4354		61.2284		4.99992
61.25		2		19.1736		61.2244		5.49991
61.25		2		21.9114		61.2203		5.99989
61.25		2		24.649		61.2163		6.49987
61.25		2		27.3863		61.2123		6.99986
61.25		2		30.1235		61.2084		7.49984
61.25		2		32.8604		61.2046		7.99983
61.25		2		35.5971		61.2009		8.49981
61.25		2		38.3336		61.1973		8.9998
61.25		2		41.07		61.1938		9.49979
61.25		2		43.8063		61.1904		9.99978
61.25		2		46.5425		61.1871		10.4998
61.25		2		49.2785		61.184		10.9998
61.25		2		52.0144		61.1809		11.4997
61.25		2		54.7503		61.1779		11.9997
61.25		2		57.4861		61.1751		12.4997
61.25		2		60.2218		61.1723		12.9997
61.25		2		62.9574		61.1696		13.4997
61.25		2		65.693		61.1671		13.9997
61.25		2		68.4285		61.1646		14.4997
61.25		2		71.164		61.1622		14.9997
61.25		2		73.8994		61.1598		15.4997
61.25		2		76.6348		61.1576		15.9997
61.25		2		79.3701		61.1554		16.4997
61.25		2		82.1054		61.1532		16.9997
61.25		2		84.8407		61.1512		17.4997
61.25		2		87.576		61.1491		17.9997
61.25		2		90.3112		61.1472		18.4997
61.25		2		93.0464		61.1453		18.9997
61.25		2		95.7815		61.1434		19.4997
61.25		2		98.5166		61.1416		19.9997
61.25		2		101.252		61.1399		20.4997
61.25		2		103.987		61.1381		20.9996
61.25		2		106.722		61.1365		21.4996
61.25		2		109.457		61.1348		21.9996
61.25		2		112.192		61.1333		22.4996
61.25		2		114.927		61.1317		22.9996
61.25		2		117.662		61.1302		23.4996
61.25		2		120.397		61.1287		23.9996
61.25		2		123.132		61.1273		24.4996
61.25		2		125.867		61.1258		24.9996
61.25		2		128.602		61.1245		25.4996
61.25		2		131.337		61.1231		25.9996
61.25		2		134.072		61.1218		26.4996
61.25		2		136.806		61.1205		26.9996
61.25		2		139.541		61.1193		27.4996
61.25		2		142.276		61.1181		27.9996
61.25		2		145.011		61.1169		28.4996
61.25		2		147.746		61.1157		28.9996
61.25		2		150.481		61.1146		29.4996
61.25		2		153.216		61.1134		29.9996
61.25		2		155.95		61.1123		30.4996
61.25		2		158.685		61.1113		30.9996
61.25		2		161.42		61.1102		31.4996
61.25		2		164.155		61.1092		31.9996
61.25		2		166.889		61.1082		32.4996
61.25		2		169.624		61.1072		32.9996
61.25		2		172.359		61.1063		33.4996
61.25		2		175.094		61.1054		33.9996
61.25		2		177.828		61.1045		34.4996
61.25		2		180.563		61.1036		34.9996
61.25		2		183.298		61.1027		35.4996
61.25		2		186.032		61.1019		35.9996
61.25		2		188.767		61.1011		36.4996
61.25		2		191.502		61.1003		36.9996
61.25		2		194.237		61.0995		37.4996
61.25		2		196.971		61.0987		37.9996
61.25		2		199.706		61.0979		38.4996
61.25		2		202.44		61.0972		38.9996
61.25		2		205.175		61.0965		39.4996
61.25		2		207.91		61.0958		39.9996
61.25		2		210.644		61.0951		40.4996
61.25		2		213.379		61.0945		40.9996
61.25		2		216.114		61.0938		41.4996
61.25		2		218.848		61.0932		41.9996
61.25		2		221.583		61.0926		42.4996
61.25		2		224.318		61.092		42.9996
61.25		2		227.052		61.0914		43.4996
61.25		2		229.787		61.0909		43.9996
61.25		2		232.521		61.0903		44.4996
61.25		2		235.256		61.0898		44.9996
61.25		2		237.991		61.0893		45.4996
61.25		2		240.725		61.0888		45.9996
61.25		2		243.46		61.0883		46.4996
61.25		2		246.194		61.0878		46.9996
61.25		2		248.929		61.0874		47.4996
61.25		2		251.663		61.0869		47.9996
61.25		2		254.398		61.0865		48.4996
61.25		2		257.133		61.0861		48.9996
61.25		2		259.867		61.0857		49.4996
61.25		2		262.602		61.0853		49.9996
61.25		2		265.336		61.0849		50.4996
61.25		2		268.071		61.0845		50.9996
61.25		2		270.805		61.0842		51.4996
61.25		2		273.54		61.0838		51.9996
61.25		2		276.274		61.0835		52.4996
61.25		2		279.009		61.0832		52.9996
61.25		2		281.743		61.0829		53.4996
61.25		2		284.478		61.0826		53.9996
61.25		2		287.213		61.0823		54.4996
61.25		2		289.947		61.0821		54.9996
61.25		2		292.682		61.0818		55.4996
61.25		2		295.416		61.0816		55.9996
61.25		2		298.151		61.0814		56.4996
61.25		2		300.885		61.0812		56.9996
61.25		2		303.62		61.0809		57.4996
61.25		2		306.354		61.0808		57.9996
61.25		2		309.089		61.0806		58.4996
61.25		2		311.823		61.0804		58.9996
61.25		2		314.558		61.0803		59.4996
61.25		2		317.292		61.0801		59.9996
61.25		2		320.027		61.08		60.4996
61.25		2		322.761		61.0799		60.9996
61.25		2		325.496		61.0797		61.4996
61.25		2		328.23		61.0796		61.9996
61.25		2		330.965		61.0796		62.4996
61.25		2		333.699		61.0795		62.9996
61.25		2		336.434		61.0794		63.4996
61.25		2		339.168		61.0794		63.9996
61.25		2		341.903		61.0793		64.4996
61.25		2		344.637		61.0793		64.9996
61.25		2		347.372		61.0793		65.4996
61.25		2		350.106		61.0792		65.9996
61.25		2		352.841		61.0792		66.4996
61.25		2		355.575		61.0793		66.9996
61.25		2		358.31		61.0793		67.4996
61.25		2		361.044		61.0793		67.9996
61.25		2		363.779		61.0794		68.4996
61.25		2		366.514		61.0794		68.9996
61.25		2		369.248		61.0795		69.4996
61.25		2		371.983		61.0796		69.9996
61.25		2		374.717		61.0796		70.4996
61.25		2		377.452		61.0797		70.9996
61.25		2		380.186		61.0798		71.4996
61.25		2		382.921		61.08		71.9996
61.25		2		385.655		61.0801		72.4996
61.25		2		388.39		61.0802		72.9996
61.25		2		391.124		61.0804		73.4996
61.25		2		393.859		61.0806		73.9996
61.25		2		396.593		61.0807		74.4996
61.25		2		399.328		61.0809		74.9996
61.25		2		402.062		61.0811		75.4996
61.25		2		404.797		61.0814		75.9996
61.25		2		407.531		61.0816		76.4996
61.25		2		410.266		61.0818		76.9996
61.25		2		413		61.0821		77.4996
61.25		2		415.735		61.0823		77.9996
61.25		2		418.469		61.0826		78.4996
61.25		2		421.204		61.0829		78.9996
61.25		2		423.938		61.0832		79.4996
61.25		2		426.673		61.0835		79.9996
61.25		2		429.407		61.0838		80.4996
61.25		2		432.142		61.0842		80.9996
61.25		2		434.877		61.0845		81.4996
61.25		2		437.611		61.0849		81.9996
61.25		2		440.346		61.0852		82.4996
61.25		2		443.08		61.0856		82.9996
61.25		2		445.815		61.086		83.4996
61.25		2		448.549		61.0864		83.9996
61.25		2		451.284		61.0868		84.4996
61.25		2		454.018		61.0873		84.9996
61.25		2		456.753		61.0877		85.4996
61.25		2		459.488		61.0882		85.9996
61.25		2		462.222		61.0887		86.4996
61.25		2		464.957		61.0892		86.9996
61.25		2		467.691		61.0897		87.4996
61.25		2		470.426		61.0902		87.9996
61.25		2		473.16		61.0907		88.4996
61.25		2		475.895		61.0913		88.9996
61.25		2		478.63		61.0919		89.4996
61.25		2		481.364		61.0924		89.9996
61.25		2		484.099		61.093		90.4996
61.25		2		486.833		61.0937		90.9996
61.25		2		489.568		61.0943		91.4996
61.25		2		492.303		61.0949		91.9996
61.25		2		495.037		61.0956		92.4996
61.25		2		497.772		61.0963		92.9996
61.25		2		500.507		61.097		93.4996
61.25		2		503.241		61.0977		93.9996
61.25		2		505.976		61.0984		94.4996
61.25		2		508.71		61.0992		94.9996
61.25		2		511.445		61.0999		95.4996
61.25		2		514.18		61.1007		95.9996
61.25		2		516.914		61.1015		96.4996
61.25		2		519.649		61.1023		96.9996
61.25		2		522.384		61.1032		97.4996
61.25		2		525.119		61.104		97.9996
61.25		2		527.853		61.1049		98.4996
61.25		2		530.588		61.1058		98.9996
61.25		2		533.323		61.1067		99.4996
61.25		2		536.057		61.1077		99.9996
61.25		2		538.792		61.1086		100.5
61.25		2		541.527		61.1096		101
61.25		2		544.262		61.1106		101.5
61.25		2		546.996		61.1116		102
61.25		2		549.731		61.1127		102.5
61.25		2		552.466		61.1137		103
61.25		2		555.201		61.1148		103.5
61.25		2		557.935		61.1159		104
61.25		2		560.67		61.1171		104.5
61.25		2		563.405		61.1183		105
61.25		2		566.14		61.1194		105.5
61.25		2		568.875		61.1207		106
61.25		2		571.61		61.1219		106.5
61.25		2		574.344		61.1232		107
61.25		2		577.079		61.1245		107.5
61.25		2		579.814		61.1258		108
61.25		2		582.549		61.1271		108.5
61.25		2		585.284		61.1285		109
61.25		2		588.019		61.1299		109.5
61.25		2		590.754		61.1314		110
61.25		2		593.489		61.1328		110.5
61.25		2		596.224		61.1343		111
61.25		2		598.959		61.1359		111.5
61.25		2		601.694		61.1374		112
61.25		2		604.429		61.139		112.5
61.25		2		607.164		61.1407		113
61.25		2		609.899		61.1423		113.5
61.25		2		612.634		61.144		114
61.25		2		615.369		61.1458		114.5
61.25		2		618.104		61.1475		115
61.25		2		620.84		61.1493		115.5
61.25		2		623.575		61.1512		116
61.25		2		626.31		61.1531		116.5
61.25		2		629.045		61.155		117
61.25		2		631.78		61.1569		117.5
61.25		2		634.516		61.1589		117.999
61.25		2		637.251		61.161		118.499
61.25		2		639.986		61.1631		118.999
61.25		2		642.722		61.1652		119.499
61.25		2		645.457		61.1674		119.999
61.25		2		648.193		61.1696		120.499
61.25		2		650.928		61.1718		120.999
61.25		2		653.664		61.1742		121.499
61.25		2		656.399		61.1765		121.999
61.25		2		659.135		61.1789		122.499
61.25		2		661.871		61.1814		122.999
61.25		2		664.606		61.1839		123.499
61.25		2		667.342		61.1864		123.999
61.25		2		670.078		61.189		124.499
61.25		2		672.814		61.1917		124.999
61.25		2		675.55		61.1944		125.499
61.25		2		678.286		61.1971		125.999
61.25		2		681.022		61.1999		126.499
61.25		2		683.758		61.2028		126.999
61.25		2		686.494		61.2057		127.499
61.25		2		689.23		61.2086		127.999
61.25		2		691.967		61.2116		128.499
61.25		2		694.703		61.2147		128.999
61.25		2		697.439		61.2178		129.499
61.25		2		700.176		61.221		129.999
61.25		2		702.913		61.2242		130.499
61.25		2		705.649		61.2274		130.999
61.25		2		708.386		61.2307		131.499
61.25		2		711.123		61.234		131.999
61.25		2		713.86		61.2374		132.499
61.25		2		716.598		61.2408		132.999
61.25		2		719.335		61.2442		133.499
61.25		2		722.072		61.2476		133.999
61.25		2		724.81		61.2511		134.499
61.25		2		727.548		61.2546		134.999
61.25		2		730.285		61.258		135.499
61.25		2		733.023		61.2615		135.999
61.25		2		735.762		61.265		136.499
61.25		2		738.5		61.2684		136.999
61.25		2		741.238		61.2718		137.499
61.25		2		743.977		61.2751		137.999
61.25		2		746.716		61.2783		138.499
61.25		2		749.455		61.2815		138.999
61.25		2		752.194		61.2845		139.499
61.25		2		754.933		61.2875		139.999
61.25		2		757.673		61.2903		140.499
61.25		2		760.412		61.2929		140.999
61.25		2		763.152		61.2954		141.499
61.25		2		765.892		61.2977		141.999
61.25		2		768.632		61.2997		142.499
61.25		2		771.372		61.3016		142.999
61.25		2		774.112		61.3032		143.499
61.25		2		776.853		61.3045		143.999
61.25		2		779.593		61.3055		144.499
61.25		2		782.334		61.3063		144.999
61.25		2		785.074		61.3068		145.499
61.25		2		957.735		60.8324		145.657
61.25		2		1130.4		60.3581		145.815
61.25		2		1303.06		59.8837		145.973
61.25		2		1612.95		59.881		146.1
