#########################################################################
#Electron Drift Line StepLength=0.05cm at rIN=20cm				#
#rIN_cm		zIN_cm		DriftTimeIN_us	rOUT_cm		z_OUT_cm#
#########################################################################
20		0.5		0.273574		20		0.55
20		0.5		0.547148		20		0.6
20		0.5		0.820721		20		0.65
20		0.5		1.09429		20		0.7
20		0.5		1.36787		20		0.75
20		0.5		1.64144		20		0.8
20		0.5		1.91502		20		0.85
20		0.5		2.18859		20		0.9
20		0.5		2.46217		20		0.95
20		0.5		2.73574		20		1
20		0.5		3.00932		20		1.05
20		0.5		3.2829		20		1.1
20		0.5		3.55647		20.0001		1.15
20		0.5		3.83005		20.0001		1.2
20		0.5		4.10363		20.0001		1.25
20		0.5		4.37721		20.0001		1.3
20		0.5		4.65078		20.0001		1.35
20		0.5		4.92436		20.0001		1.4
20		0.5		5.19794		20.0001		1.45
20		0.5		5.47152		20.0001		1.5
20		0.5		5.7451		20.0001		1.55
20		0.5		6.01868		20.0001		1.6
20		0.5		6.29225		20.0001		1.65
20		0.5		6.56583		20.0001		1.7
20		0.5		6.83941		20.0001		1.75
20		0.5		7.11299		20.0001		1.8
20		0.5		7.38657		20.0001		1.85
20		0.5		7.66015		20.0001		1.9
20		0.5		7.93373		20.0001		1.95
20		0.5		8.20731		20		2
20		0.5		8.48089		20		2.05
20		0.5		8.75447		20		2.1
20		0.5		9.02806		20		2.15
20		0.5		9.30164		20		2.2
20		0.5		9.57522		20		2.25
20		0.5		9.84881		20		2.3
20		0.5		10.1224		20		2.35
20		0.5		10.396		20		2.4
20		0.5		10.6696		20		2.45
20		0.5		10.9431		20		2.5
20		0.5		11.2167		20		2.55
20		0.5		11.4903		20		2.6
20		0.5		11.7639		20		2.65
20		0.5		12.0375		20		2.7
20		0.5		12.3111		20		2.75
20		0.5		12.5846		20		2.8
20		0.5		12.8582		20		2.85
20		0.5		13.1318		20		2.9
20		0.5		13.4054		20		2.95
20		0.5		13.679		20		3
20		0.5		13.9526		20		3.05
20		0.5		14.2261		20		3.1
20		0.5		14.4997		20		3.15
20		0.5		14.7733		20		3.2
20		0.5		15.0469		20		3.25
20		0.5		15.3205		20		3.3
20		0.5		15.5941		20		3.35
20		0.5		15.8676		20		3.4
20		0.5		16.1412		20		3.45
20		0.5		16.4148		20		3.5
20		0.5		16.6884		19.9999		3.55
20		0.5		16.962		19.9999		3.6
20		0.5		17.2356		19.9999		3.65
20		0.5		17.5092		19.9999		3.7
20		0.5		17.7827		19.9999		3.75
20		0.5		18.0563		19.9999		3.8
20		0.5		18.3299		19.9999		3.85
20		0.5		18.6035		19.9999		3.9
20		0.5		18.8771		19.9999		3.95
20		0.5		19.1507		19.9999		4
20		0.5		19.4242		19.9999		4.05
20		0.5		19.6978		19.9999		4.1
20		0.5		19.9714		19.9999		4.15
20		0.5		20.245		19.9999		4.2
20		0.5		20.5186		19.9999		4.25
20		0.5		20.7922		19.9999		4.3
20		0.5		21.0657		19.9999		4.35
20		0.5		21.3393		19.9999		4.4
20		0.5		21.6129		19.9998		4.45
20		0.5		21.8865		19.9998		4.5
20		0.5		22.1601		19.9998		4.55
20		0.5		22.4337		19.9998		4.6
20		0.5		22.7072		19.9998		4.65
20		0.5		22.9808		19.9998		4.7
20		0.5		23.2544		19.9998		4.75
20		0.5		23.528		19.9998		4.8
20		0.5		23.8016		19.9998		4.85
20		0.5		24.0752		19.9998		4.9
20		0.5		24.3487		19.9998		4.95
20		0.5		24.6223		19.9998		5
20		0.5		24.8959		19.9998		5.05
20		0.5		25.1695		19.9998		5.1
20		0.5		25.4431		19.9998		5.15
20		0.5		25.7167		19.9997		5.2
20		0.5		25.9902		19.9997		5.25
20		0.5		26.2638		19.9997		5.3
20		0.5		26.5374		19.9997		5.35
20		0.5		26.811		19.9997		5.4
20		0.5		27.0846		19.9997		5.45
20		0.5		27.3582		19.9997		5.5
20		0.5		27.6317		19.9997		5.55
20		0.5		27.9053		19.9997		5.6
20		0.5		28.1789		19.9997		5.65
20		0.5		28.4525		19.9997		5.7
20		0.5		28.7261		19.9997		5.75
20		0.5		28.9997		19.9997		5.8
20		0.5		29.2732		19.9996		5.85
20		0.5		29.5468		19.9996		5.9
20		0.5		29.8204		19.9996		5.95
20		0.5		30.094		19.9996		6
20		0.5		30.3676		19.9996		6.05
20		0.5		30.6412		19.9996		6.1
20		0.5		30.9147		19.9996		6.15
20		0.5		31.1883		19.9996		6.2
20		0.5		31.4619		19.9996		6.25
20		0.5		31.7355		19.9996		6.3
20		0.5		32.0091		19.9996		6.35
20		0.5		32.2827		19.9995		6.4
20		0.5		32.5562		19.9995		6.45
20		0.5		32.8298		19.9995		6.5
20		0.5		33.1034		19.9995		6.55
20		0.5		33.377		19.9995		6.6
20		0.5		33.6506		19.9995		6.65
20		0.5		33.9241		19.9995		6.7
20		0.5		34.1977		19.9995		6.75
20		0.5		34.4713		19.9995		6.8
20		0.5		34.7449		19.9995		6.85
20		0.5		35.0185		19.9995		6.9
20		0.5		35.2921		19.9994		6.95
20		0.5		35.5656		19.9994		7
20		0.5		35.8392		19.9994		7.05
20		0.5		36.1128		19.9994		7.1
20		0.5		36.3864		19.9994		7.15
20		0.5		36.66		19.9994		7.2
20		0.5		36.9336		19.9994		7.25
20		0.5		37.2071		19.9994		7.3
20		0.5		37.4807		19.9994		7.35
20		0.5		37.7543		19.9994		7.4
20		0.5		38.0279		19.9993		7.45
20		0.5		38.3015		19.9993		7.5
20		0.5		38.575		19.9993		7.55
20		0.5		38.8486		19.9993		7.6
20		0.5		39.1222		19.9993		7.65
20		0.5		39.3958		19.9993		7.7
20		0.5		39.6694		19.9993		7.75
20		0.5		39.943		19.9993		7.8
20		0.5		40.2165		19.9993		7.85
20		0.5		40.4901		19.9992		7.9
20		0.5		40.7637		19.9992		7.95
20		0.5		41.0373		19.9992		8
20		0.5		41.3109		19.9992		8.05
20		0.5		41.5844		19.9992		8.1
20		0.5		41.858		19.9992		8.15
20		0.5		42.1316		19.9992		8.2
20		0.5		42.4052		19.9992		8.25
20		0.5		42.6788		19.9992		8.3
20		0.5		42.9523		19.9991		8.35
20		0.5		43.2259		19.9991		8.4
20		0.5		43.4995		19.9991		8.45
20		0.5		43.7731		19.9991		8.5
20		0.5		44.0467		19.9991		8.55
20		0.5		44.3202		19.9991		8.6
20		0.5		44.5938		19.9991		8.65
20		0.5		44.8674		19.9991		8.7
20		0.5		45.141		19.999		8.75
20		0.5		45.4146		19.999		8.8
20		0.5		45.6881		19.999		8.85
20		0.5		45.9617		19.999		8.9
20		0.5		46.2353		19.999		8.95
20		0.5		46.5089		19.999		9
20		0.5		46.7825		19.999		9.05
20		0.5		47.056		19.999		9.1
20		0.5		47.3296		19.9989		9.15
20		0.5		47.6032		19.9989		9.2
20		0.5		47.8768		19.9989		9.25
20		0.5		48.1504		19.9989		9.3
20		0.5		48.4239		19.9989		9.35
20		0.5		48.6975		19.9989		9.4
20		0.5		48.9711		19.9989		9.45
20		0.5		49.2447		19.9989		9.5
20		0.5		49.5183		19.9988		9.55
20		0.5		49.7918		19.9988		9.6
20		0.5		50.0654		19.9988		9.65
20		0.5		50.339		19.9988		9.7
20		0.5		50.6126		19.9988		9.75
20		0.5		50.8862		19.9988		9.8
20		0.5		51.1597		19.9988		9.85
20		0.5		51.4333		19.9987		9.9
20		0.5		51.7069		19.9987		9.95
20		0.5		51.9805		19.9987		10
20		0.5		52.2541		19.9987		10.05
20		0.5		52.5276		19.9987		10.1
20		0.5		52.8012		19.9987		10.15
20		0.5		53.0748		19.9987		10.2
20		0.5		53.3484		19.9986		10.25
20		0.5		53.622		19.9986		10.3
20		0.5		53.8955		19.9986		10.35
20		0.5		54.1691		19.9986		10.4
20		0.5		54.4427		19.9986		10.45
20		0.5		54.7163		19.9986		10.5
20		0.5		54.9898		19.9986		10.55
20		0.5		55.2634		19.9985		10.6
20		0.5		55.537		19.9985		10.65
20		0.5		55.8106		19.9985		10.7
20		0.5		56.0842		19.9985		10.75
20		0.5		56.3577		19.9985		10.8
20		0.5		56.6313		19.9985		10.85
20		0.5		56.9049		19.9985		10.9
20		0.5		57.1785		19.9984		10.95
20		0.5		57.452		19.9984		11
20		0.5		57.7256		19.9984		11.05
20		0.5		57.9992		19.9984		11.1
20		0.5		58.2728		19.9984		11.15
20		0.5		58.5464		19.9984		11.2
20		0.5		58.8199		19.9984		11.25
20		0.5		59.0935		19.9983		11.3
20		0.5		59.3671		19.9983		11.35
20		0.5		59.6407		19.9983		11.4
20		0.5		59.9142		19.9983		11.45
20		0.5		60.1878		19.9983		11.5
20		0.5		60.4614		19.9983		11.55
20		0.5		60.735		19.9982		11.6
20		0.5		61.0086		19.9982		11.65
20		0.5		61.2821		19.9982		11.7
20		0.5		61.5557		19.9982		11.75
20		0.5		61.8293		19.9982		11.8
20		0.5		62.1029		19.9982		11.85
20		0.5		62.3764		19.9981		11.9
20		0.5		62.65		19.9981		11.95
20		0.5		62.9236		19.9981		12
20		0.5		63.1972		19.9981		12.05
20		0.5		63.4707		19.9981		12.1
20		0.5		63.7443		19.9981		12.15
20		0.5		64.0179		19.9981		12.2
20		0.5		64.2915		19.998		12.25
20		0.5		64.565		19.998		12.3
20		0.5		64.8386		19.998		12.35
20		0.5		65.1122		19.998		12.4
20		0.5		65.3858		19.998		12.45
20		0.5		65.6593		19.998		12.5
20		0.5		65.9329		19.9979		12.55
20		0.5		66.2065		19.9979		12.6
20		0.5		66.4801		19.9979		12.65
20		0.5		66.7536		19.9979		12.7
20		0.5		67.0272		19.9979		12.75
20		0.5		67.3008		19.9979		12.8
20		0.5		67.5744		19.9978		12.85
20		0.5		67.8479		19.9978		12.9
20		0.5		68.1215		19.9978		12.95
20		0.5		68.3951		19.9978		13
20		0.5		68.6687		19.9978		13.05
20		0.5		68.9422		19.9978		13.1
20		0.5		69.2158		19.9977		13.15
20		0.5		69.4894		19.9977		13.2
20		0.5		69.763		19.9977		13.25
20		0.5		70.0365		19.9977		13.3
20		0.5		70.3101		19.9977		13.35
20		0.5		70.5837		19.9976		13.4
20		0.5		70.8573		19.9976		13.45
20		0.5		71.1308		19.9976		13.5
20		0.5		71.4044		19.9976		13.55
20		0.5		71.678		19.9976		13.6
20		0.5		71.9516		19.9976		13.65
20		0.5		72.2251		19.9975		13.7
20		0.5		72.4987		19.9975		13.75
20		0.5		72.7723		19.9975		13.8
20		0.5		73.0459		19.9975		13.85
20		0.5		73.3194		19.9975		13.9
20		0.5		73.593		19.9975		13.95
20		0.5		73.8666		19.9974		14
20		0.5		74.1401		19.9974		14.05
20		0.5		74.4137		19.9974		14.1
20		0.5		74.6873		19.9974		14.15
20		0.5		74.9609		19.9974		14.2
20		0.5		75.2344		19.9973		14.25
20		0.5		75.508		19.9973		14.3
20		0.5		75.7816		19.9973		14.35
20		0.5		76.0552		19.9973		14.4
20		0.5		76.3287		19.9973		14.45
20		0.5		76.6023		19.9973		14.5
20		0.5		76.8759		19.9972		14.55
20		0.5		77.1494		19.9972		14.6
20		0.5		77.423		19.9972		14.65
20		0.5		77.6966		19.9972		14.7
20		0.5		77.9702		19.9972		14.75
20		0.5		78.2437		19.9971		14.8
20		0.5		78.5173		19.9971		14.85
20		0.5		78.7909		19.9971		14.9
20		0.5		79.0645		19.9971		14.95
20		0.5		79.338		19.9971		15
20		0.5		79.6116		19.997		15.05
20		0.5		79.8852		19.997		15.1
20		0.5		80.1587		19.997		15.15
20		0.5		80.4323		19.997		15.2
20		0.5		80.7059		19.997		15.25
20		0.5		80.9795		19.9969		15.3
20		0.5		81.253		19.9969		15.35
20		0.5		81.5266		19.9969		15.4
20		0.5		81.8002		19.9969		15.45
20		0.5		82.0737		19.9969		15.5
20		0.5		82.3473		19.9969		15.55
20		0.5		82.6209		19.9968		15.6
20		0.5		82.8944		19.9968		15.65
20		0.5		83.168		19.9968		15.7
20		0.5		83.4416		19.9968		15.75
20		0.5		83.7152		19.9968		15.8
20		0.5		83.9887		19.9967		15.85
20		0.5		84.2623		19.9967		15.9
20		0.5		84.5359		19.9967		15.95
20		0.5		84.8094		19.9967		16
20		0.5		85.083		19.9967		16.05
20		0.5		85.3566		19.9966		16.1
20		0.5		85.6301		19.9966		16.15
20		0.5		85.9037		19.9966		16.2
20		0.5		86.1773		19.9966		16.25
20		0.5		86.4509		19.9966		16.3
20		0.5		86.7244		19.9965		16.35
20		0.5		86.998		19.9965		16.4
20		0.5		87.2716		19.9965		16.45
20		0.5		87.5451		19.9965		16.5
20		0.5		87.8187		19.9965		16.55
20		0.5		88.0923		19.9964		16.6
20		0.5		88.3658		19.9964		16.65
20		0.5		88.6394		19.9964		16.7
20		0.5		88.913		19.9964		16.75
20		0.5		89.1865		19.9964		16.8
20		0.5		89.4601		19.9963		16.85
20		0.5		89.7337		19.9963		16.9
20		0.5		90.0072		19.9963		16.95
20		0.5		90.2808		19.9963		17
20		0.5		90.5544		19.9963		17.05
20		0.5		90.8279		19.9962		17.1
20		0.5		91.1015		19.9962		17.15
20		0.5		91.3751		19.9962		17.2
20		0.5		91.6487		19.9962		17.25
20		0.5		91.9222		19.9961		17.3
20		0.5		92.1958		19.9961		17.35
20		0.5		92.4694		19.9961		17.4
20		0.5		92.7429		19.9961		17.45
20		0.5		93.0165		19.9961		17.5
20		0.5		93.2901		19.996		17.55
20		0.5		93.5636		19.996		17.6
20		0.5		93.8372		19.996		17.65
20		0.5		94.1108		19.996		17.7
20		0.5		94.3843		19.996		17.75
20		0.5		94.6579		19.9959		17.8
20		0.5		94.9315		19.9959		17.85
20		0.5		95.205		19.9959		17.9
20		0.5		95.4786		19.9959		17.95
20		0.5		95.7522		19.9959		18
20		0.5		96.0257		19.9958		18.05
20		0.5		96.2993		19.9958		18.1
20		0.5		96.5729		19.9958		18.15
20		0.5		96.8464		19.9958		18.2
20		0.5		97.12		19.9958		18.25
20		0.5		97.3935		19.9957		18.3
20		0.5		97.6671		19.9957		18.35
20		0.5		97.9407		19.9957		18.4
20		0.5		98.2142		19.9957		18.45
20		0.5		98.4878		19.9956		18.5
20		0.5		98.7614		19.9956		18.55
20		0.5		99.0349		19.9956		18.6
20		0.5		99.3085		19.9956		18.65
20		0.5		99.5821		19.9956		18.7
20		0.5		99.8556		19.9955		18.75
20		0.5		100.129		19.9955		18.8
20		0.5		100.403		19.9955		18.85
20		0.5		100.676		19.9955		18.9
20		0.5		100.95		19.9955		18.95
20		0.5		101.223		19.9954		19
20		0.5		101.497		19.9954		19.05
20		0.5		101.771		19.9954		19.1
20		0.5		102.044		19.9954		19.15
20		0.5		102.318		19.9953		19.2
20		0.5		102.591		19.9953		19.25
20		0.5		102.865		19.9953		19.3
20		0.5		103.138		19.9953		19.35
20		0.5		103.412		19.9953		19.4
20		0.5		103.686		19.9952		19.45
20		0.5		103.959		19.9952		19.5
20		0.5		104.233		19.9952		19.55
20		0.5		104.506		19.9952		19.6
20		0.5		104.78		19.9951		19.65
20		0.5		105.053		19.9951		19.7
20		0.5		105.327		19.9951		19.75
20		0.5		105.6		19.9951		19.8
20		0.5		105.874		19.9951		19.85
20		0.5		106.148		19.995		19.9
20		0.5		106.421		19.995		19.95
20		0.5		106.695		19.995		20
20		0.5		106.968		19.995		20.05
20		0.5		107.242		19.995		20.1
20		0.5		107.515		19.9949		20.15
20		0.5		107.789		19.9949		20.2
20		0.5		108.063		19.9949		20.25
20		0.5		108.336		19.9949		20.3
20		0.5		108.61		19.9948		20.35
20		0.5		108.883		19.9948		20.4
20		0.5		109.157		19.9948		20.45
20		0.5		109.43		19.9948		20.5
20		0.5		109.704		19.9948		20.55
20		0.5		109.977		19.9947		20.6
20		0.5		110.251		19.9947		20.65
20		0.5		110.525		19.9947		20.7
20		0.5		110.798		19.9947		20.75
20		0.5		111.072		19.9946		20.8
20		0.5		111.345		19.9946		20.85
20		0.5		111.619		19.9946		20.9
20		0.5		111.892		19.9946		20.95
20		0.5		112.166		19.9946		21
20		0.5		112.44		19.9945		21.05
20		0.5		112.713		19.9945		21.1
20		0.5		112.987		19.9945		21.15
20		0.5		113.26		19.9945		21.2
20		0.5		113.534		19.9944		21.25
20		0.5		113.807		19.9944		21.3
20		0.5		114.081		19.9944		21.35
20		0.5		114.354		19.9944		21.4
20		0.5		114.628		19.9943		21.45
20		0.5		114.902		19.9943		21.5
20		0.5		115.175		19.9943		21.55
20		0.5		115.449		19.9943		21.6
20		0.5		115.722		19.9943		21.65
20		0.5		115.996		19.9942		21.7
20		0.5		116.269		19.9942		21.75
20		0.5		116.543		19.9942		21.8
20		0.5		116.816		19.9942		21.85
20		0.5		117.09		19.9941		21.9
20		0.5		117.364		19.9941		21.95
20		0.5		117.637		19.9941		22
20		0.5		117.911		19.9941		22.05
20		0.5		118.184		19.9941		22.1
20		0.5		118.458		19.994		22.15
20		0.5		118.731		19.994		22.2
20		0.5		119.005		19.994		22.25
20		0.5		119.278		19.994		22.3
20		0.5		119.552		19.9939		22.35
20		0.5		119.826		19.9939		22.4
20		0.5		120.099		19.9939		22.45
20		0.5		120.373		19.9939		22.5
20		0.5		120.646		19.9938		22.55
20		0.5		120.92		19.9938		22.6
20		0.5		121.193		19.9938		22.65
20		0.5		121.467		19.9938		22.7
20		0.5		121.74		19.9938		22.75
20		0.5		122.014		19.9937		22.8
20		0.5		122.288		19.9937		22.85
20		0.5		122.561		19.9937		22.9
20		0.5		122.835		19.9937		22.95
20		0.5		123.108		19.9936		23
20		0.5		123.382		19.9936		23.05
20		0.5		123.655		19.9936		23.1
20		0.5		123.929		19.9936		23.15
20		0.5		124.202		19.9935		23.2
20		0.5		124.476		19.9935		23.25
20		0.5		124.75		19.9935		23.3
20		0.5		125.023		19.9935		23.35
20		0.5		125.297		19.9935		23.4
20		0.5		125.57		19.9934		23.45
20		0.5		125.844		19.9934		23.5
20		0.5		126.117		19.9934		23.55
20		0.5		126.391		19.9934		23.6
20		0.5		126.664		19.9933		23.65
20		0.5		126.938		19.9933		23.7
20		0.5		127.212		19.9933		23.75
20		0.5		127.485		19.9933		23.8
20		0.5		127.759		19.9932		23.85
20		0.5		128.032		19.9932		23.9
20		0.5		128.306		19.9932		23.95
20		0.5		128.579		19.9932		24
20		0.5		128.853		19.9932		24.05
20		0.5		129.126		19.9931		24.1
20		0.5		129.4		19.9931		24.15
20		0.5		129.674		19.9931		24.2
20		0.5		129.947		19.9931		24.25
20		0.5		130.221		19.993		24.3
20		0.5		130.494		19.993		24.35
20		0.5		130.768		19.993		24.4
20		0.5		131.041		19.993		24.45
20		0.5		131.315		19.9929		24.5
20		0.5		131.588		19.9929		24.55
20		0.5		131.862		19.9929		24.6
20		0.5		132.136		19.9929		24.65
20		0.5		132.409		19.9928		24.7
20		0.5		132.683		19.9928		24.75
20		0.5		132.956		19.9928		24.8
20		0.5		133.23		19.9928		24.85
20		0.5		133.503		19.9928		24.9
20		0.5		133.777		19.9927		24.95
20		0.5		134.05		19.9927		25
20		0.5		134.324		19.9927		25.05
20		0.5		134.598		19.9927		25.1
20		0.5		134.871		19.9926		25.15
20		0.5		135.145		19.9926		25.2
20		0.5		135.418		19.9926		25.25
20		0.5		135.692		19.9926		25.3
20		0.5		135.965		19.9925		25.35
20		0.5		136.239		19.9925		25.4
20		0.5		136.512		19.9925		25.45
20		0.5		136.786		19.9925		25.5
20		0.5		137.06		19.9925		25.55
20		0.5		137.333		19.9924		25.6
20		0.5		137.607		19.9924		25.65
20		0.5		137.88		19.9924		25.7
20		0.5		138.154		19.9924		25.75
20		0.5		138.427		19.9923		25.8
20		0.5		138.701		19.9923		25.85
20		0.5		138.974		19.9923		25.9
20		0.5		139.248		19.9923		25.95
20		0.5		139.521		19.9922		26
20		0.5		139.795		19.9922		26.05
20		0.5		140.069		19.9922		26.1
20		0.5		140.342		19.9922		26.15
20		0.5		140.616		19.9921		26.2
20		0.5		140.889		19.9921		26.25
20		0.5		141.163		19.9921		26.3
20		0.5		141.436		19.9921		26.35
20		0.5		141.71		19.9921		26.4
20		0.5		141.983		19.992		26.45
20		0.5		142.257		19.992		26.5
20		0.5		142.531		19.992		26.55
20		0.5		142.804		19.992		26.6
20		0.5		143.078		19.9919		26.65
20		0.5		143.351		19.9919		26.7
20		0.5		143.625		19.9919		26.75
20		0.5		143.898		19.9919		26.8
20		0.5		144.172		19.9918		26.85
20		0.5		144.445		19.9918		26.9
20		0.5		144.719		19.9918		26.95
20		0.5		144.992		19.9918		27
20		0.5		145.266		19.9917		27.05
20		0.5		145.54		19.9917		27.1
20		0.5		145.813		19.9917		27.15
20		0.5		146.087		19.9917		27.2
20		0.5		146.36		19.9917		27.25
20		0.5		146.634		19.9916		27.3
20		0.5		146.907		19.9916		27.35
20		0.5		147.181		19.9916		27.4
20		0.5		147.454		19.9916		27.45
20		0.5		147.728		19.9915		27.5
20		0.5		148.001		19.9915		27.55
20		0.5		148.275		19.9915		27.6
20		0.5		148.549		19.9915		27.65
20		0.5		148.822		19.9914		27.7
20		0.5		149.096		19.9914		27.75
20		0.5		149.369		19.9914		27.8
20		0.5		149.643		19.9914		27.85
20		0.5		149.916		19.9913		27.9
20		0.5		150.19		19.9913		27.95
20		0.5		150.463		19.9913		28
20		0.5		150.737		19.9913		28.05
20		0.5		151.01		19.9913		28.1
20		0.5		151.284		19.9912		28.15
20		0.5		151.558		19.9912		28.2
20		0.5		151.831		19.9912		28.25
20		0.5		152.105		19.9912		28.3
20		0.5		152.378		19.9911		28.35
20		0.5		152.652		19.9911		28.4
20		0.5		152.925		19.9911		28.45
20		0.5		153.199		19.9911		28.5
20		0.5		153.472		19.991		28.55
20		0.5		153.746		19.991		28.6
20		0.5		154.019		19.991		28.65
20		0.5		154.293		19.991		28.7
20		0.5		154.567		19.9909		28.75
20		0.5		154.84		19.9909		28.8
20		0.5		155.114		19.9909		28.85
20		0.5		155.387		19.9909		28.9
20		0.5		155.661		19.9909		28.95
20		0.5		155.934		19.9908		29
20		0.5		156.208		19.9908		29.05
20		0.5		156.481		19.9908		29.1
20		0.5		156.755		19.9908		29.15
20		0.5		157.028		19.9907		29.2
20		0.5		157.302		19.9907		29.25
20		0.5		157.576		19.9907		29.3
20		0.5		157.849		19.9907		29.35
20		0.5		158.123		19.9906		29.4
20		0.5		158.396		19.9906		29.45
20		0.5		158.67		19.9906		29.5
20		0.5		158.943		19.9906		29.55
20		0.5		159.217		19.9906		29.6
20		0.5		159.49		19.9905		29.65
20		0.5		159.764		19.9905		29.7
20		0.5		160.037		19.9905		29.75
20		0.5		160.311		19.9905		29.8
20		0.5		160.585		19.9904		29.85
20		0.5		160.858		19.9904		29.9
20		0.5		161.132		19.9904		29.95
20		0.5		161.405		19.9904		30
20		0.5		161.679		19.9903		30.05
20		0.5		161.952		19.9903		30.1
20		0.5		162.226		19.9903		30.15
20		0.5		162.499		19.9903		30.2
20		0.5		162.773		19.9903		30.25
20		0.5		163.046		19.9902		30.3
20		0.5		163.32		19.9902		30.35
20		0.5		163.594		19.9902		30.4
20		0.5		163.867		19.9902		30.45
20		0.5		164.141		19.9901		30.5
20		0.5		164.414		19.9901		30.55
20		0.5		164.688		19.9901		30.6
20		0.5		164.961		19.9901		30.65
20		0.5		165.235		19.99		30.7
20		0.5		165.508		19.99		30.75
20		0.5		165.782		19.99		30.8
20		0.5		166.055		19.99		30.85
20		0.5		166.329		19.99		30.9
20		0.5		166.602		19.9899		30.95
20		0.5		166.876		19.9899		31
20		0.5		167.15		19.9899		31.05
20		0.5		167.423		19.9899		31.1
20		0.5		167.697		19.9898		31.15
20		0.5		167.97		19.9898		31.2
20		0.5		168.244		19.9898		31.25
20		0.5		168.517		19.9898		31.3
20		0.5		168.791		19.9897		31.35
20		0.5		169.064		19.9897		31.4
20		0.5		169.338		19.9897		31.45
20		0.5		169.611		19.9897		31.5
20		0.5		169.885		19.9897		31.55
20		0.5		170.158		19.9896		31.6
20		0.5		170.432		19.9896		31.65
20		0.5		170.706		19.9896		31.7
20		0.5		170.979		19.9896		31.75
20		0.5		171.253		19.9895		31.8
20		0.5		171.526		19.9895		31.85
20		0.5		171.8		19.9895		31.9
20		0.5		172.073		19.9895		31.95
20		0.5		172.347		19.9895		32
20		0.5		172.62		19.9894		32.05
20		0.5		172.894		19.9894		32.1
20		0.5		173.167		19.9894		32.15
20		0.5		173.441		19.9894		32.2
20		0.5		173.714		19.9893		32.25
20		0.5		173.988		19.9893		32.3
20		0.5		174.262		19.9893		32.35
20		0.5		174.535		19.9893		32.4
20		0.5		174.809		19.9892		32.45
20		0.5		175.082		19.9892		32.5
20		0.5		175.356		19.9892		32.55
20		0.5		175.629		19.9892		32.6
20		0.5		175.903		19.9892		32.65
20		0.5		176.176		19.9891		32.7
20		0.5		176.45		19.9891		32.75
20		0.5		176.723		19.9891		32.8
20		0.5		176.997		19.9891		32.85
20		0.5		177.27		19.989		32.9
20		0.5		177.544		19.989		32.95
20		0.5		177.818		19.989		33
20		0.5		178.091		19.989		33.05
20		0.5		178.365		19.989		33.1
20		0.5		178.638		19.9889		33.15
20		0.5		178.912		19.9889		33.2
20		0.5		179.185		19.9889		33.25
20		0.5		179.459		19.9889		33.3
20		0.5		179.732		19.9888		33.35
20		0.5		180.006		19.9888		33.4
20		0.5		180.279		19.9888		33.45
20		0.5		180.553		19.9888		33.5
20		0.5		180.826		19.9888		33.55
20		0.5		181.1		19.9887		33.6
20		0.5		181.373		19.9887		33.65
20		0.5		181.647		19.9887		33.7
20		0.5		181.921		19.9887		33.75
20		0.5		182.194		19.9886		33.8
20		0.5		182.468		19.9886		33.85
20		0.5		182.741		19.9886		33.9
20		0.5		183.015		19.9886		33.95
20		0.5		183.288		19.9886		34
20		0.5		183.562		19.9885		34.05
20		0.5		183.835		19.9885		34.1
20		0.5		184.109		19.9885		34.15
20		0.5		184.382		19.9885		34.2
20		0.5		184.656		19.9885		34.25
20		0.5		184.929		19.9884		34.3
20		0.5		185.203		19.9884		34.35
20		0.5		185.477		19.9884		34.4
20		0.5		185.75		19.9884		34.45
20		0.5		186.024		19.9883		34.5
20		0.5		186.297		19.9883		34.55
20		0.5		186.571		19.9883		34.6
20		0.5		186.844		19.9883		34.65
20		0.5		187.118		19.9883		34.7
20		0.5		187.391		19.9882		34.75
20		0.5		187.665		19.9882		34.8
20		0.5		187.938		19.9882		34.85
20		0.5		188.212		19.9882		34.9
20		0.5		188.485		19.9881		34.95
20		0.5		188.759		19.9881		35
20		0.5		189.032		19.9881		35.05
20		0.5		189.306		19.9881		35.1
20		0.5		189.58		19.9881		35.15
20		0.5		189.853		19.988		35.2
20		0.5		190.127		19.988		35.25
20		0.5		190.4		19.988		35.3
20		0.5		190.674		19.988		35.35
20		0.5		190.947		19.988		35.4
20		0.5		191.221		19.9879		35.45
20		0.5		191.494		19.9879		35.5
20		0.5		191.768		19.9879		35.55
20		0.5		192.041		19.9879		35.6
20		0.5		192.315		19.9878		35.65
20		0.5		192.588		19.9878		35.7
20		0.5		192.862		19.9878		35.75
20		0.5		193.135		19.9878		35.8
20		0.5		193.409		19.9878		35.85
20		0.5		193.682		19.9877		35.9
20		0.5		193.956		19.9877		35.95
20		0.5		194.23		19.9877		36
20		0.5		194.503		19.9877		36.05
20		0.5		194.777		19.9877		36.1
20		0.5		195.05		19.9876		36.15
20		0.5		195.324		19.9876		36.2
20		0.5		195.597		19.9876		36.25
20		0.5		195.871		19.9876		36.3
20		0.5		196.144		19.9876		36.35
20		0.5		196.418		19.9875		36.4
20		0.5		196.691		19.9875		36.45
20		0.5		196.965		19.9875		36.5
20		0.5		197.238		19.9875		36.55
20		0.5		197.512		19.9874		36.6
20		0.5		197.785		19.9874		36.65
20		0.5		198.059		19.9874		36.7
20		0.5		198.332		19.9874		36.75
20		0.5		198.606		19.9874		36.8
20		0.5		198.88		19.9873		36.85
20		0.5		199.153		19.9873		36.9
20		0.5		199.427		19.9873		36.95
20		0.5		199.7		19.9873		37
20		0.5		199.974		19.9873		37.05
20		0.5		200.247		19.9872		37.1
20		0.5		200.521		19.9872		37.15
20		0.5		200.794		19.9872		37.2
20		0.5		201.068		19.9872		37.25
20		0.5		201.341		19.9872		37.3
20		0.5		201.615		19.9871		37.35
20		0.5		201.888		19.9871		37.4
20		0.5		202.162		19.9871		37.45
20		0.5		202.435		19.9871		37.5
20		0.5		202.709		19.9871		37.55
20		0.5		202.982		19.987		37.6
20		0.5		203.256		19.987		37.65
20		0.5		203.53		19.987		37.7
20		0.5		203.803		19.987		37.75
20		0.5		204.077		19.987		37.8
20		0.5		204.35		19.9869		37.85
20		0.5		204.624		19.9869		37.9
20		0.5		204.897		19.9869		37.95
20		0.5		205.171		19.9869		38
20		0.5		205.444		19.9869		38.05
20		0.5		205.718		19.9868		38.1
20		0.5		205.991		19.9868		38.15
20		0.5		206.265		19.9868		38.2
20		0.5		206.538		19.9868		38.25
20		0.5		206.812		19.9868		38.3
20		0.5		207.085		19.9867		38.35
20		0.5		207.359		19.9867		38.4
20		0.5		207.632		19.9867		38.45
20		0.5		207.906		19.9867		38.5
20		0.5		208.18		19.9867		38.55
20		0.5		208.453		19.9866		38.6
20		0.5		208.727		19.9866		38.65
20		0.5		209		19.9866		38.7
20		0.5		209.274		19.9866		38.75
20		0.5		209.547		19.9866		38.8
20		0.5		209.821		19.9865		38.85
20		0.5		210.094		19.9865		38.9
20		0.5		210.368		19.9865		38.95
20		0.5		210.641		19.9865		39
20		0.5		210.915		19.9865		39.05
20		0.5		211.188		19.9864		39.1
20		0.5		211.462		19.9864		39.15
20		0.5		211.735		19.9864		39.2
20		0.5		212.009		19.9864		39.25
20		0.5		212.282		19.9864		39.3
20		0.5		212.556		19.9863		39.35
20		0.5		212.829		19.9863		39.4
20		0.5		213.103		19.9863		39.45
20		0.5		213.376		19.9863		39.5
20		0.5		213.65		19.9863		39.55
20		0.5		213.924		19.9862		39.6
20		0.5		214.197		19.9862		39.65
20		0.5		214.471		19.9862		39.7
20		0.5		214.744		19.9862		39.75
20		0.5		215.018		19.9862		39.8
20		0.5		215.291		19.9861		39.85
20		0.5		215.565		19.9861		39.9
20		0.5		215.838		19.9861		39.95
20		0.5		216.112		19.9861		40
20		0.5		216.385		19.9861		40.05
20		0.5		216.659		19.9861		40.1
20		0.5		216.932		19.986		40.15
20		0.5		217.206		19.986		40.2
20		0.5		217.479		19.986		40.25
20		0.5		217.753		19.986		40.3
20		0.5		218.026		19.986		40.35
20		0.5		218.3		19.9859		40.4
20		0.5		218.573		19.9859		40.45
20		0.5		218.847		19.9859		40.5
20		0.5		219.121		19.9859		40.55
20		0.5		219.394		19.9859		40.6
20		0.5		219.668		19.9858		40.65
20		0.5		219.941		19.9858		40.7
20		0.5		220.215		19.9858		40.75
20		0.5		220.488		19.9858		40.8
20		0.5		220.762		19.9858		40.85
20		0.5		221.035		19.9858		40.9
20		0.5		221.309		19.9857		40.95
20		0.5		221.582		19.9857		41
20		0.5		221.856		19.9857		41.05
20		0.5		222.129		19.9857		41.1
20		0.5		222.403		19.9857		41.15
20		0.5		222.676		19.9856		41.2
20		0.5		222.95		19.9856		41.25
20		0.5		223.223		19.9856		41.3
20		0.5		223.497		19.9856		41.35
20		0.5		223.77		19.9856		41.4
20		0.5		224.044		19.9856		41.45
20		0.5		224.317		19.9855		41.5
20		0.5		224.591		19.9855		41.55
20		0.5		224.864		19.9855		41.6
20		0.5		225.138		19.9855		41.65
20		0.5		225.412		19.9855		41.7
20		0.5		225.685		19.9854		41.75
20		0.5		225.959		19.9854		41.8
20		0.5		226.232		19.9854		41.85
20		0.5		226.506		19.9854		41.9
20		0.5		226.779		19.9854		41.95
20		0.5		227.053		19.9854		42
20		0.5		227.326		19.9853		42.05
20		0.5		227.6		19.9853		42.1
20		0.5		227.873		19.9853		42.15
20		0.5		228.147		19.9853		42.2
20		0.5		228.42		19.9853		42.25
20		0.5		228.694		19.9852		42.3
20		0.5		228.967		19.9852		42.35
20		0.5		229.241		19.9852		42.4
20		0.5		229.514		19.9852		42.45
20		0.5		229.788		19.9852		42.5
20		0.5		230.061		19.9852		42.55
20		0.5		230.335		19.9851		42.6
20		0.5		230.608		19.9851		42.65
20		0.5		230.882		19.9851		42.7
20		0.5		231.155		19.9851		42.75
20		0.5		231.429		19.9851		42.8
20		0.5		231.702		19.9851		42.85
20		0.5		231.976		19.985		42.9
20		0.5		232.25		19.985		42.95
20		0.5		232.523		19.985		43
20		0.5		232.797		19.985		43.05
20		0.5		233.07		19.985		43.1
20		0.5		233.344		19.9849		43.15
20		0.5		233.617		19.9849		43.2
20		0.5		233.891		19.9849		43.25
20		0.5		234.164		19.9849		43.3
20		0.5		234.438		19.9849		43.35
20		0.5		234.711		19.9849		43.4
20		0.5		234.985		19.9848		43.45
20		0.5		235.258		19.9848		43.5
20		0.5		235.532		19.9848		43.55
20		0.5		235.805		19.9848		43.6
20		0.5		236.079		19.9848		43.65
20		0.5		236.352		19.9848		43.7
20		0.5		236.626		19.9847		43.75
20		0.5		236.899		19.9847		43.8
20		0.5		237.173		19.9847		43.85
20		0.5		237.446		19.9847		43.9
20		0.5		237.72		19.9847		43.95
20		0.5		237.993		19.9847		44
20		0.5		238.267		19.9846		44.05
20		0.5		238.54		19.9846		44.1
20		0.5		238.814		19.9846		44.15
20		0.5		239.088		19.9846		44.2
20		0.5		239.361		19.9846		44.25
20		0.5		239.635		19.9846		44.3
20		0.5		239.908		19.9845		44.35
20		0.5		240.182		19.9845		44.4
20		0.5		240.455		19.9845		44.45
20		0.5		240.729		19.9845		44.5
20		0.5		241.002		19.9845		44.55
20		0.5		241.276		19.9845		44.6
20		0.5		241.549		19.9844		44.65
20		0.5		241.823		19.9844		44.7
20		0.5		242.096		19.9844		44.75
20		0.5		242.37		19.9844		44.8
20		0.5		242.643		19.9844		44.85
20		0.5		242.917		19.9844		44.9
20		0.5		243.19		19.9844		44.95
20		0.5		243.464		19.9843		45
20		0.5		243.737		19.9843		45.05
20		0.5		244.011		19.9843		45.1
20		0.5		244.284		19.9843		45.15
20		0.5		244.558		19.9843		45.2
20		0.5		244.831		19.9843		45.25
20		0.5		245.105		19.9842		45.3
20		0.5		245.378		19.9842		45.35
20		0.5		245.652		19.9842		45.4
20		0.5		245.925		19.9842		45.45
20		0.5		246.199		19.9842		45.5
20		0.5		246.472		19.9842		45.55
20		0.5		246.746		19.9841		45.6
20		0.5		247.02		19.9841		45.65
20		0.5		247.293		19.9841		45.7
20		0.5		247.567		19.9841		45.75
20		0.5		247.84		19.9841		45.8
20		0.5		248.114		19.9841		45.85
20		0.5		248.387		19.9841		45.9
20		0.5		248.661		19.984		45.95
20		0.5		248.934		19.984		46
20		0.5		249.208		19.984		46.05
20		0.5		249.481		19.984		46.1
20		0.5		249.755		19.984		46.15
20		0.5		250.028		19.984		46.2
20		0.5		250.302		19.984		46.25
20		0.5		250.575		19.9839		46.3
20		0.5		250.849		19.9839		46.35
20		0.5		251.122		19.9839		46.4
20		0.5		251.396		19.9839		46.45
20		0.5		251.669		19.9839		46.5
20		0.5		251.943		19.9839		46.55
20		0.5		252.216		19.9838		46.6
20		0.5		252.49		19.9838		46.65
20		0.5		252.763		19.9838		46.7
20		0.5		253.037		19.9838		46.75
20		0.5		253.31		19.9838		46.8
20		0.5		253.584		19.9838		46.85
20		0.5		253.857		19.9838		46.9
20		0.5		254.131		19.9837		46.95
20		0.5		254.404		19.9837		47
20		0.5		254.678		19.9837		47.05
20		0.5		254.951		19.9837		47.1
20		0.5		255.225		19.9837		47.15
20		0.5		255.498		19.9837		47.2
20		0.5		255.772		19.9837		47.25
20		0.5		256.046		19.9836		47.3
20		0.5		256.319		19.9836		47.35
20		0.5		256.593		19.9836		47.4
20		0.5		256.866		19.9836		47.45
20		0.5		257.14		19.9836		47.5
20		0.5		257.413		19.9836		47.55
20		0.5		257.687		19.9836		47.6
20		0.5		257.96		19.9835		47.65
20		0.5		258.234		19.9835		47.7
20		0.5		258.507		19.9835		47.75
20		0.5		258.781		19.9835		47.8
20		0.5		259.054		19.9835		47.85
20		0.5		259.328		19.9835		47.9
20		0.5		259.601		19.9835		47.95
20		0.5		259.875		19.9834		48
20		0.5		260.148		19.9834		48.05
20		0.5		260.422		19.9834		48.1
20		0.5		260.695		19.9834		48.15
20		0.5		260.969		19.9834		48.2
20		0.5		261.242		19.9834		48.25
20		0.5		261.516		19.9834		48.3
20		0.5		261.789		19.9834		48.35
20		0.5		262.063		19.9833		48.4
20		0.5		262.336		19.9833		48.45
20		0.5		262.61		19.9833		48.5
20		0.5		262.883		19.9833		48.55
20		0.5		263.157		19.9833		48.6
20		0.5		263.43		19.9833		48.65
20		0.5		263.704		19.9833		48.7
20		0.5		263.977		19.9832		48.75
20		0.5		264.251		19.9832		48.8
20		0.5		264.524		19.9832		48.85
20		0.5		264.798		19.9832		48.9
20		0.5		265.071		19.9832		48.95
20		0.5		265.345		19.9832		49
20		0.5		265.618		19.9832		49.05
20		0.5		265.892		19.9832		49.1
20		0.5		266.165		19.9831		49.15
20		0.5		266.439		19.9831		49.2
20		0.5		266.713		19.9831		49.25
20		0.5		266.986		19.9831		49.3
20		0.5		267.26		19.9831		49.35
20		0.5		267.533		19.9831		49.4
20		0.5		267.807		19.9831		49.45
20		0.5		268.08		19.9831		49.5
20		0.5		268.354		19.983		49.55
20		0.5		268.627		19.983		49.6
20		0.5		268.901		19.983		49.65
20		0.5		269.174		19.983		49.7
20		0.5		269.448		19.983		49.75
20		0.5		269.721		19.983		49.8
20		0.5		269.995		19.983		49.85
20		0.5		270.268		19.983		49.9
20		0.5		270.542		19.9829		49.95
20		0.5		270.815		19.9829		50
20		0.5		271.089		19.9829		50.05
20		0.5		271.362		19.9829		50.1
20		0.5		271.636		19.9829		50.15
20		0.5		271.909		19.9829		50.2
20		0.5		272.183		19.9829		50.25
20		0.5		272.456		19.9829		50.3
20		0.5		272.73		19.9828		50.35
20		0.5		273.003		19.9828		50.4
20		0.5		273.277		19.9828		50.45
20		0.5		273.55		19.9828		50.5
20		0.5		273.824		19.9828		50.55
20		0.5		274.097		19.9828		50.6
20		0.5		274.371		19.9828		50.65
20		0.5		274.644		19.9828		50.7
20		0.5		274.918		19.9827		50.75
20		0.5		275.191		19.9827		50.8
20		0.5		275.465		19.9827		50.85
20		0.5		275.738		19.9827		50.9
20		0.5		276.012		19.9827		50.95
20		0.5		276.285		19.9827		51
20		0.5		276.559		19.9827		51.05
20		0.5		276.832		19.9827		51.1
20		0.5		277.106		19.9827		51.15
20		0.5		277.379		19.9826		51.2
20		0.5		277.653		19.9826		51.25
20		0.5		277.926		19.9826		51.3
20		0.5		278.2		19.9826		51.35
20		0.5		278.473		19.9826		51.4
20		0.5		278.747		19.9826		51.45
20		0.5		279.021		19.9826		51.5
20		0.5		279.294		19.9826		51.55
20		0.5		279.568		19.9826		51.6
20		0.5		279.841		19.9825		51.65
20		0.5		280.115		19.9825		51.7
20		0.5		280.388		19.9825		51.75
20		0.5		280.662		19.9825		51.8
20		0.5		280.935		19.9825		51.85
20		0.5		281.209		19.9825		51.9
20		0.5		281.482		19.9825		51.95
20		0.5		281.756		19.9825		52
20		0.5		282.029		19.9825		52.05
20		0.5		282.303		19.9824		52.1
20		0.5		282.576		19.9824		52.15
20		0.5		282.85		19.9824		52.2
20		0.5		283.123		19.9824		52.25
20		0.5		283.397		19.9824		52.3
20		0.5		283.67		19.9824		52.35
20		0.5		283.944		19.9824		52.4
20		0.5		284.217		19.9824		52.45
20		0.5		284.491		19.9824		52.5
20		0.5		284.764		19.9824		52.55
20		0.5		285.038		19.9823		52.6
20		0.5		285.311		19.9823		52.65
20		0.5		285.585		19.9823		52.7
20		0.5		285.858		19.9823		52.75
20		0.5		286.132		19.9823		52.8
20		0.5		286.405		19.9823		52.85
20		0.5		286.679		19.9823		52.9
20		0.5		286.952		19.9823		52.95
20		0.5		287.226		19.9823		53
20		0.5		287.499		19.9823		53.05
20		0.5		287.773		19.9822		53.1
20		0.5		288.046		19.9822		53.15
20		0.5		288.32		19.9822		53.2
20		0.5		288.593		19.9822		53.25
20		0.5		288.867		19.9822		53.3
20		0.5		289.14		19.9822		53.35
20		0.5		289.414		19.9822		53.4
20		0.5		289.687		19.9822		53.45
20		0.5		289.961		19.9822		53.5
20		0.5		290.234		19.9822		53.55
20		0.5		290.508		19.9821		53.6
20		0.5		290.781		19.9821		53.65
20		0.5		291.055		19.9821		53.7
20		0.5		291.328		19.9821		53.75
20		0.5		291.602		19.9821		53.8
20		0.5		291.875		19.9821		53.85
20		0.5		292.149		19.9821		53.9
20		0.5		292.422		19.9821		53.95
20		0.5		292.696		19.9821		54
20		0.5		292.969		19.9821		54.05
20		0.5		293.243		19.9821		54.1
20		0.5		293.516		19.982		54.15
20		0.5		293.79		19.982		54.2
20		0.5		294.063		19.982		54.25
20		0.5		294.337		19.982		54.3
20		0.5		294.611		19.982		54.35
20		0.5		294.884		19.982		54.4
20		0.5		295.158		19.982		54.45
20		0.5		295.431		19.982		54.5
20		0.5		295.705		19.982		54.55
20		0.5		295.978		19.982		54.6
20		0.5		296.252		19.982		54.65
20		0.5		296.525		19.9819		54.7
20		0.5		296.799		19.9819		54.75
20		0.5		297.072		19.9819		54.8
20		0.5		297.346		19.9819		54.85
20		0.5		297.619		19.9819		54.9
20		0.5		297.893		19.9819		54.95
20		0.5		298.166		19.9819		55
20		0.5		298.44		19.9819		55.05
20		0.5		298.713		19.9819		55.1
20		0.5		298.987		19.9819		55.15
20		0.5		299.26		19.9819		55.2
20		0.5		299.534		19.9819		55.25
20		0.5		299.807		19.9818		55.3
20		0.5		300.081		19.9818		55.35
20		0.5		300.354		19.9818		55.4
20		0.5		300.628		19.9818		55.45
20		0.5		300.901		19.9818		55.5
20		0.5		301.175		19.9818		55.55
20		0.5		301.448		19.9818		55.6
20		0.5		301.722		19.9818		55.65
20		0.5		301.995		19.9818		55.7
20		0.5		302.269		19.9818		55.75
20		0.5		302.542		19.9818		55.8
20		0.5		302.816		19.9818		55.85
20		0.5		303.089		19.9818		55.9
20		0.5		303.363		19.9817		55.95
20		0.5		303.636		19.9817		56
20		0.5		303.91		19.9817		56.05
20		0.5		304.183		19.9817		56.1
20		0.5		304.457		19.9817		56.15
20		0.5		304.73		19.9817		56.2
20		0.5		305.004		19.9817		56.25
20		0.5		305.277		19.9817		56.3
20		0.5		305.551		19.9817		56.35
20		0.5		305.824		19.9817		56.4
20		0.5		306.098		19.9817		56.45
20		0.5		306.371		19.9817		56.5
20		0.5		306.645		19.9817		56.55
20		0.5		306.918		19.9816		56.6
20		0.5		307.192		19.9816		56.65
20		0.5		307.465		19.9816		56.7
20		0.5		307.739		19.9816		56.75
20		0.5		308.012		19.9816		56.8
20		0.5		308.286		19.9816		56.85
20		0.5		308.559		19.9816		56.9
20		0.5		308.833		19.9816		56.95
20		0.5		309.106		19.9816		57
20		0.5		309.38		19.9816		57.05
20		0.5		309.653		19.9816		57.1
20		0.5		309.927		19.9816		57.15
20		0.5		310.2		19.9816		57.2
20		0.5		310.474		19.9816		57.25
20		0.5		310.747		19.9816		57.3
20		0.5		311.021		19.9815		57.35
20		0.5		311.294		19.9815		57.4
20		0.5		311.568		19.9815		57.45
20		0.5		311.841		19.9815		57.5
20		0.5		312.115		19.9815		57.55
20		0.5		312.388		19.9815		57.6
20		0.5		312.662		19.9815		57.65
20		0.5		312.935		19.9815		57.7
20		0.5		313.209		19.9815		57.75
20		0.5		313.482		19.9815		57.8
20		0.5		313.756		19.9815		57.85
20		0.5		314.029		19.9815		57.9
20		0.5		314.303		19.9815		57.95
20		0.5		314.576		19.9815		58
20		0.5		314.85		19.9815		58.05
20		0.5		315.123		19.9815		58.1
20		0.5		315.397		19.9814		58.15
20		0.5		315.671		19.9814		58.2
20		0.5		315.944		19.9814		58.25
20		0.5		316.218		19.9814		58.3
20		0.5		316.491		19.9814		58.35
20		0.5		316.765		19.9814		58.4
20		0.5		317.038		19.9814		58.45
20		0.5		317.312		19.9814		58.5
20		0.5		317.585		19.9814		58.55
20		0.5		317.859		19.9814		58.6
20		0.5		318.132		19.9814		58.65
20		0.5		318.406		19.9814		58.7
20		0.5		318.679		19.9814		58.75
20		0.5		318.953		19.9814		58.8
20		0.5		319.226		19.9814		58.85
20		0.5		319.5		19.9814		58.9
20		0.5		319.773		19.9814		58.95
20		0.5		320.047		19.9814		59
20		0.5		320.32		19.9813		59.05
20		0.5		320.594		19.9813		59.1
20		0.5		320.867		19.9813		59.15
20		0.5		321.141		19.9813		59.2
20		0.5		321.414		19.9813		59.25
20		0.5		321.688		19.9813		59.3
20		0.5		321.961		19.9813		59.35
20		0.5		322.235		19.9813		59.4
20		0.5		322.508		19.9813		59.45
20		0.5		322.782		19.9813		59.5
20		0.5		323.055		19.9813		59.55
20		0.5		323.329		19.9813		59.6
20		0.5		323.602		19.9813		59.65
20		0.5		323.876		19.9813		59.7
20		0.5		324.149		19.9813		59.75
20		0.5		324.423		19.9813		59.8
20		0.5		324.696		19.9813		59.85
20		0.5		324.97		19.9813		59.9
20		0.5		325.243		19.9813		59.95
20		0.5		325.517		19.9813		60
20		0.5		325.79		19.9813		60.05
20		0.5		326.064		19.9812		60.1
20		0.5		326.337		19.9812		60.15
20		0.5		326.611		19.9812		60.2
20		0.5		326.884		19.9812		60.25
20		0.5		327.158		19.9812		60.3
20		0.5		327.431		19.9812		60.35
20		0.5		327.705		19.9812		60.4
20		0.5		327.978		19.9812		60.45
20		0.5		328.252		19.9812		60.5
20		0.5		328.525		19.9812		60.55
20		0.5		328.799		19.9812		60.6
20		0.5		329.072		19.9812		60.65
20		0.5		329.346		19.9812		60.7
20		0.5		329.619		19.9812		60.75
20		0.5		329.893		19.9812		60.8
20		0.5		330.166		19.9812		60.85
20		0.5		330.44		19.9812		60.9
20		0.5		330.713		19.9812		60.95
20		0.5		330.987		19.9812		61
20		0.5		331.26		19.9812		61.05
20		0.5		331.534		19.9812		61.1
20		0.5		331.807		19.9812		61.15
20		0.5		332.081		19.9812		61.2
20		0.5		332.354		19.9812		61.25
20		0.5		332.628		19.9812		61.3
20		0.5		332.901		19.9812		61.35
20		0.5		333.175		19.9812		61.4
20		0.5		333.448		19.9811		61.45
20		0.5		333.722		19.9811		61.5
20		0.5		333.995		19.9811		61.55
20		0.5		334.269		19.9811		61.6
20		0.5		334.542		19.9811		61.65
20		0.5		334.816		19.9811		61.7
20		0.5		335.089		19.9811		61.75
20		0.5		335.363		19.9811		61.8
20		0.5		335.636		19.9811		61.85
20		0.5		335.91		19.9811		61.9
20		0.5		336.183		19.9811		61.95
20		0.5		336.457		19.9811		62
20		0.5		336.73		19.9811		62.05
20		0.5		337.004		19.9811		62.1
20		0.5		337.277		19.9811		62.15
20		0.5		337.551		19.9811		62.2
20		0.5		337.824		19.9811		62.25
20		0.5		338.098		19.9811		62.3
20		0.5		338.371		19.9811		62.35
20		0.5		338.645		19.9811		62.4
20		0.5		338.918		19.9811		62.45
20		0.5		339.192		19.9811		62.5
20		0.5		339.465		19.9811		62.55
20		0.5		339.739		19.9811		62.6
20		0.5		340.012		19.9811		62.65
20		0.5		340.286		19.9811		62.7
20		0.5		340.559		19.9811		62.75
20		0.5		340.833		19.9811		62.8
20		0.5		341.106		19.9811		62.85
20		0.5		341.38		19.9811		62.9
20		0.5		341.653		19.9811		62.95
20		0.5		341.927		19.9811		63
20		0.5		342.2		19.9811		63.05
20		0.5		342.474		19.9811		63.1
20		0.5		342.747		19.9811		63.15
20		0.5		343.021		19.9811		63.2
20		0.5		343.294		19.9811		63.25
20		0.5		343.568		19.9811		63.3
20		0.5		343.841		19.9811		63.35
20		0.5		344.115		19.9811		63.4
20		0.5		344.388		19.9811		63.45
20		0.5		344.662		19.9811		63.5
20		0.5		344.935		19.9811		63.55
20		0.5		345.209		19.9811		63.6
20		0.5		345.482		19.9811		63.65
20		0.5		345.756		19.9811		63.7
20		0.5		346.029		19.981		63.75
20		0.5		346.303		19.981		63.8
20		0.5		346.576		19.981		63.85
20		0.5		346.85		19.981		63.9
20		0.5		347.124		19.981		63.95
20		0.5		347.397		19.981		64
20		0.5		347.671		19.981		64.05
20		0.5		347.944		19.981		64.1
20		0.5		348.218		19.981		64.15
20		0.5		348.491		19.981		64.2
20		0.5		348.765		19.981		64.25
20		0.5		349.038		19.981		64.3
20		0.5		349.312		19.981		64.35
20		0.5		349.585		19.981		64.4
20		0.5		349.859		19.981		64.45
20		0.5		350.132		19.981		64.5
20		0.5		350.406		19.981		64.55
20		0.5		350.679		19.981		64.6
20		0.5		350.953		19.981		64.65
20		0.5		351.226		19.981		64.7
20		0.5		351.5		19.981		64.75
20		0.5		351.773		19.981		64.8
20		0.5		352.047		19.981		64.85
20		0.5		352.32		19.981		64.9
20		0.5		352.594		19.981		64.95
20		0.5		352.867		19.981		65
20		0.5		353.141		19.981		65.05
20		0.5		353.414		19.981		65.1
20		0.5		353.688		19.981		65.15
20		0.5		353.961		19.981		65.2
20		0.5		354.235		19.981		65.25
20		0.5		354.508		19.981		65.3
20		0.5		354.782		19.981		65.35
20		0.5		355.055		19.981		65.4
20		0.5		355.329		19.981		65.45
20		0.5		355.602		19.981		65.5
20		0.5		355.876		19.981		65.55
20		0.5		356.149		19.981		65.6
20		0.5		356.423		19.981		65.65
20		0.5		356.696		19.981		65.7
20		0.5		356.97		19.981		65.75
20		0.5		357.243		19.981		65.8
20		0.5		357.517		19.981		65.85
20		0.5		357.79		19.981		65.9
20		0.5		358.064		19.981		65.95
20		0.5		358.337		19.981		66
20		0.5		358.611		19.981		66.05
20		0.5		358.884		19.981		66.1
20		0.5		359.158		19.981		66.15
20		0.5		359.431		19.981		66.2
20		0.5		359.705		19.981		66.25
20		0.5		359.978		19.981		66.3
20		0.5		360.252		19.981		66.35
20		0.5		360.525		19.981		66.4
20		0.5		360.799		19.981		66.45
20		0.5		361.072		19.981		66.5
20		0.5		361.346		19.981		66.55
20		0.5		361.619		19.9811		66.6
20		0.5		361.893		19.9811		66.65
20		0.5		362.166		19.9811		66.7
20		0.5		362.44		19.9811		66.75
20		0.5		362.713		19.9811		66.8
20		0.5		362.987		19.9811		66.85
20		0.5		363.26		19.9811		66.9
20		0.5		363.534		19.9811		66.95
20		0.5		363.807		19.9811		67
20		0.5		364.081		19.9811		67.05
20		0.5		364.354		19.9811		67.1
20		0.5		364.628		19.9811		67.15
20		0.5		364.901		19.9811		67.2
20		0.5		365.175		19.9811		67.25
20		0.5		365.448		19.9811		67.3
20		0.5		365.722		19.9811		67.35
20		0.5		365.995		19.9811		67.4
20		0.5		366.269		19.9811		67.45
20		0.5		366.542		19.9811		67.5
20		0.5		366.816		19.9811		67.55
20		0.5		367.089		19.9811		67.6
20		0.5		367.363		19.9811		67.65
20		0.5		367.636		19.9811		67.7
20		0.5		367.91		19.9811		67.75
20		0.5		368.183		19.9811		67.8
20		0.5		368.457		19.9811		67.85
20		0.5		368.73		19.9811		67.9
20		0.5		369.004		19.9811		67.95
20		0.5		369.277		19.9811		68
20		0.5		369.551		19.9811		68.05
20		0.5		369.824		19.9811		68.1
20		0.5		370.098		19.9811		68.15
20		0.5		370.371		19.9811		68.2
20		0.5		370.645		19.9811		68.25
20		0.5		370.918		19.9811		68.3
20		0.5		371.192		19.9811		68.35
20		0.5		371.465		19.9811		68.4
20		0.5		371.739		19.9811		68.45
20		0.5		372.012		19.9811		68.5
20		0.5		372.286		19.9811		68.55
20		0.5		372.559		19.9811		68.6
20		0.5		372.833		19.9811		68.65
20		0.5		373.106		19.9811		68.7
20		0.5		373.38		19.9811		68.75
20		0.5		373.653		19.9811		68.8
20		0.5		373.927		19.9811		68.85
20		0.5		374.2		19.9812		68.9
20		0.5		374.474		19.9812		68.95
20		0.5		374.747		19.9812		69
20		0.5		375.021		19.9812		69.05
20		0.5		375.294		19.9812		69.1
20		0.5		375.568		19.9812		69.15
20		0.5		375.841		19.9812		69.2
20		0.5		376.115		19.9812		69.25
20		0.5		376.388		19.9812		69.3
20		0.5		376.662		19.9812		69.35
20		0.5		376.935		19.9812		69.4
20		0.5		377.209		19.9812		69.45
20		0.5		377.482		19.9812		69.5
20		0.5		377.756		19.9812		69.55
20		0.5		378.029		19.9812		69.6
20		0.5		378.303		19.9812		69.65
20		0.5		378.576		19.9812		69.7
20		0.5		378.85		19.9812		69.75
20		0.5		379.123		19.9812		69.8
20		0.5		379.397		19.9812		69.85
20		0.5		379.67		19.9812		69.9
20		0.5		379.944		19.9812		69.95
20		0.5		380.217		19.9812		70
20		0.5		380.491		19.9812		70.05
20		0.5		380.764		19.9812		70.1
20		0.5		381.038		19.9812		70.15
20		0.5		381.311		19.9812		70.2
20		0.5		381.585		19.9813		70.25
20		0.5		381.858		19.9813		70.3
20		0.5		382.132		19.9813		70.35
20		0.5		382.405		19.9813		70.4
20		0.5		382.679		19.9813		70.45
20		0.5		382.953		19.9813		70.5
20		0.5		383.226		19.9813		70.55
20		0.5		383.5		19.9813		70.6
20		0.5		383.773		19.9813		70.65
20		0.5		384.047		19.9813		70.7
20		0.5		384.32		19.9813		70.75
20		0.5		384.594		19.9813		70.8
20		0.5		384.867		19.9813		70.85
20		0.5		385.141		19.9813		70.9
20		0.5		385.414		19.9813		70.95
20		0.5		385.688		19.9813		71
20		0.5		385.961		19.9813		71.05
20		0.5		386.235		19.9813		71.1
20		0.5		386.508		19.9813		71.15
20		0.5		386.782		19.9813		71.2
20		0.5		387.055		19.9813		71.25
20		0.5		387.329		19.9814		71.3
20		0.5		387.602		19.9814		71.35
20		0.5		387.876		19.9814		71.4
20		0.5		388.149		19.9814		71.45
20		0.5		388.423		19.9814		71.5
20		0.5		388.696		19.9814		71.55
20		0.5		388.97		19.9814		71.6
20		0.5		389.243		19.9814		71.65
20		0.5		389.517		19.9814		71.7
20		0.5		389.79		19.9814		71.75
20		0.5		390.064		19.9814		71.8
20		0.5		390.337		19.9814		71.85
20		0.5		390.611		19.9814		71.9
20		0.5		390.884		19.9814		71.95
20		0.5		391.158		19.9814		72
20		0.5		391.431		19.9814		72.05
20		0.5		391.705		19.9814		72.1
20		0.5		391.978		19.9814		72.15
20		0.5		392.252		19.9815		72.2
20		0.5		392.525		19.9815		72.25
20		0.5		392.799		19.9815		72.3
20		0.5		393.072		19.9815		72.35
20		0.5		393.346		19.9815		72.4
20		0.5		393.619		19.9815		72.45
20		0.5		393.893		19.9815		72.5
20		0.5		394.166		19.9815		72.55
20		0.5		394.44		19.9815		72.6
20		0.5		394.713		19.9815		72.65
20		0.5		394.987		19.9815		72.7
20		0.5		395.26		19.9815		72.75
20		0.5		395.534		19.9815		72.8
20		0.5		395.807		19.9815		72.85
20		0.5		396.081		19.9815		72.9
20		0.5		396.354		19.9816		72.95
20		0.5		396.628		19.9816		73
20		0.5		396.901		19.9816		73.05
20		0.5		397.175		19.9816		73.1
20		0.5		397.448		19.9816		73.15
20		0.5		397.722		19.9816		73.2
20		0.5		397.995		19.9816		73.25
20		0.5		398.269		19.9816		73.3
20		0.5		398.542		19.9816		73.35
20		0.5		398.816		19.9816		73.4
20		0.5		399.089		19.9816		73.45
20		0.5		399.363		19.9816		73.5
20		0.5		399.636		19.9816		73.55
20		0.5		399.91		19.9816		73.6
20		0.5		400.183		19.9816		73.65
20		0.5		400.457		19.9817		73.7
20		0.5		400.73		19.9817		73.75
20		0.5		401.004		19.9817		73.8
20		0.5		401.277		19.9817		73.85
20		0.5		401.551		19.9817		73.9
20		0.5		401.824		19.9817		73.95
20		0.5		402.098		19.9817		74
20		0.5		402.371		19.9817		74.05
20		0.5		402.645		19.9817		74.1
20		0.5		402.918		19.9817		74.15
20		0.5		403.192		19.9817		74.2
20		0.5		403.465		19.9817		74.25
20		0.5		403.739		19.9817		74.3
20		0.5		404.012		19.9818		74.35
20		0.5		404.286		19.9818		74.4
20		0.5		404.559		19.9818		74.45
20		0.5		404.833		19.9818		74.5
20		0.5		405.106		19.9818		74.55
20		0.5		405.38		19.9818		74.6
20		0.5		405.653		19.9818		74.65
20		0.5		405.927		19.9818		74.7
20		0.5		406.2		19.9818		74.75
20		0.5		406.474		19.9818		74.8
20		0.5		406.747		19.9818		74.85
20		0.5		407.021		19.9818		74.9
20		0.5		407.294		19.9819		74.95
20		0.5		407.568		19.9819		75
20		0.5		407.842		19.9819		75.05
20		0.5		408.115		19.9819		75.1
20		0.5		408.389		19.9819		75.15
20		0.5		408.662		19.9819		75.2
20		0.5		408.936		19.9819		75.25
20		0.5		409.209		19.9819		75.3
20		0.5		409.483		19.9819		75.35
20		0.5		409.756		19.9819		75.4
20		0.5		410.03		19.9819		75.45
20		0.5		410.303		19.9819		75.5
20		0.5		410.577		19.982		75.55
20		0.5		410.85		19.982		75.6
20		0.5		411.124		19.982		75.65
20		0.5		411.397		19.982		75.7
20		0.5		411.671		19.982		75.75
20		0.5		411.944		19.982		75.8
20		0.5		412.218		19.982		75.85
20		0.5		412.491		19.982		75.9
20		0.5		412.765		19.982		75.95
20		0.5		413.038		19.982		76
20		0.5		413.312		19.9821		76.05
20		0.5		413.585		19.9821		76.1
20		0.5		413.859		19.9821		76.15
20		0.5		414.132		19.9821		76.2
20		0.5		414.406		19.9821		76.25
20		0.5		414.679		19.9821		76.3
20		0.5		414.953		19.9821		76.35
20		0.5		415.226		19.9821		76.4
20		0.5		415.5		19.9821		76.45
20		0.5		415.773		19.9821		76.5
20		0.5		416.047		19.9821		76.55
20		0.5		416.32		19.9822		76.6
20		0.5		416.594		19.9822		76.65
20		0.5		416.867		19.9822		76.7
20		0.5		417.141		19.9822		76.75
20		0.5		417.414		19.9822		76.8
20		0.5		417.688		19.9822		76.85
20		0.5		417.961		19.9822		76.9
20		0.5		418.235		19.9822		76.95
20		0.5		418.508		19.9822		77
20		0.5		418.782		19.9822		77.05
20		0.5		419.055		19.9823		77.1
20		0.5		419.329		19.9823		77.15
20		0.5		419.602		19.9823		77.2
20		0.5		419.876		19.9823		77.25
20		0.5		420.149		19.9823		77.3
20		0.5		420.423		19.9823		77.35
20		0.5		420.696		19.9823		77.4
20		0.5		420.97		19.9823		77.45
20		0.5		421.243		19.9823		77.5
20		0.5		421.517		19.9824		77.55
20		0.5		421.79		19.9824		77.6
20		0.5		422.064		19.9824		77.65
20		0.5		422.337		19.9824		77.7
20		0.5		422.611		19.9824		77.75
20		0.5		422.884		19.9824		77.8
20		0.5		423.158		19.9824		77.85
20		0.5		423.431		19.9824		77.9
20		0.5		423.705		19.9824		77.95
20		0.5		423.978		19.9824		78
20		0.5		424.252		19.9825		78.05
20		0.5		424.525		19.9825		78.1
20		0.5		424.799		19.9825		78.15
20		0.5		425.073		19.9825		78.2
20		0.5		425.346		19.9825		78.25
20		0.5		425.62		19.9825		78.3
20		0.5		425.893		19.9825		78.35
20		0.5		426.167		19.9825		78.4
20		0.5		426.44		19.9826		78.45
20		0.5		426.714		19.9826		78.5
20		0.5		426.987		19.9826		78.55
20		0.5		427.261		19.9826		78.6
20		0.5		427.534		19.9826		78.65
20		0.5		427.808		19.9826		78.7
20		0.5		428.081		19.9826		78.75
20		0.5		428.355		19.9826		78.8
20		0.5		428.628		19.9826		78.85
20		0.5		428.902		19.9827		78.9
20		0.5		429.175		19.9827		78.95
20		0.5		429.449		19.9827		79
20		0.5		429.722		19.9827		79.05
20		0.5		429.996		19.9827		79.1
20		0.5		430.269		19.9827		79.15
20		0.5		430.543		19.9827		79.2
20		0.5		430.816		19.9827		79.25
20		0.5		431.09		19.9828		79.3
20		0.5		431.363		19.9828		79.35
20		0.5		431.637		19.9828		79.4
20		0.5		431.91		19.9828		79.45
20		0.5		432.184		19.9828		79.5
20		0.5		432.457		19.9828		79.55
20		0.5		432.731		19.9828		79.6
20		0.5		433.004		19.9828		79.65
20		0.5		433.278		19.9829		79.7
20		0.5		433.551		19.9829		79.75
20		0.5		433.825		19.9829		79.8
20		0.5		434.098		19.9829		79.85
20		0.5		434.372		19.9829		79.9
20		0.5		434.645		19.9829		79.95
20		0.5		434.919		19.9829		80
20		0.5		435.192		19.9829		80.05
20		0.5		435.466		19.983		80.1
20		0.5		435.739		19.983		80.15
20		0.5		436.013		19.983		80.2
20		0.5		436.286		19.983		80.25
20		0.5		436.56		19.983		80.3
20		0.5		436.833		19.983		80.35
20		0.5		437.107		19.983		80.4
20		0.5		437.38		19.983		80.45
20		0.5		437.654		19.9831		80.5
20		0.5		437.927		19.9831		80.55
20		0.5		438.201		19.9831		80.6
20		0.5		438.475		19.9831		80.65
20		0.5		438.748		19.9831		80.7
20		0.5		439.022		19.9831		80.75
20		0.5		439.295		19.9831		80.8
20		0.5		439.569		19.9832		80.85
20		0.5		439.842		19.9832		80.9
20		0.5		440.116		19.9832		80.95
20		0.5		440.389		19.9832		81
20		0.5		440.663		19.9832		81.05
20		0.5		440.936		19.9832		81.1
20		0.5		441.21		19.9832		81.15
20		0.5		441.483		19.9832		81.2
20		0.5		441.757		19.9833		81.25
20		0.5		442.03		19.9833		81.3
20		0.5		442.304		19.9833		81.35
20		0.5		442.577		19.9833		81.4
20		0.5		442.851		19.9833		81.45
20		0.5		443.124		19.9833		81.5
20		0.5		443.398		19.9833		81.55
20		0.5		443.671		19.9834		81.6
20		0.5		443.945		19.9834		81.65
20		0.5		444.218		19.9834		81.7
20		0.5		444.492		19.9834		81.75
20		0.5		444.765		19.9834		81.8
20		0.5		445.039		19.9834		81.85
20		0.5		445.312		19.9834		81.9
20		0.5		445.586		19.9835		81.95
20		0.5		445.859		19.9835		82
20		0.5		446.133		19.9835		82.05
20		0.5		446.406		19.9835		82.1
20		0.5		446.68		19.9835		82.15
20		0.5		446.953		19.9835		82.2
20		0.5		447.227		19.9836		82.25
20		0.5		447.5		19.9836		82.3
20		0.5		447.774		19.9836		82.35
20		0.5		448.047		19.9836		82.4
20		0.5		448.321		19.9836		82.45
20		0.5		448.594		19.9836		82.5
20		0.5		448.868		19.9836		82.55
20		0.5		449.141		19.9837		82.6
20		0.5		449.415		19.9837		82.65
20		0.5		449.689		19.9837		82.7
20		0.5		449.962		19.9837		82.75
20		0.5		450.236		19.9837		82.8
20		0.5		450.509		19.9837		82.85
20		0.5		450.783		19.9837		82.9
20		0.5		451.056		19.9838		82.95
20		0.5		451.33		19.9838		83
20		0.5		451.603		19.9838		83.05
20		0.5		451.877		19.9838		83.1
20		0.5		452.15		19.9838		83.15
20		0.5		452.424		19.9838		83.2
20		0.5		452.697		19.9839		83.25
20		0.5		452.971		19.9839		83.3
20		0.5		453.244		19.9839		83.35
20		0.5		453.518		19.9839		83.4
20		0.5		453.791		19.9839		83.45
20		0.5		454.065		19.9839		83.5
20		0.5		454.338		19.984		83.55
20		0.5		454.612		19.984		83.6
20		0.5		454.885		19.984		83.65
20		0.5		455.159		19.984		83.7
20		0.5		455.432		19.984		83.75
20		0.5		455.706		19.984		83.8
20		0.5		455.979		19.984		83.85
20		0.5		456.253		19.9841		83.9
20		0.5		456.526		19.9841		83.95
20		0.5		456.8		19.9841		84
20		0.5		457.073		19.9841		84.05
20		0.5		457.347		19.9841		84.1
20		0.5		457.62		19.9841		84.15
20		0.5		457.894		19.9842		84.2
20		0.5		458.167		19.9842		84.25
20		0.5		458.441		19.9842		84.3
20		0.5		458.715		19.9842		84.35
20		0.5		458.988		19.9842		84.4
20		0.5		459.262		19.9842		84.45
20		0.5		459.535		19.9843		84.5
20		0.5		459.809		19.9843		84.55
20		0.5		460.082		19.9843		84.6
20		0.5		460.356		19.9843		84.65
20		0.5		460.629		19.9843		84.7
20		0.5		460.903		19.9843		84.75
20		0.5		461.176		19.9844		84.8
20		0.5		461.45		19.9844		84.85
20		0.5		461.723		19.9844		84.9
20		0.5		461.997		19.9844		84.95
20		0.5		462.27		19.9844		85
20		0.5		462.544		19.9845		85.05
20		0.5		462.817		19.9845		85.1
20		0.5		463.091		19.9845		85.15
20		0.5		463.364		19.9845		85.2
20		0.5		463.638		19.9845		85.25
20		0.5		463.911		19.9845		85.3
20		0.5		464.185		19.9846		85.35
20		0.5		464.458		19.9846		85.4
20		0.5		464.732		19.9846		85.45
20		0.5		465.005		19.9846		85.5
20		0.5		465.279		19.9846		85.55
20		0.5		465.552		19.9846		85.6
20		0.5		465.826		19.9847		85.65
20		0.5		466.099		19.9847		85.7
20		0.5		466.373		19.9847		85.75
20		0.5		466.646		19.9847		85.8
20		0.5		466.92		19.9847		85.85
20		0.5		467.194		19.9848		85.9
20		0.5		467.467		19.9848		85.95
20		0.5		467.741		19.9848		86
20		0.5		468.014		19.9848		86.05
20		0.5		468.288		19.9848		86.1
20		0.5		468.561		19.9848		86.15
20		0.5		468.835		19.9849		86.2
20		0.5		469.108		19.9849		86.25
20		0.5		469.382		19.9849		86.3
20		0.5		469.655		19.9849		86.35
20		0.5		469.929		19.9849		86.4
20		0.5		470.202		19.985		86.45
20		0.5		470.476		19.985		86.5
20		0.5		470.749		19.985		86.55
20		0.5		471.023		19.985		86.6
20		0.5		471.296		19.985		86.65
20		0.5		471.57		19.985		86.7
20		0.5		471.843		19.9851		86.75
20		0.5		472.117		19.9851		86.8
20		0.5		472.39		19.9851		86.85
20		0.5		472.664		19.9851		86.9
20		0.5		472.937		19.9851		86.95
20		0.5		473.211		19.9852		87
20		0.5		473.484		19.9852		87.05
20		0.5		473.758		19.9852		87.1
20		0.5		474.032		19.9852		87.15
20		0.5		474.305		19.9852		87.2
20		0.5		474.579		19.9853		87.25
20		0.5		474.852		19.9853		87.3
20		0.5		475.126		19.9853		87.35
20		0.5		475.399		19.9853		87.4
20		0.5		475.673		19.9853		87.45
20		0.5		475.946		19.9853		87.5
20		0.5		476.22		19.9854		87.55
20		0.5		476.493		19.9854		87.6
20		0.5		476.767		19.9854		87.65
20		0.5		477.04		19.9854		87.7
20		0.5		477.314		19.9854		87.75
20		0.5		477.587		19.9855		87.8
20		0.5		477.861		19.9855		87.85
20		0.5		478.134		19.9855		87.9
20		0.5		478.408		19.9855		87.95
20		0.5		478.681		19.9855		88
20		0.5		478.955		19.9856		88.05
20		0.5		479.228		19.9856		88.1
20		0.5		479.502		19.9856		88.15
20		0.5		479.775		19.9856		88.2
20		0.5		480.049		19.9856		88.25
20		0.5		480.322		19.9857		88.3
20		0.5		480.596		19.9857		88.35
20		0.5		480.87		19.9857		88.4
20		0.5		481.143		19.9857		88.45
20		0.5		481.417		19.9857		88.5
20		0.5		481.69		19.9858		88.55
20		0.5		481.964		19.9858		88.6
20		0.5		482.237		19.9858		88.65
20		0.5		482.511		19.9858		88.7
20		0.5		482.784		19.9858		88.75
20		0.5		483.058		19.9859		88.8
20		0.5		483.331		19.9859		88.85
20		0.5		483.605		19.9859		88.9
20		0.5		483.878		19.9859		88.95
20		0.5		484.152		19.9859		89
20		0.5		484.425		19.986		89.05
20		0.5		484.699		19.986		89.1
20		0.5		484.972		19.986		89.15
20		0.5		485.246		19.986		89.2
20		0.5		485.519		19.9861		89.25
20		0.5		485.793		19.9861		89.3
20		0.5		486.066		19.9861		89.35
20		0.5		486.34		19.9861		89.4
20		0.5		486.613		19.9861		89.45
20		0.5		486.887		19.9862		89.5
20		0.5		487.161		19.9862		89.55
20		0.5		487.434		19.9862		89.6
20		0.5		487.708		19.9862		89.65
20		0.5		487.981		19.9862		89.7
20		0.5		488.255		19.9863		89.75
20		0.5		488.528		19.9863		89.8
20		0.5		488.802		19.9863		89.85
20		0.5		489.075		19.9863		89.9
20		0.5		489.349		19.9863		89.95
20		0.5		489.622		19.9864		90
20		0.5		489.896		19.9864		90.05
20		0.5		490.169		19.9864		90.1
20		0.5		490.443		19.9864		90.15
20		0.5		490.716		19.9865		90.2
20		0.5		490.99		19.9865		90.25
20		0.5		491.263		19.9865		90.3
20		0.5		491.537		19.9865		90.35
20		0.5		491.81		19.9865		90.4
20		0.5		492.084		19.9866		90.45
20		0.5		492.357		19.9866		90.5
20		0.5		492.631		19.9866		90.55
20		0.5		492.905		19.9866		90.6
20		0.5		493.178		19.9867		90.65
20		0.5		493.452		19.9867		90.7
20		0.5		493.725		19.9867		90.75
20		0.5		493.999		19.9867		90.8
20		0.5		494.272		19.9867		90.85
20		0.5		494.546		19.9868		90.9
20		0.5		494.819		19.9868		90.95
20		0.5		495.093		19.9868		91
20		0.5		495.366		19.9868		91.05
20		0.5		495.64		19.9869		91.1
20		0.5		495.913		19.9869		91.15
20		0.5		496.187		19.9869		91.2
20		0.5		496.46		19.9869		91.25
20		0.5		496.734		19.9869		91.3
20		0.5		497.007		19.987		91.35
20		0.5		497.281		19.987		91.4
20		0.5		497.554		19.987		91.45
20		0.5		497.828		19.987		91.5
20		0.5		498.102		19.9871		91.55
20		0.5		498.375		19.9871		91.6
20		0.5		498.649		19.9871		91.65
20		0.5		498.922		19.9871		91.7
20		0.5		499.196		19.9872		91.75
20		0.5		499.469		19.9872		91.8
20		0.5		499.743		19.9872		91.85
20		0.5		500.016		19.9872		91.9
20		0.5		500.29		19.9872		91.95
20		0.5		500.563		19.9873		92
20		0.5		500.837		19.9873		92.05
20		0.5		501.11		19.9873		92.1
20		0.5		501.384		19.9873		92.15
20		0.5		501.657		19.9874		92.2
20		0.5		501.931		19.9874		92.25
20		0.5		502.204		19.9874		92.3
20		0.5		502.478		19.9874		92.35
20		0.5		502.752		19.9875		92.4
20		0.5		503.025		19.9875		92.45
20		0.5		503.299		19.9875		92.5
20		0.5		503.572		19.9875		92.55
20		0.5		503.846		19.9875		92.6
20		0.5		504.119		19.9876		92.65
20		0.5		504.393		19.9876		92.7
20		0.5		504.666		19.9876		92.75
20		0.5		504.94		19.9876		92.8
20		0.5		505.213		19.9877		92.85
20		0.5		505.487		19.9877		92.9
20		0.5		505.76		19.9877		92.95
20		0.5		506.034		19.9877		93
20		0.5		506.307		19.9878		93.05
20		0.5		506.581		19.9878		93.1
20		0.5		506.854		19.9878		93.15
20		0.5		507.128		19.9878		93.2
20		0.5		507.402		19.9879		93.25
20		0.5		507.675		19.9879		93.3
20		0.5		507.949		19.9879		93.35
20		0.5		508.222		19.9879		93.4
20		0.5		508.496		19.988		93.45
20		0.5		508.769		19.988		93.5
20		0.5		509.043		19.988		93.55
20		0.5		509.316		19.988		93.6
20		0.5		509.59		19.9881		93.65
20		0.5		509.863		19.9881		93.7
20		0.5		510.137		19.9881		93.75
20		0.5		510.41		19.9881		93.8
20		0.5		510.684		19.9882		93.85
20		0.5		510.957		19.9882		93.9
20		0.5		511.231		19.9882		93.95
20		0.5		511.504		19.9882		94
20		0.5		511.778		19.9883		94.05
20		0.5		512.052		19.9883		94.1
20		0.5		512.325		19.9883		94.15
20		0.5		512.599		19.9883		94.2
20		0.5		512.872		19.9884		94.25
20		0.5		513.146		19.9884		94.3
20		0.5		513.419		19.9884		94.35
20		0.5		513.693		19.9884		94.4
20		0.5		513.966		19.9885		94.45
20		0.5		514.24		19.9885		94.5
20		0.5		514.513		19.9885		94.55
20		0.5		514.787		19.9885		94.6
20		0.5		515.06		19.9886		94.65
20		0.5		515.334		19.9886		94.7
20		0.5		515.607		19.9886		94.75
20		0.5		515.881		19.9886		94.8
20		0.5		516.155		19.9887		94.85
20		0.5		516.428		19.9887		94.9
20		0.5		516.702		19.9887		94.95
20		0.5		516.975		19.9887		95
20		0.5		517.249		19.9888		95.05
20		0.5		517.522		19.9888		95.1
20		0.5		517.796		19.9888		95.15
20		0.5		518.069		19.9888		95.2
20		0.5		518.343		19.9889		95.25
20		0.5		518.616		19.9889		95.3
20		0.5		518.89		19.9889		95.35
20		0.5		519.163		19.9889		95.4
20		0.5		519.437		19.989		95.45
20		0.5		519.71		19.989		95.5
20		0.5		519.984		19.989		95.55
20		0.5		520.258		19.989		95.6
20		0.5		520.531		19.9891		95.65
20		0.5		520.805		19.9891		95.7
20		0.5		521.078		19.9891		95.75
20		0.5		521.352		19.9892		95.8
20		0.5		521.625		19.9892		95.85
20		0.5		521.899		19.9892		95.9
20		0.5		522.172		19.9892		95.95
20		0.5		522.446		19.9893		96
20		0.5		522.719		19.9893		96.05
20		0.5		522.993		19.9893		96.1
20		0.5		523.266		19.9893		96.15
20		0.5		523.54		19.9894		96.2
20		0.5		523.813		19.9894		96.25
20		0.5		524.087		19.9894		96.3
20		0.5		524.361		19.9894		96.35
20		0.5		524.634		19.9895		96.4
20		0.5		524.908		19.9895		96.45
20		0.5		525.181		19.9895		96.5
20		0.5		525.455		19.9896		96.55
20		0.5		525.728		19.9896		96.6
20		0.5		526.002		19.9896		96.65
20		0.5		526.275		19.9896		96.7
20		0.5		526.549		19.9897		96.75
20		0.5		526.822		19.9897		96.8
20		0.5		527.096		19.9897		96.85
20		0.5		527.369		19.9897		96.9
20		0.5		527.643		19.9898		96.95
20		0.5		527.917		19.9898		97
20		0.5		528.19		19.9898		97.05
20		0.5		528.464		19.9899		97.1
20		0.5		528.737		19.9899		97.15
20		0.5		529.011		19.9899		97.2
20		0.5		529.284		19.9899		97.25
20		0.5		529.558		19.99		97.3
20		0.5		529.831		19.99		97.35
20		0.5		530.105		19.99		97.4
20		0.5		530.378		19.99		97.45
20		0.5		530.652		19.9901		97.5
20		0.5		530.925		19.9901		97.55
20		0.5		531.199		19.9901		97.6
20		0.5		531.473		19.9902		97.65
20		0.5		531.746		19.9902		97.7
20		0.5		532.02		19.9902		97.75
20		0.5		532.293		19.9902		97.8
20		0.5		532.567		19.9903		97.85
20		0.5		532.84		19.9903		97.9
20		0.5		533.114		19.9903		97.95
20		0.5		533.387		19.9904		98
20		0.5		533.661		19.9904		98.05
20		0.5		533.934		19.9904		98.1
20		0.5		534.208		19.9904		98.15
20		0.5		534.481		19.9905		98.2
20		0.5		534.755		19.9905		98.25
20		0.5		535.029		19.9905		98.3
20		0.5		535.302		19.9905		98.35
20		0.5		535.576		19.9906		98.4
20		0.5		535.849		19.9906		98.45
20		0.5		536.123		19.9906		98.5
20		0.5		536.396		19.9907		98.55
20		0.5		536.67		19.9907		98.6
20		0.5		536.943		19.9907		98.65
20		0.5		537.217		19.9907		98.7
20		0.5		537.49		19.9908		98.75
20		0.5		537.764		19.9908		98.8
20		0.5		538.038		19.9908		98.85
20		0.5		538.311		19.9909		98.9
20		0.5		538.585		19.9909		98.95
20		0.5		538.858		19.9909		99
20		0.5		539.132		19.991		99.05
20		0.5		539.405		19.991		99.1
20		0.5		539.679		19.991		99.15
20		0.5		539.952		19.991		99.2
20		0.5		540.226		19.9911		99.25
20		0.5		540.499		19.9911		99.3
20		0.5		540.773		19.9911		99.35
20		0.5		541.046		19.9912		99.4
20		0.5		541.32		19.9912		99.45
20		0.5		541.594		19.9912		99.5
20		0.5		541.867		19.9912		99.55
20		0.5		542.141		19.9913		99.6
20		0.5		542.414		19.9913		99.65
20		0.5		542.688		19.9913		99.7
20		0.5		542.961		19.9914		99.75
20		0.5		543.235		19.9914		99.8
20		0.5		543.508		19.9914		99.85
20		0.5		543.782		19.9914		99.9
20		0.5		544.055		19.9915		99.95
20		0.5		544.329		19.9915		100
20		0.5		544.603		19.9915		100.05
20		0.5		544.876		19.9916		100.1
20		0.5		545.15		19.9916		100.15
20		0.5		545.423		19.9916		100.2
20		0.5		545.697		19.9917		100.25
20		0.5		545.97		19.9917		100.3
20		0.5		546.244		19.9917		100.35
20		0.5		546.517		19.9917		100.4
20		0.5		546.791		19.9918		100.45
20		0.5		547.064		19.9918		100.5
20		0.5		547.338		19.9918		100.55
20		0.5		547.612		19.9919		100.6
20		0.5		547.885		19.9919		100.65
20		0.5		548.159		19.9919		100.7
20		0.5		548.432		19.992		100.75
20		0.5		548.706		19.992		100.8
20		0.5		548.979		19.992		100.85
20		0.5		549.253		19.992		100.9
20		0.5		549.526		19.9921		100.95
20		0.5		549.8		19.9921		101
20		0.5		550.073		19.9921		101.05
20		0.5		550.347		19.9922		101.1
20		0.5		550.621		19.9922		101.15
20		0.5		550.894		19.9922		101.2
20		0.5		551.168		19.9923		101.25
20		0.5		551.441		19.9923		101.3
20		0.5		551.715		19.9923		101.35
20		0.5		551.988		19.9923		101.4
20		0.5		552.262		19.9924		101.45
20		0.5		552.535		19.9924		101.5
20		0.5		552.809		19.9924		101.55
20		0.5		553.082		19.9925		101.6
20		0.5		553.356		19.9925		101.65
20		0.5		553.63		19.9925		101.7
20		0.5		553.903		19.9926		101.75
20		0.5		554.177		19.9926		101.8
20		0.5		554.45		19.9926		101.85
20		0.5		554.724		19.9926		101.9
20		0.5		554.997		19.9927		101.95
20		0.5		555.271		19.9927		102
20		0.5		555.544		19.9927		102.05
20		0.5		555.818		19.9928		102.1
20		0.5		556.092		19.9928		102.15
20		0.5		556.365		19.9928		102.2
20		0.5		556.639		19.9929		102.25
20		0.5		556.912		19.9929		102.3
20		0.5		557.186		19.9929		102.35
20		0.5		557.459		19.993		102.4
20		0.5		557.733		19.993		102.45
20		0.5		558.006		19.993		102.5
20		0.5		558.28		19.9931		102.55
20		0.5		558.553		19.9931		102.6
20		0.5		558.827		19.9931		102.65
20		0.5		559.101		19.9931		102.7
20		0.5		559.374		19.9932		102.75
20		0.5		559.648		19.9932		102.8
20		0.5		559.921		19.9932		102.85
20		0.5		560.195		19.9933		102.9
20		0.5		560.468		19.9933		102.95
20		0.5		560.742		19.9933		103
20		0.5		561.015		19.9934		103.05
20		0.5		561.289		19.9934		103.1
20		0.5		561.563		19.9934		103.15
20		0.5		561.836		19.9935		103.2
20		0.5		562.11		19.9935		103.25
20		0.5		562.383		19.9935		103.3
20		0.5		562.657		19.9936		103.35
20		0.5		562.93		19.9936		103.4
20		0.5		563.204		19.9936		103.45
20		0.5		563.477		19.9936		103.5
20		0.5		563.751		19.9937		103.55
20		0.5		564.025		19.9937		103.6
20		0.5		564.298		19.9937		103.65
20		0.5		564.572		19.9938		103.7
20		0.5		564.845		19.9938		103.75
20		0.5		565.119		19.9938		103.8
20		0.5		565.392		19.9939		103.85
20		0.5		565.666		19.9939		103.9
20		0.5		565.939		19.9939		103.95
20		0.5		566.213		19.994		104
20		0.5		566.487		19.994		104.05
20		0.5		566.76		19.994		104.1
20		0.5		567.034		19.9941		104.15
20		0.5		567.307		19.9941		104.2
20		0.5		567.581		19.9941		104.25
20		0.5		567.854		19.9942		104.3
20		0.5		568.128		19.9942		104.35
20		0.5		568.401		19.9942		104.4
20		0.5		568.675		19.9943		104.45
20		0.5		568.949		19.9943		104.5
20		0.5		569.222		19.9943		104.55
20		0.5		569.496		19.9944		104.6
20		0.5		569.769		19.9944		104.65
20		0.5		570.043		19.9944		104.7
20		0.5		570.316		19.9945		104.75
20		0.5		570.59		19.9945		104.8
20		0.5		570.863		19.9945		104.85
20		0.5		571.137		19.9945		104.9
20		0.5		571.411		19.9946		104.95
20		0.5		571.684		19.9946		105
20		0.5		571.958		19.9946		105.05
20		0.5		572.231		19.9947		105.1
20		0.5		572.505		19.9947		105.15
20		0.5		572.778		19.9947		105.2
20		0.5		573.052		19.9948		105.25
20		0.5		573.325		19.9948		105.3
20		0.5		573.599		19.9948		105.35
20		0.5		573.873		19.9949		105.4
20		0.5		574.146		19.9949		105.45
20		0.5		574.42		19.9949		105.5
20		0.5		574.693		19.995		105.55
20		0.5		574.967		19.995		105.6
20		0.5		575.24		19.995		105.65
20		0.5		575.514		19.9951		105.7
20		0.5		575.787		19.9951		105.75
20		0.5		576.061		19.9951		105.8
20		0.5		576.335		19.9952		105.85
20		0.5		576.608		19.9952		105.9
20		0.5		576.882		19.9952		105.95
20		0.5		577.155		19.9953		106
20		0.5		577.429		19.9953		106.05
20		0.5		577.702		19.9953		106.1
20		0.5		577.976		19.9954		106.15
20		0.5		578.249		19.9954		106.2
20		0.5		578.523		19.9954		106.25
20		0.5		578.797		19.9955		106.3
20		0.5		579.07		19.9955		106.35
20		0.5		579.344		19.9955		106.4
20		0.5		579.617		19.9956		106.45
20		0.5		579.891		19.9956		106.5
20		0.5		580.164		19.9956		106.55
20		0.5		580.438		19.9957		106.6
20		0.5		580.712		19.9957		106.65
20		0.5		580.985		19.9957		106.7
20		0.5		581.259		19.9958		106.75
20		0.5		581.532		19.9958		106.8
20		0.5		581.806		19.9958		106.85
20		0.5		582.079		19.9959		106.9
20		0.5		582.353		19.9959		106.95
20		0.5		582.626		19.9959		107
20		0.5		582.9		19.996		107.05
20		0.5		583.174		19.996		107.1
20		0.5		583.447		19.996		107.15
20		0.5		583.721		19.9961		107.2
20		0.5		583.994		19.9961		107.25
20		0.5		584.268		19.9961		107.3
20		0.5		584.541		19.9962		107.35
20		0.5		584.815		19.9962		107.4
20		0.5		585.089		19.9962		107.45
20		0.5		585.362		19.9963		107.5
20		0.5		585.636		19.9963		107.55
20		0.5		585.909		19.9963		107.6
20		0.5		586.183		19.9964		107.65
20		0.5		586.456		19.9964		107.7
20		0.5		586.73		19.9964		107.75
20		0.5		587.003		19.9965		107.8
20		0.5		587.277		19.9965		107.85
20		0.5		587.551		19.9966		107.9
20		0.5		587.824		19.9966		107.95
20		0.5		588.098		19.9966		108
20		0.5		588.371		19.9967		108.05
20		0.5		588.645		19.9967		108.1
20		0.5		588.918		19.9967		108.15
20		0.5		589.192		19.9968		108.2
20		0.5		589.466		19.9968		108.25
20		0.5		589.739		19.9968		108.3
20		0.5		590.013		19.9969		108.35
20		0.5		590.286		19.9969		108.4
20		0.5		590.56		19.9969		108.45
20		0.5		590.833		19.997		108.5
20		0.5		591.107		19.997		108.55
20		0.5		591.381		19.997		108.6
20		0.5		591.654		19.9971		108.65
20		0.5		591.928		19.9971		108.7
20		0.5		592.201		19.9971		108.75
20		0.5		592.475		19.9972		108.8
20		0.5		592.748		19.9972		108.85
20		0.5		593.022		19.9972		108.9
20		0.5		593.296		19.9973		108.95
20		0.5		593.569		19.9973		109
20		0.5		593.843		19.9973		109.05
20		0.5		594.116		19.9974		109.1
20		0.5		594.39		19.9974		109.15
20		0.5		594.663		19.9974		109.2
20		0.5		594.937		19.9975		109.25
20		0.5		595.211		19.9975		109.3
20		0.5		595.484		19.9975		109.35
20		0.5		595.758		19.9976		109.4
20		0.5		596.031		19.9976		109.45
20		0.5		596.305		19.9977		109.5
20		0.5		596.578		19.9977		109.55
20		0.5		596.852		19.9977		109.6
20		0.5		597.125		19.9978		109.65
20		0.5		597.399		19.9978		109.7
20		0.5		597.673		19.9978		109.75
20		0.5		597.946		19.9979		109.8
20		0.5		598.22		19.9979		109.85
20		0.5		598.493		19.9979		109.9
20		0.5		598.767		19.998		109.95
20		0.5		599.04		19.998		110
20		0.5		599.314		19.998		110.05
20		0.5		599.588		19.9981		110.1
20		0.5		599.861		19.9981		110.15
20		0.5		600.135		19.9981		110.2
20		0.5		600.408		19.9982		110.25
20		0.5		600.682		19.9982		110.3
20		0.5		600.955		19.9982		110.35
20		0.5		601.229		19.9983		110.4
20		0.5		601.503		19.9983		110.45
20		0.5		601.776		19.9983		110.5
20		0.5		602.05		19.9984		110.55
20		0.5		602.323		19.9984		110.6
20		0.5		602.597		19.9985		110.65
20		0.5		602.87		19.9985		110.7
20		0.5		603.144		19.9985		110.75
20		0.5		603.418		19.9986		110.8
20		0.5		603.691		19.9986		110.85
20		0.5		603.965		19.9986		110.9
20		0.5		604.238		19.9987		110.95
20		0.5		604.512		19.9987		111
20		0.5		604.786		19.9987		111.05
20		0.5		605.059		19.9988		111.1
20		0.5		605.333		19.9988		111.15
20		0.5		605.606		19.9988		111.2
20		0.5		605.88		19.9989		111.25
20		0.5		606.153		19.9989		111.3
20		0.5		606.427		19.9989		111.35
20		0.5		606.701		19.999		111.4
20		0.5		606.974		19.999		111.45
20		0.5		607.248		19.9991		111.5
20		0.5		607.521		19.9991		111.55
20		0.5		607.795		19.9991		111.6
20		0.5		608.068		19.9992		111.65
20		0.5		608.342		19.9992		111.7
20		0.5		608.616		19.9992		111.75
20		0.5		608.889		19.9993		111.8
20		0.5		609.163		19.9993		111.85
20		0.5		609.436		19.9993		111.9
20		0.5		609.71		19.9994		111.95
20		0.5		609.983		19.9994		112
20		0.5		610.257		19.9994		112.05
20		0.5		610.531		19.9995		112.1
20		0.5		610.804		19.9995		112.15
20		0.5		611.078		19.9995		112.2
20		0.5		611.351		19.9996		112.25
20		0.5		611.625		19.9996		112.3
20		0.5		611.898		19.9997		112.35
20		0.5		612.172		19.9997		112.4
20		0.5		612.446		19.9997		112.45
20		0.5		612.719		19.9998		112.5
20		0.5		612.993		19.9998		112.55
20		0.5		613.266		19.9998		112.6
20		0.5		613.54		19.9999		112.65
20		0.5		613.814		19.9999		112.7
20		0.5		614.087		19.9999		112.75
20		0.5		614.361		20		112.8
20		0.5		614.634		20		112.85
20		0.5		614.908		20		112.9
20		0.5		615.181		20.0001		112.95
20		0.5		615.455		20.0001		113
20		0.5		615.729		20.0002		113.05
20		0.5		616.002		20.0002		113.1
20		0.5		616.276		20.0002		113.15
20		0.5		616.549		20.0003		113.2
20		0.5		616.823		20.0003		113.25
20		0.5		617.096		20.0003		113.3
20		0.5		617.37		20.0004		113.35
20		0.5		617.644		20.0004		113.4
20		0.5		617.917		20.0004		113.45
20		0.5		618.191		20.0005		113.5
20		0.5		618.464		20.0005		113.55
20		0.5		618.738		20.0005		113.6
20		0.5		619.012		20.0006		113.65
20		0.5		619.285		20.0006		113.7
20		0.5		619.559		20.0007		113.75
20		0.5		619.832		20.0007		113.8
20		0.5		620.106		20.0007		113.85
20		0.5		620.379		20.0008		113.9
20		0.5		620.653		20.0008		113.95
20		0.5		620.927		20.0008		114
20		0.5		621.2		20.0009		114.05
20		0.5		621.474		20.0009		114.1
20		0.5		621.747		20.0009		114.15
20		0.5		622.021		20.001		114.2
20		0.5		622.295		20.001		114.25
20		0.5		622.568		20.001		114.3
20		0.5		622.842		20.0011		114.35
20		0.5		623.115		20.0011		114.4
20		0.5		623.389		20.0012		114.45
20		0.5		623.662		20.0012		114.5
20		0.5		623.936		20.0012		114.55
20		0.5		624.21		20.0013		114.6
20		0.5		624.483		20.0013		114.65
20		0.5		624.757		20.0013		114.7
20		0.5		625.03		20.0014		114.75
20		0.5		625.304		20.0014		114.8
20		0.5		625.578		20.0014		114.85
20		0.5		625.851		20.0015		114.9
20		0.5		626.125		20.0015		114.95
20		0.5		626.398		20.0016		115
20		0.5		626.672		20.0016		115.05
20		0.5		626.945		20.0016		115.1
20		0.5		627.219		20.0017		115.15
20		0.5		627.493		20.0017		115.2
20		0.5		627.766		20.0017		115.25
20		0.5		628.04		20.0018		115.3
20		0.5		628.313		20.0018		115.35
20		0.5		628.587		20.0018		115.4
20		0.5		628.861		20.0019		115.45
20		0.5		629.134		20.0019		115.5
20		0.5		629.408		20.0019		115.55
20		0.5		629.681		20.002		115.6
20		0.5		629.955		20.002		115.65
20		0.5		630.229		20.0021		115.7
20		0.5		630.502		20.0021		115.75
20		0.5		630.776		20.0021		115.8
20		0.5		631.049		20.0022		115.85
20		0.5		631.323		20.0022		115.9
20		0.5		631.596		20.0022		115.95
20		0.5		631.87		20.0023		116
20		0.5		632.144		20.0023		116.05
20		0.5		632.417		20.0023		116.1
20		0.5		632.691		20.0024		116.15
20		0.5		632.964		20.0024		116.2
20		0.5		633.238		20.0024		116.25
20		0.5		633.512		20.0025		116.3
20		0.5		633.785		20.0025		116.35
20		0.5		634.059		20.0026		116.4
20		0.5		634.332		20.0026		116.45
20		0.5		634.606		20.0026		116.5
20		0.5		634.88		20.0027		116.55
20		0.5		635.153		20.0027		116.6
20		0.5		635.427		20.0027		116.65
20		0.5		635.7		20.0028		116.7
20		0.5		635.974		20.0028		116.75
20		0.5		636.247		20.0028		116.8
20		0.5		636.521		20.0029		116.85
20		0.5		636.795		20.0029		116.9
20		0.5		637.068		20.0029		116.95
20		0.5		637.342		20.003		117
20		0.5		637.615		20.003		117.05
20		0.5		637.889		20.0031		117.1
20		0.5		638.163		20.0031		117.15
20		0.5		638.436		20.0031		117.2
20		0.5		638.71		20.0032		117.25
20		0.5		638.983		20.0032		117.3
20		0.5		639.257		20.0032		117.35
20		0.5		639.531		20.0033		117.4
20		0.5		639.804		20.0033		117.45
20		0.5		640.078		20.0033		117.5
20		0.5		640.351		20.0034		117.55
20		0.5		640.625		20.0034		117.6
20		0.5		640.899		20.0034		117.65
20		0.5		641.172		20.0035		117.7
20		0.5		641.446		20.0035		117.75
20		0.5		641.719		20.0036		117.8
20		0.5		641.993		20.0036		117.85
20		0.5		642.267		20.0036		117.9
20		0.5		642.54		20.0037		117.95
20		0.5		642.814		20.0037		118
20		0.5		643.087		20.0037		118.05
20		0.5		643.361		20.0038		118.1
20		0.5		643.635		20.0038		118.15
20		0.5		643.908		20.0038		118.2
20		0.5		644.182		20.0039		118.25
20		0.5		644.455		20.0039		118.3
20		0.5		644.729		20.0039		118.35
20		0.5		645.002		20.004		118.4
20		0.5		645.276		20.004		118.45
20		0.5		645.55		20.0041		118.5
20		0.5		645.823		20.0041		118.55
20		0.5		646.097		20.0041		118.6
20		0.5		646.37		20.0042		118.65
20		0.5		646.644		20.0042		118.7
20		0.5		646.918		20.0042		118.75
20		0.5		647.191		20.0043		118.8
20		0.5		647.465		20.0043		118.85
20		0.5		647.738		20.0043		118.9
20		0.5		648.012		20.0044		118.95
20		0.5		648.286		20.0044		119
20		0.5		648.559		20.0044		119.05
20		0.5		648.833		20.0045		119.1
20		0.5		649.106		20.0045		119.15
20		0.5		649.38		20.0045		119.2
20		0.5		649.654		20.0046		119.25
20		0.5		649.927		20.0046		119.3
20		0.5		650.201		20.0047		119.35
20		0.5		650.474		20.0047		119.4
20		0.5		650.748		20.0047		119.45
20		0.5		651.022		20.0048		119.5
20		0.5		651.295		20.0048		119.55
20		0.5		651.569		20.0048		119.6
20		0.5		651.842		20.0049		119.65
20		0.5		652.116		20.0049		119.7
20		0.5		652.39		20.0049		119.75
20		0.5		652.663		20.005		119.8
20		0.5		652.937		20.005		119.85
20		0.5		653.21		20.005		119.9
20		0.5		653.484		20.0051		119.95
20		0.5		653.758		20.0051		120
20		0.5		654.031		20.0051		120.05
20		0.5		654.305		20.0052		120.1
20		0.5		654.578		20.0052		120.15
20		0.5		654.852		20.0053		120.2
20		0.5		655.126		20.0053		120.25
20		0.5		655.399		20.0053		120.3
20		0.5		655.673		20.0054		120.35
20		0.5		655.946		20.0054		120.4
20		0.5		656.22		20.0054		120.45
20		0.5		656.494		20.0055		120.5
20		0.5		656.767		20.0055		120.55
20		0.5		657.041		20.0055		120.6
20		0.5		657.314		20.0056		120.65
20		0.5		657.588		20.0056		120.7
20		0.5		657.862		20.0056		120.75
20		0.5		658.135		20.0057		120.8
20		0.5		658.409		20.0057		120.85
20		0.5		658.682		20.0057		120.9
20		0.5		658.956		20.0058		120.95
20		0.5		659.23		20.0058		121
20		0.5		659.503		20.0058		121.05
20		0.5		659.777		20.0059		121.1
20		0.5		660.05		20.0059		121.15
20		0.5		660.324		20.0059		121.2
20		0.5		660.598		20.006		121.25
20		0.5		660.871		20.006		121.3
20		0.5		661.145		20.0061		121.35
20		0.5		661.419		20.0061		121.4
20		0.5		661.692		20.0061		121.45
20		0.5		661.966		20.0062		121.5
20		0.5		662.239		20.0062		121.55
20		0.5		662.513		20.0062		121.6
20		0.5		662.787		20.0063		121.65
20		0.5		663.06		20.0063		121.7
20		0.5		663.334		20.0063		121.75
20		0.5		663.607		20.0064		121.8
20		0.5		663.881		20.0064		121.85
20		0.5		664.155		20.0064		121.9
20		0.5		664.428		20.0065		121.95
20		0.5		664.702		20.0065		122
20		0.5		664.975		20.0065		122.05
20		0.5		665.249		20.0066		122.1
20		0.5		665.523		20.0066		122.15
20		0.5		665.796		20.0066		122.2
20		0.5		666.07		20.0067		122.25
20		0.5		666.343		20.0067		122.3
20		0.5		666.617		20.0067		122.35
20		0.5		666.891		20.0068		122.4
20		0.5		667.164		20.0068		122.45
20		0.5		667.438		20.0068		122.5
20		0.5		667.711		20.0069		122.55
20		0.5		667.985		20.0069		122.6
20		0.5		668.259		20.0069		122.65
20		0.5		668.532		20.007		122.7
20		0.5		668.806		20.007		122.75
20		0.5		669.08		20.007		122.8
20		0.5		669.353		20.0071		122.85
20		0.5		669.627		20.0071		122.9
20		0.5		669.9		20.0072		122.95
20		0.5		670.174		20.0072		123
20		0.5		670.448		20.0072		123.05
20		0.5		670.721		20.0073		123.1
20		0.5		670.995		20.0073		123.15
20		0.5		671.268		20.0073		123.2
20		0.5		671.542		20.0074		123.25
20		0.5		671.816		20.0074		123.3
20		0.5		672.089		20.0074		123.35
20		0.5		672.363		20.0075		123.4
20		0.5		672.636		20.0075		123.45
20		0.5		672.91		20.0075		123.5
20		0.5		673.184		20.0076		123.55
20		0.5		673.457		20.0076		123.6
20		0.5		673.731		20.0076		123.65
20		0.5		674.004		20.0077		123.7
20		0.5		674.278		20.0077		123.75
20		0.5		674.552		20.0077		123.8
20		0.5		674.825		20.0078		123.85
20		0.5		675.099		20.0078		123.9
20		0.5		675.373		20.0078		123.95
20		0.5		675.646		20.0079		124
20		0.5		675.92		20.0079		124.05
20		0.5		676.193		20.0079		124.1
20		0.5		676.467		20.008		124.15
20		0.5		676.741		20.008		124.2
20		0.5		677.014		20.008		124.25
20		0.5		677.288		20.0081		124.3
20		0.5		677.561		20.0081		124.35
20		0.5		677.835		20.0081		124.4
20		0.5		678.109		20.0082		124.45
20		0.5		678.382		20.0082		124.5
20		0.5		678.656		20.0082		124.55
20		0.5		678.93		20.0083		124.6
20		0.5		679.203		20.0083		124.65
20		0.5		679.477		20.0083		124.7
20		0.5		679.75		20.0084		124.75
20		0.5		680.024		20.0084		124.8
20		0.5		680.298		20.0084		124.85
20		0.5		680.571		20.0084		124.9
20		0.5		680.845		20.0085		124.95
20		0.5		681.118		20.0085		125
20		0.5		681.392		20.0085		125.05
20		0.5		681.666		20.0086		125.1
20		0.5		681.939		20.0086		125.15
20		0.5		682.213		20.0086		125.2
20		0.5		682.487		20.0087		125.25
20		0.5		682.76		20.0087		125.3
20		0.5		683.034		20.0087		125.35
20		0.5		683.307		20.0088		125.4
20		0.5		683.581		20.0088		125.45
20		0.5		683.855		20.0088		125.5
20		0.5		684.128		20.0089		125.55
20		0.5		684.402		20.0089		125.6
20		0.5		684.675		20.0089		125.65
20		0.5		684.949		20.009		125.7
20		0.5		685.223		20.009		125.75
20		0.5		685.496		20.009		125.8
20		0.5		685.77		20.0091		125.85
20		0.5		686.044		20.0091		125.9
20		0.5		686.317		20.0091		125.95
20		0.5		686.591		20.0092		126
20		0.5		686.864		20.0092		126.05
20		0.5		687.138		20.0092		126.1
20		0.5		687.412		20.0093		126.15
20		0.5		687.685		20.0093		126.2
20		0.5		687.959		20.0093		126.25
20		0.5		688.232		20.0093		126.3
20		0.5		688.506		20.0094		126.35
20		0.5		688.78		20.0094		126.4
20		0.5		689.053		20.0094		126.45
20		0.5		689.327		20.0095		126.5
20		0.5		689.601		20.0095		126.55
20		0.5		689.874		20.0095		126.6
20		0.5		690.148		20.0096		126.65
20		0.5		690.421		20.0096		126.7
20		0.5		690.695		20.0096		126.75
20		0.5		690.969		20.0097		126.8
20		0.5		691.242		20.0097		126.85
20		0.5		691.516		20.0097		126.9
20		0.5		691.79		20.0097		126.95
20		0.5		692.063		20.0098		127
20		0.5		692.337		20.0098		127.05
20		0.5		692.61		20.0098		127.1
20		0.5		692.884		20.0099		127.15
20		0.5		693.158		20.0099		127.2
20		0.5		693.431		20.0099		127.25
20		0.5		693.705		20.01		127.3
20		0.5		693.979		20.01		127.35
20		0.5		694.252		20.01		127.4
20		0.5		694.526		20.0101		127.45
20		0.5		694.799		20.0101		127.5
20		0.5		695.073		20.0101		127.55
20		0.5		695.347		20.0101		127.6
20		0.5		695.62		20.0102		127.65
20		0.5		695.894		20.0102		127.7
20		0.5		696.167		20.0102		127.75
20		0.5		696.441		20.0103		127.8
20		0.5		696.715		20.0103		127.85
20		0.5		696.988		20.0103		127.9
20		0.5		697.262		20.0104		127.95
20		0.5		697.536		20.0104		128
20		0.5		697.809		20.0104		128.05
20		0.5		698.083		20.0104		128.1
20		0.5		698.356		20.0105		128.15
20		0.5		698.63		20.0105		128.2
20		0.5		698.904		20.0105		128.25
20		0.5		699.177		20.0106		128.3
20		0.5		699.451		20.0106		128.35
20		0.5		699.725		20.0106		128.4
20		0.5		699.998		20.0107		128.45
20		0.5		700.272		20.0107		128.5
20		0.5		700.545		20.0107		128.55
20		0.5		700.819		20.0107		128.6
20		0.5		701.093		20.0108		128.65
20		0.5		701.366		20.0108		128.7
20		0.5		701.64		20.0108		128.75
20		0.5		701.914		20.0109		128.8
20		0.5		702.187		20.0109		128.85
20		0.5		702.461		20.0109		128.9
20		0.5		702.734		20.0109		128.95
20		0.5		703.008		20.011		129
20		0.5		703.282		20.011		129.05
20		0.5		703.555		20.011		129.1
20		0.5		703.829		20.0111		129.15
20		0.5		704.103		20.0111		129.2
20		0.5		704.376		20.0111		129.25
20		0.5		704.65		20.0111		129.3
20		0.5		704.923		20.0112		129.35
20		0.5		705.197		20.0112		129.4
20		0.5		705.471		20.0112		129.45
20		0.5		705.744		20.0113		129.5
20		0.5		706.018		20.0113		129.55
20		0.5		706.292		20.0113		129.6
20		0.5		706.565		20.0113		129.65
20		0.5		706.839		20.0114		129.7
20		0.5		707.113		20.0114		129.75
20		0.5		707.386		20.0114		129.8
20		0.5		707.66		20.0115		129.85
20		0.5		707.933		20.0115		129.9
20		0.5		708.207		20.0115		129.95
20		0.5		708.481		20.0115		130
20		0.5		708.754		20.0116		130.05
20		0.5		709.028		20.0116		130.1
20		0.5		709.302		20.0116		130.15
20		0.5		709.575		20.0116		130.2
20		0.5		709.849		20.0117		130.25
20		0.5		710.122		20.0117		130.3
20		0.5		710.396		20.0117		130.35
20		0.5		710.67		20.0118		130.4
20		0.5		710.943		20.0118		130.45
20		0.5		711.217		20.0118		130.5
20		0.5		711.491		20.0118		130.55
20		0.5		711.764		20.0119		130.6
20		0.5		712.038		20.0119		130.65
20		0.5		712.311		20.0119		130.7
20		0.5		712.585		20.0119		130.75
20		0.5		712.859		20.012		130.8
20		0.5		713.132		20.012		130.85
20		0.5		713.406		20.012		130.9
20		0.5		713.68		20.012		130.95
20		0.5		713.953		20.0121		131
20		0.5		714.227		20.0121		131.05
20		0.5		714.501		20.0121		131.1
20		0.5		714.774		20.0122		131.15
20		0.5		715.048		20.0122		131.2
20		0.5		715.321		20.0122		131.25
20		0.5		715.595		20.0122		131.3
20		0.5		715.869		20.0123		131.35
20		0.5		716.142		20.0123		131.4
20		0.5		716.416		20.0123		131.45
20		0.5		716.69		20.0123		131.5
20		0.5		716.963		20.0124		131.55
20		0.5		717.237		20.0124		131.6
20		0.5		717.51		20.0124		131.65
20		0.5		717.784		20.0124		131.7
20		0.5		718.058		20.0125		131.75
20		0.5		718.331		20.0125		131.8
20		0.5		718.605		20.0125		131.85
20		0.5		718.879		20.0125		131.9
20		0.5		719.152		20.0126		131.95
20		0.5		719.426		20.0126		132
20		0.5		719.7		20.0126		132.05
20		0.5		719.973		20.0126		132.1
20		0.5		720.247		20.0127		132.15
20		0.5		720.52		20.0127		132.2
20		0.5		720.794		20.0127		132.25
20		0.5		721.068		20.0127		132.3
20		0.5		721.341		20.0128		132.35
20		0.5		721.615		20.0128		132.4
20		0.5		721.889		20.0128		132.45
20		0.5		722.162		20.0128		132.5
20		0.5		722.436		20.0129		132.55
20		0.5		722.709		20.0129		132.6
20		0.5		722.983		20.0129		132.65
20		0.5		723.257		20.0129		132.7
20		0.5		723.53		20.013		132.75
20		0.5		723.804		20.013		132.8
20		0.5		724.078		20.013		132.85
20		0.5		724.351		20.013		132.9
20		0.5		724.625		20.0131		132.95
20		0.5		724.899		20.0131		133
20		0.5		725.172		20.0131		133.05
20		0.5		725.446		20.0131		133.1
20		0.5		725.719		20.0131		133.15
20		0.5		725.993		20.0132		133.2
20		0.5		726.267		20.0132		133.25
20		0.5		726.54		20.0132		133.3
20		0.5		726.814		20.0132		133.35
20		0.5		727.088		20.0133		133.4
20		0.5		727.361		20.0133		133.45
20		0.5		727.635		20.0133		133.5
20		0.5		727.909		20.0133		133.55
20		0.5		728.182		20.0134		133.6
20		0.5		728.456		20.0134		133.65
20		0.5		728.729		20.0134		133.7
20		0.5		729.003		20.0134		133.75
20		0.5		729.277		20.0134		133.8
20		0.5		729.55		20.0135		133.85
20		0.5		729.824		20.0135		133.9
20		0.5		730.098		20.0135		133.95
20		0.5		730.371		20.0135		134
20		0.5		730.645		20.0136		134.05
20		0.5		730.919		20.0136		134.1
20		0.5		731.192		20.0136		134.15
20		0.5		731.466		20.0136		134.2
20		0.5		731.739		20.0136		134.25
20		0.5		732.013		20.0137		134.3
20		0.5		732.287		20.0137		134.35
20		0.5		732.56		20.0137		134.4
20		0.5		732.834		20.0137		134.45
20		0.5		733.108		20.0138		134.5
20		0.5		733.381		20.0138		134.55
20		0.5		733.655		20.0138		134.6
20		0.5		733.929		20.0138		134.65
20		0.5		734.202		20.0138		134.7
20		0.5		734.476		20.0139		134.75
20		0.5		734.75		20.0139		134.8
20		0.5		735.023		20.0139		134.85
20		0.5		735.297		20.0139		134.9
20		0.5		735.57		20.0139		134.95
20		0.5		735.844		20.014		135
20		0.5		736.118		20.014		135.05
20		0.5		736.391		20.014		135.1
20		0.5		736.665		20.014		135.15
20		0.5		736.939		20.014		135.2
20		0.5		737.212		20.0141		135.25
20		0.5		737.486		20.0141		135.3
20		0.5		737.76		20.0141		135.35
20		0.5		738.033		20.0141		135.4
20		0.5		738.307		20.0141		135.45
20		0.5		738.58		20.0142		135.5
20		0.5		738.854		20.0142		135.55
20		0.5		739.128		20.0142		135.6
20		0.5		739.401		20.0142		135.65
20		0.5		739.675		20.0142		135.7
20		0.5		739.949		20.0143		135.75
20		0.5		740.222		20.0143		135.8
20		0.5		740.496		20.0143		135.85
20		0.5		740.77		20.0143		135.9
20		0.5		741.043		20.0143		135.95
20		0.5		741.317		20.0144		136
20		0.5		741.591		20.0144		136.05
20		0.5		741.864		20.0144		136.1
20		0.5		742.138		20.0144		136.15
20		0.5		742.411		20.0144		136.2
20		0.5		742.685		20.0145		136.25
20		0.5		742.959		20.0145		136.3
20		0.5		743.232		20.0145		136.35
20		0.5		743.506		20.0145		136.4
20		0.5		743.78		20.0145		136.45
20		0.5		744.053		20.0145		136.5
20		0.5		744.327		20.0146		136.55
20		0.5		744.601		20.0146		136.6
20		0.5		744.874		20.0146		136.65
20		0.5		745.148		20.0146		136.7
20		0.5		745.421		20.0146		136.75
20		0.5		745.695		20.0147		136.8
20		0.5		745.969		20.0147		136.85
20		0.5		746.242		20.0147		136.9
20		0.5		746.516		20.0147		136.95
20		0.5		746.79		20.0147		137
20		0.5		747.063		20.0147		137.05
20		0.5		747.337		20.0148		137.1
20		0.5		747.611		20.0148		137.15
20		0.5		747.884		20.0148		137.2
20		0.5		748.158		20.0148		137.25
20		0.5		748.432		20.0148		137.3
20		0.5		748.705		20.0148		137.35
20		0.5		748.979		20.0149		137.4
20		0.5		749.252		20.0149		137.45
20		0.5		749.526		20.0149		137.5
20		0.5		749.8		20.0149		137.55
20		0.5		750.073		20.0149		137.6
20		0.5		750.347		20.0149		137.65
20		0.5		750.621		20.015		137.7
20		0.5		750.894		20.015		137.75
20		0.5		751.168		20.015		137.8
20		0.5		751.442		20.015		137.85
20		0.5		751.715		20.015		137.9
20		0.5		751.989		20.015		137.95
20		0.5		752.263		20.0151		138
20		0.5		752.536		20.0151		138.05
20		0.5		752.81		20.0151		138.1
20		0.5		753.084		20.0151		138.15
20		0.5		753.357		20.0151		138.2
20		0.5		753.631		20.0151		138.25
20		0.5		753.904		20.0151		138.3
20		0.5		754.178		20.0152		138.35
20		0.5		754.452		20.0152		138.4
20		0.5		754.725		20.0152		138.45
20		0.5		754.999		20.0152		138.5
20		0.5		755.273		20.0152		138.55
20		0.5		755.546		20.0152		138.6
20		0.5		755.82		20.0153		138.65
20		0.5		756.094		20.0153		138.7
20		0.5		756.367		20.0153		138.75
20		0.5		756.641		20.0153		138.8
20		0.5		756.915		20.0153		138.85
20		0.5		757.188		20.0153		138.9
20		0.5		757.462		20.0153		138.95
20		0.5		757.735		20.0154		139
20		0.5		758.009		20.0154		139.05
20		0.5		758.283		20.0154		139.1
20		0.5		758.556		20.0154		139.15
20		0.5		758.83		20.0154		139.2
20		0.5		759.104		20.0154		139.25
20		0.5		759.377		20.0154		139.3
20		0.5		759.651		20.0154		139.35
20		0.5		759.925		20.0155		139.4
20		0.5		760.198		20.0155		139.45
20		0.5		760.472		20.0155		139.5
20		0.5		760.746		20.0155		139.55
20		0.5		761.019		20.0155		139.6
20		0.5		761.293		20.0155		139.65
20		0.5		761.567		20.0155		139.7
20		0.5		761.84		20.0155		139.75
20		0.5		762.114		20.0156		139.8
20		0.5		762.387		20.0156		139.85
20		0.5		762.661		20.0156		139.9
20		0.5		762.935		20.0156		139.95
20		0.5		763.208		20.0156		140
20		0.5		763.482		20.0156		140.05
20		0.5		763.756		20.0156		140.1
20		0.5		764.029		20.0156		140.15
20		0.5		764.303		20.0157		140.2
20		0.5		764.577		20.0157		140.25
20		0.5		764.85		20.0157		140.3
20		0.5		765.124		20.0157		140.35
20		0.5		765.398		20.0157		140.4
20		0.5		765.671		20.0157		140.45
20		0.5		765.945		20.0157		140.5
20		0.5		766.219		20.0157		140.55
20		0.5		766.492		20.0157		140.6
20		0.5		766.766		20.0158		140.65
20		0.5		767.039		20.0158		140.7
20		0.5		767.313		20.0158		140.75
20		0.5		767.587		20.0158		140.8
20		0.5		767.86		20.0158		140.85
20		0.5		768.134		20.0158		140.9
20		0.5		768.408		20.0158		140.95
20		0.5		768.681		20.0158		141
20		0.5		768.955		20.0158		141.05
20		0.5		769.229		20.0158		141.1
20		0.5		769.502		20.0159		141.15
20		0.5		769.776		20.0159		141.2
20		0.5		770.05		20.0159		141.25
20		0.5		770.323		20.0159		141.3
20		0.5		770.597		20.0159		141.35
20		0.5		770.871		20.0159		141.4
20		0.5		771.144		20.0159		141.45
20		0.5		771.418		20.0159		141.5
20		0.5		771.691		20.0159		141.55
20		0.5		771.965		20.0159		141.6
20		0.5		772.239		20.0159		141.65
20		0.5		772.512		20.016		141.7
20		0.5		772.786		20.016		141.75
20		0.5		773.06		20.016		141.8
20		0.5		773.333		20.016		141.85
20		0.5		773.607		20.016		141.9
20		0.5		773.881		20.016		141.95
20		0.5		774.154		20.016		142
20		0.5		774.428		20.016		142.05
20		0.5		774.702		20.016		142.1
20		0.5		774.975		20.016		142.15
20		0.5		775.249		20.016		142.2
20		0.5		775.523		20.016		142.25
20		0.5		775.796		20.016		142.3
20		0.5		776.07		20.0161		142.35
20		0.5		776.344		20.0161		142.4
20		0.5		776.617		20.0161		142.45
20		0.5		776.891		20.0161		142.5
20		0.5		777.164		20.0161		142.55
20		0.5		777.438		20.0161		142.6
20		0.5		777.712		20.0161		142.65
20		0.5		777.985		20.0161		142.7
20		0.5		778.259		20.0161		142.75
20		0.5		778.533		20.0161		142.8
20		0.5		778.806		20.0161		142.85
20		0.5		779.08		20.0161		142.9
20		0.5		779.354		20.0161		142.95
20		0.5		779.627		20.0161		143
20		0.5		779.901		20.0161		143.05
20		0.5		780.175		20.0161		143.1
20		0.5		780.448		20.0161		143.15
20		0.5		780.722		20.0161		143.2
20		0.5		780.996		20.0161		143.25
20		0.5		781.269		20.0162		143.3
20		0.5		781.543		20.0162		143.35
20		0.5		781.817		20.0162		143.4
20		0.5		782.09		20.0162		143.45
20		0.5		782.364		20.0162		143.5
20		0.5		782.638		20.0162		143.55
20		0.5		782.911		20.0162		143.6
20		0.5		783.185		20.0162		143.65
20		0.5		783.458		20.0162		143.7
20		0.5		783.732		20.0162		143.75
20		0.5		784.006		20.0162		143.8
20		0.5		784.279		20.0162		143.85
20		0.5		784.553		20.0162		143.9
20		0.5		784.827		20.0162		143.95
20		0.5		785.1		20.0162		144
20		0.5		785.374		20.0162		144.05
20		0.5		785.648		20.0162		144.1
20		0.5		785.921		20.0162		144.15
20		0.5		786.195		20.0162		144.2
20		0.5		786.469		20.0162		144.25
20		0.5		786.742		20.0162		144.3
20		0.5		787.016		20.0162		144.35
20		0.5		787.29		20.0162		144.4
20		0.5		787.563		20.0162		144.45
20		0.5		787.837		20.0162		144.5
20		0.5		788.111		20.0162		144.55
20		0.5		788.384		20.0162		144.6
20		0.5		788.658		20.0162		144.65
20		0.5		788.932		20.0162		144.7
20		0.5		789.205		20.0162		144.75
20		0.5		789.479		20.0162		144.8
20		0.5		789.753		20.0162		144.85
20		0.5		790.026		20.0162		144.9
20		0.5		790.3		20.0162		144.95
20		0.5		790.574		20.0162		145
20		0.5		790.847		20.0162		145.05
20		0.5		791.121		20.0162		145.1
20		0.5		791.395		20.0162		145.15
20		0.5		791.668		20.0162		145.2
20		0.5		791.942		20.0163		145.25
20		0.5		792.216		20.0163		145.3
20		0.5		792.489		20.0162		145.35
20		0.5		792.762		20.0161		145.4
20		0.5		793.034		20.0159		145.45
20		0.5		793.301		20.0146		145.5
20		0.5		793.561		20.0127		145.55
20		0.5		793.811		20.0009		145.599
20		0.5		794.061		19.9998		145.649
20		0.5		794.311		19.9999		145.699
20		0.5		794.561		19.9999		145.749
20		0.5		794.811		19.9999		145.799
20		0.5		795.061		19.9999		145.849
20		0.5		795.311		19.9999		145.899
20		0.5		795.561		19.9999		145.949
20		0.5		795.811		19.9999		145.999
20		0.5		796.061		19.9999		146.049
20		0.5		796.311		19.9999		146.099
20		0.5		795.569		19.9999		146.1
