#########################################################################
#Electron Drift Line StepTime=0.32us at rIN=20cm				#
#rIN_cm		zIN_cm		DriftTimeIN_us	rOUT_cm		z_OUT_cm#
#########################################################################
20		0.5		0.32		20.0075		0.560476
20		0.5		0.64		20.004		0.621026
20		0.5		0.96		19.9893		0.677736
20		0.5		1.28		19.9899		0.73752
20		0.5		1.6		19.9985		0.795953
20		0.5		1.92		20.0059		0.853234
20		0.5		2.24		20.0099		0.906293
20		0.5		2.56		20.0069		0.967747
20		0.5		2.88		20.0021		1.0264
20		0.5		3.2		20.0016		1.08518
20		0.5		3.52		20.0126		1.14189
20		0.5		3.84		20.0113		1.1983
20		0.5		4.16		20.0099		1.25379
20		0.5		4.48		20.0112		1.31189
20		0.5		4.8		20.0152		1.3636
20		0.5		5.12		20.0202		1.42048
20		0.5		5.44		20.0149		1.47868
20		0.5		5.76		20.0176		1.54248
20		0.5		6.08		20.023		1.60595
20		0.5		6.4		20.0267		1.66593
20		0.5		6.72		20.0214		1.72185
20		0.5		7.04		20.0207		1.78256
20		0.5		7.36		20.016		1.83543
20		0.5		7.68		20.0123		1.89001
20		0.5		8		20.0103		1.95355
20		0.5		8.32		20.0196		2.0081
20		0.5		8.64		20.0216		2.06702
20		0.5		8.96		20.0149		2.12469
20		0.5		9.28		20.0074		2.18029
20		0.5		9.6		20.004		2.23775
20		0.5		9.92		20.0091		2.29803
20		0.5		10.24		20.0001		2.35316
20		0.5		10.56		19.9978		2.40851
20		0.5		10.88		19.9921		2.4682
20		0.5		11.2		19.9834		2.53207
20		0.5		11.52		19.9846		2.59335
20		0.5		11.84		19.9788		2.65117
20		0.5		12.16		19.98		2.71103
20		0.5		12.48		19.9792		2.76431
20		0.5		12.8		19.9686		2.82065
20		0.5		13.12		19.9684		2.87913
20		0.5		13.44		19.9736		2.93619
20		0.5		13.76		19.9742		2.99234
20		0.5		14.08		19.9806		3.04933
20		0.5		14.4		19.9844		3.10555
20		0.5		14.72		19.9845		3.16678
20		0.5		15.04		19.9799		3.21776
20		0.5		15.36		19.9875		3.27545
20		0.5		15.68		19.9866		3.33563
20		0.5		16		19.9913		3.39308
20		0.5		16.32		19.9882		3.44832
20		0.5		16.64		19.9962		3.50479
20		0.5		16.96		20.0067		3.56554
20		0.5		17.28		20.019		3.62373
20		0.5		17.6		20.0203		3.67799
20		0.5		17.92		20.0347		3.73949
20		0.5		18.24		20.0428		3.79293
20		0.5		18.56		20.0473		3.8504
20		0.5		18.88		20.0556		3.90405
20		0.5		19.2		20.0471		3.96181
20		0.5		19.52		20.0406		4.02367
20		0.5		19.84		20.0369		4.08118
20		0.5		20.16		20.0363		4.14056
20		0.5		20.48		20.0305		4.2017
20		0.5		20.8		20.0339		4.26416
20		0.5		21.12		20.0314		4.32024
20		0.5		21.44		20.0424		4.38055
20		0.5		21.76		20.0318		4.44037
20		0.5		22.08		20.0265		4.49551
20		0.5		22.4		20.0303		4.55215
20		0.5		22.72		20.0292		4.61312
20		0.5		23.04		20.0136		4.67914
20		0.5		23.36		20.0148		4.73815
20		0.5		23.68		20.0143		4.79362
20		0.5		24		20.0198		4.85772
20		0.5		24.32		20.0139		4.91733
20		0.5		24.64		20.0126		4.98029
20		0.5		24.96		20.0099		5.04242
20		0.5		25.28		20.0147		5.10023
20		0.5		25.6		20.0249		5.16068
20		0.5		25.92		20.0236		5.21972
20		0.5		26.24		20.0176		5.28195
20		0.5		26.56		20.0148		5.34433
20		0.5		26.88		20.016		5.40521
20		0.5		27.2		20.0057		5.46251
20		0.5		27.52		20.0105		5.52338
20		0.5		27.84		20.0144		5.57708
20		0.5		28.16		20.0101		5.63967
20		0.5		28.48		20.0088		5.6922
20		0.5		28.8		20.018		5.74724
20		0.5		29.12		20.0254		5.80325
20		0.5		29.44		20.0266		5.86194
20		0.5		29.76		20.0248		5.91855
20		0.5		30.08		20.0247		5.97315
20		0.5		30.4		20.0174		6.0307
20		0.5		30.72		20.0035		6.09118
20		0.5		31.04		20.0023		6.15008
20		0.5		31.36		19.9962		6.21163
20		0.5		31.68		20.0059		6.27222
20		0.5		32		19.999		6.33014
20		0.5		32.32		19.9939		6.3922
20		0.5		32.64		19.9992		6.45311
20		0.5		32.96		19.9966		6.51688
20		0.5		33.28		19.9974		6.57712
20		0.5		33.6		19.9928		6.63876
20		0.5		33.92		19.9964		6.69256
20		0.5		34.24		19.9954		6.75352
20		0.5		34.56		19.9943		6.81395
20		0.5		34.88		19.9891		6.87285
20		0.5		35.2		19.9766		6.93085
20		0.5		35.52		19.971		6.98899
20		0.5		35.84		19.9614		7.04559
20		0.5		36.16		19.9559		7.09885
20		0.5		36.48		19.9507		7.15727
20		0.5		36.8		19.9558		7.21695
20		0.5		37.12		19.9547		7.2781
20		0.5		37.44		19.9563		7.33703
20		0.5		37.76		19.9694		7.39515
20		0.5		38.08		19.9575		7.45027
20		0.5		38.4		19.9583		7.50874
20		0.5		38.72		19.9633		7.56524
20		0.5		39.04		19.9635		7.62581
20		0.5		39.36		19.9537		7.68467
20		0.5		39.68		19.947		7.74523
20		0.5		40		19.9507		7.80264
20		0.5		40.32		19.9569		7.86331
20		0.5		40.64		19.9599		7.91862
20		0.5		40.96		19.9726		7.98083
20		0.5		41.28		19.962		8.0377
20		0.5		41.6		19.9582		8.09135
20		0.5		41.92		19.9628		8.14949
20		0.5		42.24		19.9644		8.21019
20		0.5		42.56		19.971		8.26218
20		0.5		42.88		19.9608		8.31763
20		0.5		43.2		19.9704		8.38106
20		0.5		43.52		19.9656		8.43928
20		0.5		43.84		19.9577		8.50259
20		0.5		44.16		19.9585		8.5597
20		0.5		44.48		19.9617		8.61671
20		0.5		44.8		19.965		8.67917
20		0.5		45.12		19.9596		8.74302
20		0.5		45.44		19.9648		8.80382
20		0.5		45.76		19.9709		8.86671
20		0.5		46.08		19.9625		8.92437
20		0.5		46.4		19.9613		8.98689
20		0.5		46.72		19.9586		9.04547
20		0.5		47.04		19.9568		9.10518
20		0.5		47.36		19.9532		9.16945
20		0.5		47.68		19.9532		9.22572
20		0.5		48		19.96		9.28118
20		0.5		48.32		19.9539		9.33703
20		0.5		48.64		19.9514		9.39608
20		0.5		48.96		19.9511		9.45364
20		0.5		49.28		19.9501		9.5121
20		0.5		49.6		19.9487		9.57074
20		0.5		49.92		19.9534		9.6271
20		0.5		50.24		19.9643		9.68381
20		0.5		50.56		19.9702		9.74447
20		0.5		50.88		19.9818		9.799
20		0.5		51.2		19.9834		9.85545
20		0.5		51.52		19.9838		9.90799
20		0.5		51.84		19.9813		9.97033
20		0.5		52.16		19.9948		10.0283
20		0.5		52.48		19.9922		10.0943
20		0.5		52.8		19.9911		10.1541
20		0.5		53.12		19.996		10.2078
20		0.5		53.44		19.9877		10.2712
20		0.5		53.76		19.9919		10.33
20		0.5		54.08		19.9936		10.3938
20		0.5		54.4		20.0018		10.4523
20		0.5		54.72		20.014		10.5106
20		0.5		55.04		20.0178		10.5688
20		0.5		55.36		20.016		10.6311
20		0.5		55.68		20.0146		10.6878
20		0.5		56		20.0107		10.7414
20		0.5		56.32		20.0117		10.7983
20		0.5		56.64		20.0133		10.8558
20		0.5		56.96		20.015		10.9121
20		0.5		57.28		19.9999		10.968
20		0.5		57.6		20.006		11.0252
20		0.5		57.92		20.0037		11.0834
20		0.5		58.24		20.0075		11.143
20		0.5		58.56		20.0043		11.2044
20		0.5		58.88		19.9969		11.2634
20		0.5		59.2		20.006		11.3237
20		0.5		59.52		20.0046		11.3805
20		0.5		59.84		20.0089		11.436
20		0.5		60.16		20.016		11.5012
20		0.5		60.48		20.0101		11.5583
20		0.5		60.8		20.0136		11.6193
20		0.5		61.12		20.0113		11.6821
20		0.5		61.44		20.0092		11.7419
20		0.5		61.76		20.004		11.7984
20		0.5		62.08		19.9986		11.8548
20		0.5		62.4		20.0059		11.9114
20		0.5		62.72		20.0162		11.9688
20		0.5		63.04		20.0217		12.0323
20		0.5		63.36		20.0227		12.0881
20		0.5		63.68		20.0177		12.1486
20		0.5		64		20.017		12.2093
20		0.5		64.32		20.0178		12.2706
20		0.5		64.64		20.028		12.3313
20		0.5		64.96		20.0293		12.3908
20		0.5		65.28		20.0289		12.4509
20		0.5		65.6		20.0233		12.5109
20		0.5		65.92		20.0171		12.5673
20		0.5		66.24		20.0214		12.6239
20		0.5		66.56		20.0275		12.6845
20		0.5		66.88		20.0246		12.7467
20		0.5		67.2		20.0218		12.8025
20		0.5		67.52		20.0266		12.8651
20		0.5		67.84		20.03		12.9213
20		0.5		68.16		20.0321		12.9792
20		0.5		68.48		20.0386		13.0375
20		0.5		68.8		20.0316		13.0964
20		0.5		69.12		20.0143		13.1584
20		0.5		69.44		20.0199		13.2179
20		0.5		69.76		20.0142		13.2797
20		0.5		70.08		20.0198		13.3413
20		0.5		70.4		20.0198		13.3987
20		0.5		70.72		20.025		13.458
20		0.5		71.04		20.0201		13.5164
20		0.5		71.36		20.0164		13.578
20		0.5		71.68		20.0193		13.6339
20		0.5		72		20.0282		13.6942
20		0.5		72.32		20.0208		13.7582
20		0.5		72.64		20.0165		13.8171
20		0.5		72.96		20.0147		13.8822
20		0.5		73.28		20.022		13.937
20		0.5		73.6		20.0193		13.9974
20		0.5		73.92		20.0172		14.052
20		0.5		74.24		20.0212		14.1119
20		0.5		74.56		20.0259		14.1705
20		0.5		74.88		20.0198		14.2222
20		0.5		75.2		20.0233		14.2749
20		0.5		75.52		20.0204		14.3338
20		0.5		75.84		20.0266		14.3913
20		0.5		76.16		20.0117		14.4518
20		0.5		76.48		20.0126		14.5071
20		0.5		76.8		20.0163		14.5635
20		0.5		77.12		20.0172		14.6243
20		0.5		77.44		20.0161		14.6816
20		0.5		77.76		20.0162		14.7411
20		0.5		78.08		20.0135		14.8033
20		0.5		78.4		20.0157		14.8628
20		0.5		78.72		20.0165		14.9235
20		0.5		79.04		20.0115		14.9854
20		0.5		79.36		20.0024		15.0397
20		0.5		79.68		19.9983		15.0947
20		0.5		80		20.0026		15.1551
20		0.5		80.32		20.0092		15.2115
20		0.5		80.64		20.0021		15.2731
20		0.5		80.96		20.0121		15.3268
20		0.5		81.28		20.0056		15.3808
20		0.5		81.6		20.0074		15.4386
20		0.5		81.92		20.0101		15.4979
20		0.5		82.24		20.0127		15.5549
20		0.5		82.56		20.015		15.6123
20		0.5		82.88		20.0162		15.6671
20		0.5		83.2		20.0109		15.7209
20		0.5		83.52		20.013		15.7818
20		0.5		83.84		20.0139		15.8371
20		0.5		84.16		20.0156		15.8995
20		0.5		84.48		20.0102		15.9564
20		0.5		84.8		20.0078		16.016
20		0.5		85.12		20.0084		16.0745
20		0.5		85.44		20.0012		16.132
20		0.5		85.76		20.0159		16.1933
20		0.5		86.08		20.0123		16.2598
20		0.5		86.4		20.0189		16.3164
20		0.5		86.72		20.0265		16.3719
20		0.5		87.04		20.0215		16.4276
20		0.5		87.36		20.0169		16.4859
20		0.5		87.68		20.0176		16.5418
20		0.5		88		20.0258		16.606
20		0.5		88.32		20.0252		16.6657
20		0.5		88.64		20.0345		16.7224
20		0.5		88.96		20.0348		16.7834
20		0.5		89.28		20.0423		16.8409
20		0.5		89.6		20.0397		16.8991
20		0.5		89.92		20.0374		16.9574
20		0.5		90.24		20.0398		17.0194
20		0.5		90.56		20.0454		17.0757
20		0.5		90.88		20.0369		17.1334
20		0.5		91.2		20.033		17.1908
20		0.5		91.52		20.0365		17.2499
20		0.5		91.84		20.0223		17.307
20		0.5		92.16		20.0148		17.3632
20		0.5		92.48		20.0085		17.4235
20		0.5		92.8		20.0073		17.4832
20		0.5		93.12		20.0051		17.5431
20		0.5		93.44		20.0016		17.5993
20		0.5		93.76		20.0047		17.6571
20		0.5		94.08		20.0191		17.7162
20		0.5		94.4		20.0142		17.774
20		0.5		94.72		20.0188		17.8306
20		0.5		95.04		20.0276		17.8864
20		0.5		95.36		20.0185		17.9471
20		0.5		95.68		20.0165		18.0059
20		0.5		96		20.0133		18.0637
20		0.5		96.32		20.0168		18.1219
20		0.5		96.64		20.0186		18.1834
20		0.5		96.96		20.0194		18.2378
20		0.5		97.28		20.0109		18.2999
20		0.5		97.6		20.0125		18.3553
20		0.5		97.92		20.0056		18.4145
20		0.5		98.24		19.9972		18.4722
20		0.5		98.56		19.9927		18.5291
20		0.5		98.88		19.9892		18.5866
20		0.5		99.2		19.9903		18.642
20		0.5		99.52		20.0035		18.705
20		0.5		99.84		20.0027		18.7676
20		0.5		100.16		20.0097		18.8307
20		0.5		100.48		20.0166		18.8896
20		0.5		100.8		20.0235		18.95
20		0.5		101.12		20.029		19.0045
20		0.5		101.44		20.0334		19.0627
20		0.5		101.76		20.0316		19.1219
20		0.5		102.08		20.0254		19.1776
20		0.5		102.4		20.0107		19.2359
20		0.5		102.72		20.0201		19.2958
20		0.5		103.04		20.0226		19.3559
20		0.5		103.36		20.0277		19.4131
20		0.5		103.68		20.0344		19.4714
20		0.5		104		20.0262		19.5294
20		0.5		104.32		20.0295		19.5893
20		0.5		104.64		20.0367		19.6473
20		0.5		104.96		20.0336		19.7065
20		0.5		105.28		20.0333		19.7639
20		0.5		105.6		20.026		19.8231
20		0.5		105.92		20.0332		19.8812
20		0.5		106.24		20.0361		19.9387
20		0.5		106.56		20.0391		19.9975
20		0.5		106.88		20.0444		20.0576
20		0.5		107.2		20.0415		20.1219
20		0.5		107.52		20.039		20.1803
20		0.5		107.84		20.0395		20.2386
20		0.5		108.16		20.0386		20.2958
20		0.5		108.48		20.0303		20.3516
20		0.5		108.8		20.0284		20.4089
20		0.5		109.12		20.0309		20.4631
20		0.5		109.44		20.032		20.519
20		0.5		109.76		20.0192		20.5739
20		0.5		110.08		20.0105		20.6289
20		0.5		110.4		20.0057		20.6875
20		0.5		110.72		20.0006		20.7449
20		0.5		111.04		20.0032		20.8032
20		0.5		111.36		20.007		20.8589
20		0.5		111.68		20.0082		20.9207
20		0.5		112		20.0058		20.9774
20		0.5		112.32		20.0004		21.0349
20		0.5		112.64		19.9943		21.0865
20		0.5		112.96		19.9918		21.146
20		0.5		113.28		19.9956		21.2028
20		0.5		113.6		19.9997		21.2637
20		0.5		113.92		20.0005		21.3231
20		0.5		114.24		20.0034		21.3849
20		0.5		114.56		19.9942		21.4454
20		0.5		114.88		19.9974		21.5054
20		0.5		115.2		19.9948		21.5621
20		0.5		115.52		20.0001		21.6226
20		0.5		115.84		20.0007		21.6829
20		0.5		116.16		20.0044		21.7354
20		0.5		116.48		19.9971		21.794
20		0.5		116.8		19.9954		21.8536
20		0.5		117.12		19.9915		21.9094
20		0.5		117.44		19.992		21.9691
20		0.5		117.76		19.9885		22.0263
20		0.5		118.08		19.9973		22.0839
20		0.5		118.4		19.9904		22.1472
20		0.5		118.72		19.9941		22.2042
20		0.5		119.04		19.999		22.2654
20		0.5		119.36		20.0059		22.3226
20		0.5		119.68		20.0006		22.3816
20		0.5		120		20.004		22.446
20		0.5		120.32		20.0064		22.505
20		0.5		120.64		20.0047		22.5628
20		0.5		120.96		20.0177		22.6176
20		0.5		121.28		20.0149		22.6729
20		0.5		121.6		20.0003		22.734
20		0.5		121.92		19.9983		22.7889
20		0.5		122.24		19.9908		22.846
20		0.5		122.56		20.0001		22.9089
20		0.5		122.88		20.0055		22.9694
20		0.5		123.2		19.9988		23.0342
20		0.5		123.52		19.9933		23.0924
20		0.5		123.84		19.9901		23.1495
20		0.5		124.16		19.9899		23.2085
20		0.5		124.48		19.9727		23.2673
20		0.5		124.8		19.9709		23.3268
20		0.5		125.12		19.9683		23.3855
20		0.5		125.44		19.972		23.4428
20		0.5		125.76		19.9679		23.5052
20		0.5		126.08		19.967		23.5627
20		0.5		126.4		19.9708		23.6237
20		0.5		126.72		19.9738		23.6853
20		0.5		127.04		19.9705		23.7458
20		0.5		127.36		19.9714		23.8076
20		0.5		127.68		19.9776		23.8649
20		0.5		128		19.9809		23.9214
20		0.5		128.32		19.9855		23.9805
20		0.5		128.64		19.9818		24.0342
20		0.5		128.96		19.9757		24.0962
20		0.5		129.28		19.9688		24.1574
20		0.5		129.6		19.9663		24.2093
20		0.5		129.92		19.9711		24.2695
20		0.5		130.24		19.968		24.3296
20		0.5		130.56		19.9727		24.3848
20		0.5		130.88		19.9835		24.4434
20		0.5		131.2		19.9893		24.5061
20		0.5		131.52		19.9983		24.5644
20		0.5		131.84		19.9877		24.6269
20		0.5		132.16		19.9843		24.6847
20		0.5		132.48		19.9762		24.7434
20		0.5		132.8		19.9904		24.8035
20		0.5		133.12		19.9891		24.8628
20		0.5		133.44		19.9932		24.9223
20		0.5		133.76		19.9871		24.9844
20		0.5		134.08		19.9745		25.0469
20		0.5		134.4		19.9783		25.0978
20		0.5		134.72		19.9749		25.1537
20		0.5		135.04		19.9814		25.209
20		0.5		135.36		19.9922		25.2668
20		0.5		135.68		20.0006		25.3259
20		0.5		136		19.9978		25.381
20		0.5		136.32		19.9913		25.4393
20		0.5		136.64		19.9914		25.4922
20		0.5		136.96		19.9941		25.5496
20		0.5		137.28		20.0043		25.6083
20		0.5		137.6		20.0059		25.6635
20		0.5		137.92		20.0133		25.7172
20		0.5		138.24		20.0075		25.773
20		0.5		138.56		20.007		25.8326
20		0.5		138.88		20.0081		25.8885
20		0.5		139.2		20.0018		25.9414
20		0.5		139.52		20.0048		26.0029
20		0.5		139.84		20.007		26.0653
20		0.5		140.16		20.0058		26.1227
20		0.5		140.48		20.0028		26.1804
20		0.5		140.8		20.0022		26.2353
20		0.5		141.12		20.0011		26.2941
20		0.5		141.44		19.9953		26.3536
20		0.5		141.76		19.997		26.4115
20		0.5		142.08		20.0072		26.4695
20		0.5		142.4		20.0074		26.5272
20		0.5		142.72		20.0025		26.5853
20		0.5		143.04		20.0077		26.6464
20		0.5		143.36		20.0018		26.7027
20		0.5		143.68		20.0143		26.768
20		0.5		144		20.0054		26.8302
20		0.5		144.32		20.0136		26.8893
20		0.5		144.64		20.0162		26.9431
20		0.5		144.96		20.0266		27.0027
20		0.5		145.28		20.027		27.0613
20		0.5		145.6		20.0265		27.1193
20		0.5		145.92		20.0248		27.1746
20		0.5		146.24		20.0219		27.2311
20		0.5		146.56		20.0242		27.2924
20		0.5		146.88		20.0172		27.3498
20		0.5		147.2		20.0192		27.4073
20		0.5		147.52		20.0205		27.4669
20		0.5		147.84		20.0337		27.5218
20		0.5		148.16		20.0367		27.5832
20		0.5		148.48		20.04		27.6396
20		0.5		148.8		20.0382		27.6959
20		0.5		149.12		20.0404		27.7532
20		0.5		149.44		20.0485		27.8082
20		0.5		149.76		20.0419		27.8614
20		0.5		150.08		20.0459		27.9191
20		0.5		150.4		20.0437		27.9767
20		0.5		150.72		20.0324		28.039
20		0.5		151.04		20.0251		28.101
20		0.5		151.36		20.0253		28.162
20		0.5		151.68		20.0183		28.2165
20		0.5		152		20.0107		28.2771
20		0.5		152.32		20.0114		28.338
20		0.5		152.64		20.0097		28.3913
20		0.5		152.96		20.0083		28.4524
20		0.5		153.28		19.9998		28.5092
20		0.5		153.6		19.9986		28.5645
20		0.5		153.92		20.0078		28.6247
20		0.5		154.24		20.0055		28.6808
20		0.5		154.56		19.9999		28.7406
20		0.5		154.88		20.0007		28.7996
20		0.5		155.2		20.007		28.8544
20		0.5		155.52		20.0091		28.9154
20		0.5		155.84		20.0101		28.9795
20		0.5		156.16		20.0174		29.0367
20		0.5		156.48		20.0217		29.0971
20		0.5		156.8		20.0214		29.1545
20		0.5		157.12		20.0013		29.215
20		0.5		157.44		19.9997		29.2737
20		0.5		157.76		19.9972		29.3334
20		0.5		158.08		19.9979		29.3954
20		0.5		158.4		19.9928		29.4528
20		0.5		158.72		19.9957		29.5124
20		0.5		159.04		20.0015		29.574
20		0.5		159.36		20.0144		29.6324
20		0.5		159.68		20.0229		29.6935
20		0.5		160		20.0083		29.7521
20		0.5		160.32		19.9979		29.81
20		0.5		160.64		19.99		29.8678
20		0.5		160.96		19.9819		29.9225
20		0.5		161.28		19.979		29.9837
20		0.5		161.6		19.9845		30.0412
20		0.5		161.92		19.9843		30.098
20		0.5		162.24		19.9892		30.1555
20		0.5		162.56		19.9836		30.2174
20		0.5		162.88		19.9775		30.2762
20		0.5		163.2		19.981		30.3373
20		0.5		163.52		19.9737		30.3937
20		0.5		163.84		19.9729		30.453
20		0.5		164.16		19.977		30.5127
20		0.5		164.48		19.9768		30.5694
20		0.5		164.8		19.9749		30.6288
20		0.5		165.12		19.9594		30.6868
20		0.5		165.44		19.9647		30.7419
20		0.5		165.76		19.9638		30.7994
20		0.5		166.08		19.9617		30.857
20		0.5		166.4		19.9476		30.9142
20		0.5		166.72		19.9528		30.9727
20		0.5		167.04		19.9477		31.0281
20		0.5		167.36		19.9509		31.087
20		0.5		167.68		19.943		31.1484
20		0.5		168		19.9336		31.2031
20		0.5		168.32		19.9247		31.2621
20		0.5		168.64		19.9171		31.3222
20		0.5		168.96		19.9119		31.3759
20		0.5		169.28		19.9185		31.4306
20		0.5		169.6		19.9245		31.4904
20		0.5		169.92		19.9264		31.5476
20		0.5		170.24		19.9319		31.6082
20		0.5		170.56		19.9294		31.6651
20		0.5		170.88		19.9237		31.7233
20		0.5		171.2		19.9309		31.7785
20		0.5		171.52		19.928		31.8377
20		0.5		171.84		19.931		31.892
20		0.5		172.16		19.9225		31.9509
20		0.5		172.48		19.9146		32.0143
20		0.5		172.8		19.9171		32.0733
20		0.5		173.12		19.9195		32.1338
20		0.5		173.44		19.926		32.1935
20		0.5		173.76		19.9352		32.2535
20		0.5		174.08		19.9448		32.3127
20		0.5		174.4		19.9574		32.372
20		0.5		174.72		19.9557		32.4318
20		0.5		175.04		19.9639		32.487
20		0.5		175.36		19.9563		32.5419
20		0.5		175.68		19.9668		32.5985
20		0.5		176		19.9595		32.6618
20		0.5		176.32		19.9531		32.7213
20		0.5		176.64		19.946		32.7805
20		0.5		176.96		19.9484		32.8361
20		0.5		177.28		19.9563		32.8917
20		0.5		177.6		19.9537		32.9503
20		0.5		177.92		19.9506		33.0096
20		0.5		178.24		19.946		33.0709
20		0.5		178.56		19.9361		33.1302
20		0.5		178.88		19.9374		33.1903
20		0.5		179.2		19.9282		33.2506
20		0.5		179.52		19.9241		33.3041
20		0.5		179.84		19.9241		33.3661
20		0.5		180.16		19.9266		33.425
20		0.5		180.48		19.9258		33.4808
20		0.5		180.8		19.919		33.5413
20		0.5		181.12		19.9216		33.601
20		0.5		181.44		19.9192		33.6608
20		0.5		181.76		19.9158		33.7163
20		0.5		182.08		19.9285		33.772
20		0.5		182.4		19.9252		33.8288
20		0.5		182.72		19.9243		33.8903
20		0.5		183.04		19.9195		33.9479
20		0.5		183.36		19.9251		34.0056
20		0.5		183.68		19.9267		34.0638
20		0.5		184		19.9376		34.121
20		0.5		184.32		19.9321		34.1805
20		0.5		184.64		19.9266		34.2395
20		0.5		184.96		19.9337		34.2958
20		0.5		185.28		19.9315		34.3558
20		0.5		185.6		19.9414		34.412
20		0.5		185.92		19.9555		34.4725
20		0.5		186.24		19.9437		34.5378
20		0.5		186.56		19.9399		34.6014
20		0.5		186.88		19.9419		34.6615
20		0.5		187.2		19.9431		34.7235
20		0.5		187.52		19.9342		34.7808
20		0.5		187.84		19.9311		34.8376
20		0.5		188.16		19.9325		34.8974
20		0.5		188.48		19.9346		34.9586
20		0.5		188.8		19.9369		35.0216
20		0.5		189.12		19.9334		35.075
20		0.5		189.44		19.9303		35.1341
20		0.5		189.76		19.9255		35.191
20		0.5		190.08		19.9277		35.251
20		0.5		190.4		19.9346		35.3127
20		0.5		190.72		19.9378		35.3704
20		0.5		191.04		19.9305		35.4273
20		0.5		191.36		19.937		35.4872
20		0.5		191.68		19.9329		35.5459
20		0.5		192		19.9364		35.6109
20		0.5		192.32		19.9325		35.673
20		0.5		192.64		19.9297		35.7317
20		0.5		192.96		19.9285		35.7978
20		0.5		193.28		19.9293		35.8548
20		0.5		193.6		19.9285		35.9123
20		0.5		193.92		19.919		35.9673
20		0.5		194.24		19.9289		36.0266
20		0.5		194.56		19.9415		36.085
20		0.5		194.88		19.9359		36.1385
20		0.5		195.2		19.9303		36.1956
20		0.5		195.52		19.9393		36.2501
20		0.5		195.84		19.9503		36.307
20		0.5		196.16		19.9527		36.3656
20		0.5		196.48		19.9452		36.4204
20		0.5		196.8		19.9359		36.4762
20		0.5		197.12		19.9376		36.5342
20		0.5		197.44		19.9311		36.592
20		0.5		197.76		19.9348		36.6519
20		0.5		198.08		19.9342		36.707
20		0.5		198.4		19.9365		36.7667
20		0.5		198.72		19.9468		36.8313
20		0.5		199.04		19.9438		36.8864
20		0.5		199.36		19.9453		36.9407
20		0.5		199.68		19.948		37.0027
20		0.5		200		19.9555		37.0657
20		0.5		200.32		19.9618		37.1307
20		0.5		200.64		19.9611		37.1896
20		0.5		200.96		19.9658		37.2482
20		0.5		201.28		19.9631		37.3086
20		0.5		201.6		19.9715		37.366
20		0.5		201.92		19.9629		37.4266
20		0.5		202.24		19.9584		37.4867
20		0.5		202.56		19.9628		37.5403
20		0.5		202.88		19.9632		37.6004
20		0.5		203.2		19.9655		37.6657
20		0.5		203.52		19.9666		37.7248
20		0.5		203.84		19.9577		37.7823
20		0.5		204.16		19.9604		37.8435
20		0.5		204.48		19.9572		37.8975
20		0.5		204.8		19.953		37.9553
20		0.5		205.12		19.9604		38.0122
20		0.5		205.44		19.9521		38.0715
20		0.5		205.76		19.9608		38.1296
20		0.5		206.08		19.9507		38.1885
20		0.5		206.4		19.9549		38.2491
20		0.5		206.72		19.9487		38.3077
20		0.5		207.04		19.9476		38.3645
20		0.5		207.36		19.9469		38.4216
20		0.5		207.68		19.9521		38.4799
20		0.5		208		19.9452		38.5362
20		0.5		208.32		19.9525		38.5922
20		0.5		208.64		19.9643		38.651
20		0.5		208.96		19.9663		38.7113
20		0.5		209.28		19.9617		38.7698
20		0.5		209.6		19.9576		38.8246
20		0.5		209.92		19.9517		38.8898
20		0.5		210.24		19.9438		38.9474
20		0.5		210.56		19.9308		39.0033
20		0.5		210.88		19.9319		39.0604
20		0.5		211.2		19.9258		39.1182
20		0.5		211.52		19.931		39.1757
20		0.5		211.84		19.9207		39.2376
20		0.5		212.16		19.9215		39.2951
20		0.5		212.48		19.9165		39.3529
20		0.5		212.8		19.9208		39.4104
20		0.5		213.12		19.9154		39.4639
20		0.5		213.44		19.9206		39.5231
20		0.5		213.76		19.9261		39.5795
20		0.5		214.08		19.9246		39.6383
20		0.5		214.4		19.9212		39.692
20		0.5		214.72		19.9217		39.7502
20		0.5		215.04		19.9188		39.8117
20		0.5		215.36		19.9116		39.8701
20		0.5		215.68		19.9067		39.9265
20		0.5		216		19.907		39.9826
20		0.5		216.32		19.9083		40.0435
20		0.5		216.64		19.9138		40.0988
20		0.5		216.96		19.9157		40.1595
20		0.5		217.28		19.919		40.2181
20		0.5		217.6		19.912		40.2753
20		0.5		217.92		19.911		40.3325
20		0.5		218.24		19.9077		40.3943
20		0.5		218.56		19.905		40.45
20		0.5		218.88		19.9087		40.5094
20		0.5		219.2		19.9052		40.5664
20		0.5		219.52		19.8993		40.6279
20		0.5		219.84		19.8975		40.688
20		0.5		220.16		19.8977		40.747
20		0.5		220.48		19.8901		40.8061
20		0.5		220.8		19.893		40.8662
20		0.5		221.12		19.8906		40.9294
20		0.5		221.44		19.8823		40.9917
20		0.5		221.76		19.8797		41.0494
20		0.5		222.08		19.8815		41.1063
20		0.5		222.4		19.8776		41.1635
20		0.5		222.72		19.8842		41.222
20		0.5		223.04		19.8812		41.2846
20		0.5		223.36		19.8735		41.3418
20		0.5		223.68		19.8809		41.3991
20		0.5		224		19.8823		41.4552
20		0.5		224.32		19.8824		41.5136
20		0.5		224.64		19.8748		41.5747
20		0.5		224.96		19.8661		41.6288
20		0.5		225.28		19.8527		41.6875
20		0.5		225.6		19.8538		41.7442
20		0.5		225.92		19.8684		41.8032
20		0.5		226.24		19.8651		41.8628
20		0.5		226.56		19.862		41.9192
20		0.5		226.88		19.8712		41.9773
20		0.5		227.2		19.8807		42.0413
20		0.5		227.52		19.8813		42.0995
20		0.5		227.84		19.8787		42.1586
20		0.5		228.16		19.8789		42.2174
20		0.5		228.48		19.8804		42.2782
20		0.5		228.8		19.8795		42.3359
20		0.5		229.12		19.8796		42.3969
20		0.5		229.44		19.8757		42.4509
20		0.5		229.76		19.8729		42.5072
20		0.5		230.08		19.8718		42.5643
20		0.5		230.4		19.8733		42.625
20		0.5		230.72		19.8866		42.6834
20		0.5		231.04		19.8837		42.7414
20		0.5		231.36		19.8833		42.7968
20		0.5		231.68		19.8783		42.8567
20		0.5		232		19.88		42.9162
20		0.5		232.32		19.8812		42.9736
20		0.5		232.64		19.8716		43.0291
20		0.5		232.96		19.8677		43.0841
20		0.5		233.28		19.8724		43.1481
20		0.5		233.6		19.8709		43.2089
20		0.5		233.92		19.8777		43.2658
20		0.5		234.24		19.8779		43.3274
20		0.5		234.56		19.8836		43.3813
20		0.5		234.88		19.8912		43.4385
20		0.5		235.2		19.8827		43.4971
20		0.5		235.52		19.882		43.5524
20		0.5		235.84		19.892		43.6097
20		0.5		236.16		19.8992		43.669
20		0.5		236.48		19.8899		43.7252
20		0.5		236.8		19.8834		43.7856
20		0.5		237.12		19.8824		43.845
20		0.5		237.44		19.884		43.9019
20		0.5		237.76		19.8803		43.9579
20		0.5		238.08		19.8881		44.0132
20		0.5		238.4		19.891		44.0743
20		0.5		238.72		19.893		44.135
20		0.5		239.04		19.8908		44.1911
20		0.5		239.36		19.8932		44.2455
20		0.5		239.68		19.8872		44.3033
20		0.5		240		19.895		44.3609
20		0.5		240.32		19.8906		44.4178
20		0.5		240.64		19.8877		44.4747
20		0.5		240.96		19.8879		44.5302
20		0.5		241.28		19.885		44.5875
20		0.5		241.6		19.8826		44.6454
20		0.5		241.92		19.8699		44.7055
20		0.5		242.24		19.8577		44.7637
20		0.5		242.56		19.8597		44.8227
20		0.5		242.88		19.8604		44.8808
20		0.5		243.2		19.8575		44.9429
20		0.5		243.52		19.8515		45.0022
20		0.5		243.84		19.8606		45.0529
20		0.5		244.16		19.8543		45.1151
20		0.5		244.48		19.8604		45.17
20		0.5		244.8		19.8618		45.2333
20		0.5		245.12		19.8769		45.2916
20		0.5		245.44		19.8766		45.3512
20		0.5		245.76		19.8684		45.4073
20		0.5		246.08		19.8788		45.4646
20		0.5		246.4		19.8658		45.5255
20		0.5		246.72		19.8677		45.5804
20		0.5		247.04		19.8681		45.6403
20		0.5		247.36		19.8688		45.7007
20		0.5		247.68		19.865		45.755
20		0.5		248		19.8692		45.8084
20		0.5		248.32		19.8719		45.8654
20		0.5		248.64		19.879		45.925
20		0.5		248.96		19.8882		45.9846
20		0.5		249.28		19.8927		46.0433
20		0.5		249.6		19.8916		46.0964
20		0.5		249.92		19.8915		46.161
20		0.5		250.24		19.8888		46.2195
20		0.5		250.56		19.8792		46.281
20		0.5		250.88		19.8759		46.3353
20		0.5		251.2		19.8793		46.3962
20		0.5		251.52		19.8997		46.4558
20		0.5		251.84		19.9058		46.5156
20		0.5		252.16		19.8981		46.5763
20		0.5		252.48		19.8897		46.6328
20		0.5		252.8		19.8897		46.6903
20		0.5		253.12		19.8922		46.7484
20		0.5		253.44		19.8985		46.8071
20		0.5		253.76		19.9035		46.8703
20		0.5		254.08		19.9122		46.933
20		0.5		254.4		19.9035		46.9926
20		0.5		254.72		19.8996		47.0551
20		0.5		255.04		19.8971		47.1091
20		0.5		255.36		19.9014		47.1662
20		0.5		255.68		19.8964		47.2179
20		0.5		256		19.8888		47.2754
20		0.5		256.32		19.8935		47.3315
20		0.5		256.64		19.8846		47.3923
20		0.5		256.96		19.8938		47.4503
20		0.5		257.28		19.9003		47.5037
20		0.5		257.6		19.8978		47.5612
20		0.5		257.92		19.895		47.6186
20		0.5		258.24		19.9		47.6763
20		0.5		258.56		19.8959		47.7336
20		0.5		258.88		19.8903		47.7926
20		0.5		259.2		19.8906		47.853
20		0.5		259.52		19.8976		47.911
20		0.5		259.84		19.9115		47.9698
20		0.5		260.16		19.909		48.0294
20		0.5		260.48		19.9096		48.0915
20		0.5		260.8		19.9115		48.148
20		0.5		261.12		19.9088		48.2078
20		0.5		261.44		19.9058		48.2638
20		0.5		261.76		19.8991		48.322
20		0.5		262.08		19.8986		48.3797
20		0.5		262.4		19.9062		48.4384
20		0.5		262.72		19.9053		48.4977
20		0.5		263.04		19.9041		48.5573
20		0.5		263.36		19.9056		48.6174
20		0.5		263.68		19.9044		48.679
20		0.5		264		19.9121		48.7351
20		0.5		264.32		19.9161		48.7956
20		0.5		264.64		19.9189		48.8493
20		0.5		264.96		19.9223		48.904
20		0.5		265.28		19.9197		48.966
20		0.5		265.6		19.9181		49.0249
20		0.5		265.92		19.9121		49.0821
20		0.5		266.24		19.9191		49.1408
20		0.5		266.56		19.9165		49.2023
20		0.5		266.88		19.9214		49.2617
20		0.5		267.2		19.9304		49.3214
20		0.5		267.52		19.9321		49.3762
20		0.5		267.84		19.9285		49.4299
20		0.5		268.16		19.9296		49.4846
20		0.5		268.48		19.9286		49.5485
20		0.5		268.8		19.9266		49.6091
20		0.5		269.12		19.9259		49.6608
20		0.5		269.44		19.9398		49.7166
20		0.5		269.76		19.9427		49.7792
20		0.5		270.08		19.9458		49.8392
20		0.5		270.4		19.9531		49.8998
20		0.5		270.72		19.947		49.9617
20		0.5		271.04		19.9517		50.0247
20		0.5		271.36		19.9677		50.0785
20		0.5		271.68		19.9621		50.1332
20		0.5		272		19.9485		50.1848
20		0.5		272.32		19.9546		50.2399
20		0.5		272.64		19.9559		50.2984
20		0.5		272.96		19.9525		50.3568
20		0.5		273.28		19.9587		50.4165
20		0.5		273.6		19.9623		50.4747
20		0.5		273.92		19.9586		50.5371
20		0.5		274.24		19.9561		50.5941
20		0.5		274.56		19.9444		50.6564
20		0.5		274.88		19.9359		50.7128
20		0.5		275.2		19.9338		50.7778
20		0.5		275.52		19.9458		50.8373
20		0.5		275.84		19.9467		50.8925
20		0.5		276.16		19.9411		50.9525
20		0.5		276.48		19.9391		51.0106
20		0.5		276.8		19.9411		51.0705
20		0.5		277.12		19.9469		51.1356
20		0.5		277.44		19.9604		51.1865
20		0.5		277.76		19.9557		51.2429
20		0.5		278.08		19.9529		51.3018
20		0.5		278.4		19.9543		51.3584
20		0.5		278.72		19.9521		51.4151
20		0.5		279.04		19.9525		51.4741
20		0.5		279.36		19.9571		51.5291
20		0.5		279.68		19.9528		51.5884
20		0.5		280		19.9515		51.6452
20		0.5		280.32		19.9535		51.7001
20		0.5		280.64		19.9487		51.7576
20		0.5		280.96		19.9453		51.8167
20		0.5		281.28		19.9499		51.8756
20		0.5		281.6		19.9487		51.9275
20		0.5		281.92		19.9411		51.9864
20		0.5		282.24		19.9365		52.0502
20		0.5		282.56		19.9345		52.1092
20		0.5		282.88		19.9386		52.1696
20		0.5		283.2		19.9498		52.226
20		0.5		283.52		19.9461		52.2843
20		0.5		283.84		19.9407		52.3437
20		0.5		284.16		19.9451		52.3986
20		0.5		284.48		19.944		52.456
20		0.5		284.8		19.9475		52.5161
20		0.5		285.12		19.9472		52.5757
20		0.5		285.44		19.9351		52.6331
20		0.5		285.76		19.9349		52.6941
20		0.5		286.08		19.937		52.7514
20		0.5		286.4		19.9342		52.8127
20		0.5		286.72		19.939		52.8708
20		0.5		287.04		19.9533		52.9314
20		0.5		287.36		19.9436		52.9909
20		0.5		287.68		19.9404		53.0475
20		0.5		288		19.9276		53.1101
20		0.5		288.32		19.9232		53.1665
20		0.5		288.64		19.9167		53.2287
20		0.5		288.96		19.9105		53.2889
20		0.5		289.28		19.909		53.3467
20		0.5		289.6		19.9066		53.4004
20		0.5		289.92		19.9016		53.459
20		0.5		290.24		19.9117		53.5189
20		0.5		290.56		19.9113		53.5781
20		0.5		290.88		19.9061		53.6373
20		0.5		291.2		19.8991		53.6962
20		0.5		291.52		19.8921		53.7536
20		0.5		291.84		19.9013		53.8125
20		0.5		292.16		19.8972		53.8693
20		0.5		292.48		19.8918		53.9288
20		0.5		292.8		19.892		53.9815
20		0.5		293.12		19.8967		54.0448
20		0.5		293.44		19.8894		54.1067
20		0.5		293.76		19.8868		54.1638
20		0.5		294.08		19.8897		54.2196
20		0.5		294.4		19.8949		54.279
20		0.5		294.72		19.8936		54.3376
20		0.5		295.04		19.8861		54.3949
20		0.5		295.36		19.8903		54.4484
20		0.5		295.68		19.8926		54.506
20		0.5		296		19.8874		54.5654
20		0.5		296.32		19.8911		54.6215
20		0.5		296.64		19.8922		54.682
20		0.5		296.96		19.8892		54.7448
20		0.5		297.28		19.89		54.8054
20		0.5		297.6		19.9004		54.8599
20		0.5		297.92		19.903		54.9197
20		0.5		298.24		19.9192		54.9774
20		0.5		298.56		19.9213		55.0358
20		0.5		298.88		19.9192		55.0939
20		0.5		299.2		19.9111		55.1568
20		0.5		299.52		19.9217		55.2123
20		0.5		299.84		19.9086		55.2708
20		0.5		300.16		19.9225		55.3276
20		0.5		300.48		19.9176		55.385
20		0.5		300.8		19.9227		55.4469
20		0.5		301.12		19.9215		55.5045
20		0.5		301.44		19.9211		55.5666
20		0.5		301.76		19.9196		55.6252
20		0.5		302.08		19.9205		55.6838
20		0.5		302.4		19.9075		55.7468
20		0.5		302.72		19.8974		55.8034
20		0.5		303.04		19.8968		55.8603
20		0.5		303.36		19.9003		55.9208
20		0.5		303.68		19.9099		55.9766
20		0.5		304		19.9099		56.0338
20		0.5		304.32		19.9081		56.0915
20		0.5		304.64		19.9169		56.1487
20		0.5		304.96		19.9122		56.2049
20		0.5		305.28		19.9071		56.2612
20		0.5		305.6		19.911		56.318
20		0.5		305.92		19.9136		56.3773
20		0.5		306.24		19.9063		56.4326
20		0.5		306.56		19.913		56.4887
20		0.5		306.88		19.9157		56.5455
20		0.5		307.2		19.9021		56.6046
20		0.5		307.52		19.8999		56.6632
20		0.5		307.84		19.9026		56.7205
20		0.5		308.16		19.912		56.7807
20		0.5		308.48		19.9125		56.8402
20		0.5		308.8		19.9143		56.8996
20		0.5		309.12		19.9066		56.9598
20		0.5		309.44		19.9052		57.0159
20		0.5		309.76		19.9018		57.079
20		0.5		310.08		19.9005		57.1342
20		0.5		310.4		19.8907		57.1904
20		0.5		310.72		19.8962		57.246
20		0.5		311.04		19.8901		57.3104
20		0.5		311.36		19.8725		57.3715
20		0.5		311.68		19.8574		57.4282
20		0.5		312		19.8564		57.4864
20		0.5		312.32		19.8598		57.5479
20		0.5		312.64		19.8643		57.6049
20		0.5		312.96		19.8714		57.6652
20		0.5		313.28		19.8679		57.7214
20		0.5		313.6		19.8634		57.7808
20		0.5		313.92		19.8528		57.8403
20		0.5		314.24		19.8485		57.903
20		0.5		314.56		19.8588		57.9599
20		0.5		314.88		19.8654		58.0195
20		0.5		315.2		19.8596		58.0752
20		0.5		315.52		19.8545		58.1358
20		0.5		315.84		19.8615		58.1959
20		0.5		316.16		19.8596		58.2555
20		0.5		316.48		19.8655		58.3173
20		0.5		316.8		19.8586		58.3754
20		0.5		317.12		19.854		58.4302
20		0.5		317.44		19.8503		58.4946
20		0.5		317.76		19.8415		58.5589
20		0.5		318.08		19.8362		58.6206
20		0.5		318.4		19.8323		58.6801
20		0.5		318.72		19.8311		58.7422
20		0.5		319.04		19.8254		58.7997
20		0.5		319.36		19.8214		58.8559
20		0.5		319.68		19.8231		58.9149
20		0.5		320		19.8261		58.9737
20		0.5		320.32		19.8253		59.0295
20		0.5		320.64		19.8116		59.0885
20		0.5		320.96		19.8104		59.1507
20		0.5		321.28		19.8092		59.2095
20		0.5		321.6		19.8106		59.2641
20		0.5		321.92		19.8088		59.3228
20		0.5		322.24		19.8067		59.3839
20		0.5		322.56		19.8132		59.4378
20		0.5		322.88		19.8144		59.4997
20		0.5		323.2		19.8191		59.5577
20		0.5		323.52		19.8107		59.6218
20		0.5		323.84		19.8132		59.6802
20		0.5		324.16		19.8065		59.7341
20		0.5		324.48		19.8115		59.7966
20		0.5		324.8		19.8096		59.8534
20		0.5		325.12		19.8165		59.9092
20		0.5		325.44		19.8177		59.9667
20		0.5		325.76		19.8116		60.0238
20		0.5		326.08		19.8101		60.079
20		0.5		326.4		19.8088		60.1396
20		0.5		326.72		19.8129		60.1983
20		0.5		327.04		19.8205		60.2552
20		0.5		327.36		19.8176		60.3147
20		0.5		327.68		19.8242		60.3734
20		0.5		328		19.8194		60.4279
20		0.5		328.32		19.8159		60.4872
20		0.5		328.64		19.8171		60.5491
20		0.5		328.96		19.822		60.6095
20		0.5		329.28		19.8188		60.6667
20		0.5		329.6		19.8233		60.7245
20		0.5		329.92		19.8178		60.7898
20		0.5		330.24		19.8254		60.8473
20		0.5		330.56		19.8198		60.9065
20		0.5		330.88		19.8242		60.9631
20		0.5		331.2		19.8169		61.0254
20		0.5		331.52		19.8263		61.0835
20		0.5		331.84		19.8267		61.1388
20		0.5		332.16		19.8364		61.1967
20		0.5		332.48		19.8327		61.2564
20		0.5		332.8		19.8376		61.3121
20		0.5		333.12		19.8357		61.3659
20		0.5		333.44		19.8342		61.424
20		0.5		333.76		19.8336		61.4851
20		0.5		334.08		19.8407		61.5479
20		0.5		334.4		19.8326		61.608
20		0.5		334.72		19.8323		61.6604
20		0.5		335.04		19.8268		61.7171
20		0.5		335.36		19.8386		61.7797
20		0.5		335.68		19.8413		61.8378
20		0.5		336		19.8382		61.8962
20		0.5		336.32		19.8378		61.9589
20		0.5		336.64		19.8412		62.0178
20		0.5		336.96		19.8439		62.0823
20		0.5		337.28		19.8431		62.1414
20		0.5		337.6		19.8369		62.2018
20		0.5		337.92		19.8394		62.2615
20		0.5		338.24		19.83		62.323
20		0.5		338.56		19.8349		62.3819
20		0.5		338.88		19.8265		62.4391
20		0.5		339.2		19.8314		62.4972
20		0.5		339.52		19.8427		62.5557
20		0.5		339.84		19.838		62.6133
20		0.5		340.16		19.8391		62.6716
20		0.5		340.48		19.8418		62.7323
20		0.5		340.8		19.8324		62.7938
20		0.5		341.12		19.8402		62.853
20		0.5		341.44		19.8403		62.9101
20		0.5		341.76		19.8333		62.9665
20		0.5		342.08		19.8397		63.0256
20		0.5		342.4		19.838		63.0834
20		0.5		342.72		19.8395		63.1444
20		0.5		343.04		19.8471		63.2086
20		0.5		343.36		19.8527		63.2605
20		0.5		343.68		19.86		63.323
20		0.5		344		19.8695		63.3806
20		0.5		344.32		19.8752		63.4419
20		0.5		344.64		19.8832		63.4993
20		0.5		344.96		19.8844		63.555
20		0.5		345.28		19.8827		63.6133
20		0.5		345.6		19.8941		63.6731
20		0.5		345.92		19.8932		63.7335
20		0.5		346.24		19.8968		63.791
20		0.5		346.56		19.897		63.8532
20		0.5		346.88		19.8945		63.9121
20		0.5		347.2		19.9038		63.9726
20		0.5		347.52		19.9		64.03
20		0.5		347.84		19.8935		64.0901
20		0.5		348.16		19.8967		64.1512
20		0.5		348.48		19.8858		64.208
20		0.5		348.8		19.8831		64.2711
20		0.5		349.12		19.875		64.3291
20		0.5		349.44		19.8739		64.3876
20		0.5		349.76		19.875		64.4468
20		0.5		350.08		19.8808		64.5036
20		0.5		350.4		19.8834		64.5642
20		0.5		350.72		19.8797		64.6235
20		0.5		351.04		19.8755		64.6792
20		0.5		351.36		19.8788		64.7377
20		0.5		351.68		19.8838		64.7971
20		0.5		352		19.8804		64.8527
20		0.5		352.32		19.8756		64.9118
20		0.5		352.64		19.8709		64.9684
20		0.5		352.96		19.8787		65.0301
20		0.5		353.28		19.8807		65.0871
20		0.5		353.6		19.8936		65.1473
20		0.5		353.92		19.8982		65.2071
20		0.5		354.24		19.9016		65.2631
20		0.5		354.56		19.91		65.3266
20		0.5		354.88		19.9099		65.3801
20		0.5		355.2		19.8962		65.4405
20		0.5		355.52		19.9054		65.4991
20		0.5		355.84		19.9114		65.5572
20		0.5		356.16		19.9075		65.6186
20		0.5		356.48		19.9084		65.6736
20		0.5		356.8		19.8971		65.7376
20		0.5		357.12		19.8896		65.7931
20		0.5		357.44		19.8812		65.8578
20		0.5		357.76		19.878		65.918
20		0.5		358.08		19.8754		65.9732
20		0.5		358.4		19.8755		66.0294
20		0.5		358.72		19.874		66.0859
20		0.5		359.04		19.8765		66.1466
20		0.5		359.36		19.8753		66.2033
20		0.5		359.68		19.8735		66.2589
20		0.5		360		19.877		66.3129
20		0.5		360.32		19.8782		66.3738
20		0.5		360.64		19.8739		66.432
20		0.5		360.96		19.8866		66.4872
20		0.5		361.28		19.8943		66.5472
20		0.5		361.6		19.8943		66.6055
20		0.5		361.92		19.8781		66.6661
20		0.5		362.24		19.8748		66.7264
20		0.5		362.56		19.8804		66.7878
20		0.5		362.88		19.888		66.8471
20		0.5		363.2		19.8949		66.9019
20		0.5		363.52		19.8907		66.9573
20		0.5		363.84		19.8918		67.0178
20		0.5		364.16		19.8872		67.0773
20		0.5		364.48		19.8852		67.1334
20		0.5		364.8		19.8848		67.1923
20		0.5		365.12		19.8979		67.2467
20		0.5		365.44		19.9034		67.3041
20		0.5		365.76		19.9002		67.362
20		0.5		366.08		19.8871		67.4207
20		0.5		366.4		19.8936		67.4798
20		0.5		366.72		19.8827		67.54
20		0.5		367.04		19.8787		67.5959
20		0.5		367.36		19.8804		67.652
20		0.5		367.68		19.8889		67.7114
20		0.5		368		19.8784		67.7683
20		0.5		368.32		19.8833		67.8276
20		0.5		368.64		19.8957		67.8861
20		0.5		368.96		19.8972		67.9485
20		0.5		369.28		19.9022		68.0069
20		0.5		369.6		19.9092		68.0652
20		0.5		369.92		19.9116		68.1243
20		0.5		370.24		19.9116		68.1852
20		0.5		370.56		19.915		68.2456
20		0.5		370.88		19.9148		68.3022
20		0.5		371.2		19.912		68.3619
20		0.5		371.52		19.924		68.4194
20		0.5		371.84		19.9148		68.4789
20		0.5		372.16		19.9118		68.5379
20		0.5		372.48		19.9166		68.5936
20		0.5		372.8		19.9223		68.6578
20		0.5		373.12		19.932		68.7145
20		0.5		373.44		19.9271		68.7738
20		0.5		373.76		19.9298		68.8291
20		0.5		374.08		19.934		68.8879
20		0.5		374.4		19.9363		68.9442
20		0.5		374.72		19.9437		69.0007
20		0.5		375.04		19.9468		69.06
20		0.5		375.36		19.9377		69.1219
20		0.5		375.68		19.9377		69.1805
20		0.5		376		19.9298		69.2358
20		0.5		376.32		19.9422		69.2896
20		0.5		376.64		19.9387		69.3455
20		0.5		376.96		19.9506		69.4014
20		0.5		377.28		19.9451		69.463
20		0.5		377.6		19.9406		69.5181
20		0.5		377.92		19.9342		69.5737
20		0.5		378.24		19.9337		69.6336
20		0.5		378.56		19.9332		69.6914
20		0.5		378.88		19.9353		69.7515
20		0.5		379.2		19.9345		69.8095
20		0.5		379.52		19.9341		69.8602
20		0.5		379.84		19.9271		69.9149
20		0.5		380.16		19.9349		69.9719
20		0.5		380.48		19.9294		70.0299
20		0.5		380.8		19.9368		70.0875
20		0.5		381.12		19.9359		70.1456
20		0.5		381.44		19.9472		70.2021
20		0.5		381.76		19.9466		70.2636
20		0.5		382.08		19.9455		70.3245
20		0.5		382.4		19.9498		70.3845
20		0.5		382.72		19.9534		70.4401
20		0.5		383.04		19.9564		70.497
20		0.5		383.36		19.9597		70.5588
20		0.5		383.68		19.9596		70.6171
20		0.5		384		19.9558		70.6727
20		0.5		384.32		19.9427		70.7269
20		0.5		384.64		19.9411		70.7832
20		0.5		384.96		19.945		70.8439
20		0.5		385.28		19.943		70.9028
20		0.5		385.6		19.9436		70.9599
20		0.5		385.92		19.9391		71.0146
20		0.5		386.24		19.9364		71.0714
20		0.5		386.56		19.9354		71.1327
20		0.5		386.88		19.9383		71.1907
20		0.5		387.2		19.9344		71.2524
20		0.5		387.52		19.9398		71.309
20		0.5		387.84		19.9459		71.3651
20		0.5		388.16		19.9373		71.4267
20		0.5		388.48		19.933		71.4841
20		0.5		388.8		19.9363		71.5478
20		0.5		389.12		19.9373		71.6061
20		0.5		389.44		19.9334		71.6641
20		0.5		389.76		19.9413		71.7238
20		0.5		390.08		19.9356		71.7857
20		0.5		390.4		19.9382		71.8421
20		0.5		390.72		19.9338		71.9064
20		0.5		391.04		19.9325		71.9649
20		0.5		391.36		19.9445		72.0261
20		0.5		391.68		19.9377		72.0865
20		0.5		392		19.9373		72.1414
20		0.5		392.32		19.9412		72.2001
20		0.5		392.64		19.9419		72.256
20		0.5		392.96		19.9448		72.3099
20		0.5		393.28		19.9393		72.3694
20		0.5		393.6		19.9383		72.4291
20		0.5		393.92		19.9405		72.4855
20		0.5		394.24		19.9407		72.5431
20		0.5		394.56		19.9468		72.6005
20		0.5		394.88		19.9474		72.6631
20		0.5		395.2		19.9476		72.7197
20		0.5		395.52		19.95		72.7827
20		0.5		395.84		19.9539		72.8419
20		0.5		396.16		19.9674		72.8976
20		0.5		396.48		19.9703		72.9545
20		0.5		396.8		19.9717		73.0142
20		0.5		397.12		19.9787		73.0726
20		0.5		397.44		19.9712		73.1299
20		0.5		397.76		19.9713		73.1868
20		0.5		398.08		19.9799		73.2467
20		0.5		398.4		19.9832		73.3044
20		0.5		398.72		19.9816		73.3653
20		0.5		399.04		19.978		73.4259
20		0.5		399.36		19.9807		73.4852
20		0.5		399.68		19.9872		73.5433
20		0.5		400		19.9875		73.6092
20		0.5		400.32		19.9853		73.6605
20		0.5		400.64		19.9842		73.7181
20		0.5		400.96		19.9756		73.7782
20		0.5		401.28		19.9794		73.8398
20		0.5		401.6		19.9802		73.9013
20		0.5		401.92		19.9834		73.963
20		0.5		402.24		19.995		74.0205
20		0.5		402.56		20.0023		74.0797
20		0.5		402.88		19.9962		74.1403
20		0.5		403.2		19.9855		74.1988
20		0.5		403.52		19.9787		74.2575
20		0.5		403.84		19.9788		74.3157
20		0.5		404.16		19.9801		74.3777
20		0.5		404.48		19.9948		74.4356
20		0.5		404.8		19.9983		74.4932
20		0.5		405.12		19.9884		74.5501
20		0.5		405.44		19.9817		74.6083
20		0.5		405.76		19.9815		74.665
20		0.5		406.08		19.9801		74.7209
20		0.5		406.4		19.9862		74.7804
20		0.5		406.72		19.9795		74.8392
20		0.5		407.04		19.9755		74.8969
20		0.5		407.36		19.9775		74.9533
20		0.5		407.68		19.9801		75.0084
20		0.5		408		19.9795		75.063
20		0.5		408.32		19.9797		75.1239
20		0.5		408.64		19.9757		75.1793
20		0.5		408.96		19.9721		75.24
20		0.5		409.28		19.9651		75.301
20		0.5		409.6		19.9639		75.3583
20		0.5		409.92		19.9734		75.4136
20		0.5		410.24		19.9793		75.475
20		0.5		410.56		19.9825		75.5345
20		0.5		410.88		19.9951		75.5924
20		0.5		411.2		19.9977		75.6485
20		0.5		411.52		19.9929		75.7084
20		0.5		411.84		19.9945		75.7672
20		0.5		412.16		19.9951		75.8247
20		0.5		412.48		19.9951		75.8848
20		0.5		412.8		19.9903		75.9457
20		0.5		413.12		19.9996		76.0048
20		0.5		413.44		19.9958		76.0681
20		0.5		413.76		20.001		76.1302
20		0.5		414.08		20.0072		76.1866
20		0.5		414.4		20.0065		76.2454
20		0.5		414.72		20.0068		76.306
20		0.5		415.04		20.0086		76.361
20		0.5		415.36		19.9937		76.4215
20		0.5		415.68		19.992		76.4782
20		0.5		416		20.0043		76.5361
20		0.5		416.32		20.0115		76.596
20		0.5		416.64		20.0044		76.6537
20		0.5		416.96		20.0121		76.7157
20		0.5		417.28		20.0108		76.7762
20		0.5		417.6		20.0093		76.8317
20		0.5		417.92		20.0082		76.8935
20		0.5		418.24		20.0157		76.9575
20		0.5		418.56		20.0107		77.0207
20		0.5		418.88		19.9959		77.0768
20		0.5		419.2		19.9959		77.1372
20		0.5		419.52		19.9949		77.1935
20		0.5		419.84		19.9934		77.2526
20		0.5		420.16		20.0063		77.3082
20		0.5		420.48		20.009		77.366
20		0.5		420.8		20.0112		77.425
20		0.5		421.12		20.0049		77.484
20		0.5		421.44		20.0148		77.5426
20		0.5		421.76		20.0142		77.5977
20		0.5		422.08		20.0156		77.658
20		0.5		422.4		20.0151		77.7165
20		0.5		422.72		20.0129		77.7751
20		0.5		423.04		20.0077		77.8332
20		0.5		423.36		19.9978		77.892
20		0.5		423.68		20		77.9511
20		0.5		424		19.9976		78.0044
20		0.5		424.32		20.0045		78.0637
20		0.5		424.64		19.9984		78.1218
20		0.5		424.96		20.0068		78.1822
20		0.5		425.28		20.004		78.2419
20		0.5		425.6		19.9968		78.3048
20		0.5		425.92		19.9972		78.3644
20		0.5		426.24		20.0011		78.4298
20		0.5		426.56		20.0057		78.4945
20		0.5		426.88		20.0126		78.5591
20		0.5		427.2		20.0045		78.616
20		0.5		427.52		19.998		78.6731
20		0.5		427.84		20.0015		78.7302
20		0.5		428.16		19.9885		78.7915
20		0.5		428.48		19.987		78.8491
20		0.5		428.8		19.9829		78.9062
20		0.5		429.12		19.9792		78.9643
20		0.5		429.44		19.9679		79.0277
20		0.5		429.76		19.9608		79.0866
20		0.5		430.08		19.9626		79.1416
20		0.5		430.4		19.9569		79.2037
20		0.5		430.72		19.9492		79.2593
20		0.5		431.04		19.9386		79.3175
20		0.5		431.36		19.9405		79.3743
20		0.5		431.68		19.9421		79.4313
20		0.5		432		19.9439		79.4919
20		0.5		432.32		19.9408		79.5522
20		0.5		432.64		19.9374		79.6096
20		0.5		432.96		19.9345		79.6668
20		0.5		433.28		19.9369		79.7225
20		0.5		433.6		19.9417		79.7784
20		0.5		433.92		19.9495		79.8382
20		0.5		434.24		19.9466		79.8942
20		0.5		434.56		19.9455		79.9528
20		0.5		434.88		19.946		80.0061
20		0.5		435.2		19.9451		80.0643
20		0.5		435.52		19.9425		80.1263
20		0.5		435.84		19.9419		80.1842
20		0.5		436.16		19.9532		80.2436
20		0.5		436.48		19.9538		80.3023
20		0.5		436.8		19.9509		80.3606
20		0.5		437.12		19.946		80.4174
20		0.5		437.44		19.9458		80.4784
20		0.5		437.76		19.9617		80.5434
20		0.5		438.08		19.9677		80.6
20		0.5		438.4		19.957		80.6534
20		0.5		438.72		19.9563		80.7118
20		0.5		439.04		19.9526		80.7704
20		0.5		439.36		19.9553		80.8271
20		0.5		439.68		19.9578		80.8837
20		0.5		440		19.9512		80.9436
20		0.5		440.32		19.9517		81.0003
20		0.5		440.64		19.9498		81.053
20		0.5		440.96		19.9446		81.1116
20		0.5		441.28		19.9502		81.1678
20		0.5		441.6		19.9546		81.2244
20		0.5		441.92		19.9491		81.2813
20		0.5		442.24		19.9509		81.3425
20		0.5		442.56		19.9474		81.4035
20		0.5		442.88		19.9468		81.456
20		0.5		443.2		19.9424		81.5114
20		0.5		443.52		19.9424		81.568
20		0.5		443.84		19.9304		81.6237
20		0.5		444.16		19.9256		81.6826
20		0.5		444.48		19.9218		81.7417
20		0.5		444.8		19.9344		81.8028
20		0.5		445.12		19.9332		81.8616
20		0.5		445.44		19.9287		81.9214
20		0.5		445.76		19.9253		81.9811
20		0.5		446.08		19.9259		82.0411
20		0.5		446.4		19.927		82.1002
20		0.5		446.72		19.9329		82.1566
20		0.5		447.04		19.9316		82.2142
20		0.5		447.36		19.9329		82.2776
20		0.5		447.68		19.9293		82.3348
20		0.5		448		19.9281		82.3889
20		0.5		448.32		19.9302		82.4485
20		0.5		448.64		19.9323		82.5083
20		0.5		448.96		19.9351		82.5707
20		0.5		449.28		19.9456		82.6305
20		0.5		449.6		19.9441		82.6878
20		0.5		449.92		19.9462		82.749
20		0.5		450.24		19.9429		82.8073
20		0.5		450.56		19.9464		82.8678
20		0.5		450.88		19.9483		82.9258
20		0.5		451.2		19.9493		82.9833
20		0.5		451.52		19.9403		83.0442
20		0.5		451.84		19.942		83.1043
20		0.5		452.16		19.939		83.1628
20		0.5		452.48		19.947		83.223
20		0.5		452.8		19.937		83.281
20		0.5		453.12		19.9339		83.3381
20		0.5		453.44		19.9221		83.395
20		0.5		453.76		19.9148		83.4504
20		0.5		454.08		19.9139		83.5072
20		0.5		454.4		19.9095		83.5693
20		0.5		454.72		19.9032		83.6278
20		0.5		455.04		19.9142		83.6828
20		0.5		455.36		19.9107		83.7423
20		0.5		455.68		19.9128		83.8043
20		0.5		456		19.9217		83.8664
20		0.5		456.32		19.9121		83.9227
20		0.5		456.64		19.903		83.9822
20		0.5		456.96		19.9089		84.0401
20		0.5		457.28		19.913		84.0965
20		0.5		457.6		19.9103		84.1538
20		0.5		457.92		19.8988		84.2156
20		0.5		458.24		19.8893		84.2746
20		0.5		458.56		19.8951		84.3299
20		0.5		458.88		19.8956		84.3871
20		0.5		459.2		19.899		84.4513
20		0.5		459.52		19.894		84.5109
20		0.5		459.84		19.8895		84.5735
20		0.5		460.16		19.8894		84.6308
20		0.5		460.48		19.8857		84.6925
20		0.5		460.8		19.8762		84.756
20		0.5		461.12		19.8702		84.8109
20		0.5		461.44		19.8705		84.8724
20		0.5		461.76		19.8655		84.9323
20		0.5		462.08		19.8616		84.9909
20		0.5		462.4		19.8554		85.0469
20		0.5		462.72		19.8607		85.1104
20		0.5		463.04		19.8614		85.1689
20		0.5		463.36		19.8478		85.2288
20		0.5		463.68		19.8374		85.2875
20		0.5		464		19.831		85.3475
20		0.5		464.32		19.8243		85.408
20		0.5		464.64		19.8349		85.4687
20		0.5		464.96		19.8344		85.5247
20		0.5		465.28		19.8315		85.5844
20		0.5		465.6		19.8293		85.6397
20		0.5		465.92		19.8307		85.6959
20		0.5		466.24		19.8323		85.757
20		0.5		466.56		19.8266		85.82
20		0.5		466.88		19.8235		85.8814
20		0.5		467.2		19.8273		85.9443
20		0.5		467.52		19.8249		86.0054
20		0.5		467.84		19.8157		86.0644
20		0.5		468.16		19.8196		86.1141
20		0.5		468.48		19.8167		86.1711
20		0.5		468.8		19.8147		86.23
20		0.5		469.12		19.8108		86.286
20		0.5		469.44		19.8076		86.3499
20		0.5		469.76		19.8		86.4043
20		0.5		470.08		19.8102		86.4583
20		0.5		470.4		19.8081		86.5131
20		0.5		470.72		19.8082		86.5703
20		0.5		471.04		19.8098		86.6303
20		0.5		471.36		19.8203		86.6881
20		0.5		471.68		19.8223		86.7498
20		0.5		472		19.8214		86.8123
20		0.5		472.32		19.8197		86.8709
20		0.5		472.64		19.817		86.9244
20		0.5		472.96		19.8188		86.9845
20		0.5		473.28		19.8092		87.044
20		0.5		473.6		19.8094		87.1081
20		0.5		473.92		19.8125		87.169
20		0.5		474.24		19.817		87.2271
20		0.5		474.56		19.8209		87.2878
20		0.5		474.88		19.8076		87.3411
20		0.5		475.2		19.8032		87.3972
20		0.5		475.52		19.8076		87.4626
20		0.5		475.84		19.8058		87.5199
20		0.5		476.16		19.8016		87.5831
20		0.5		476.48		19.8066		87.6411
20		0.5		476.8		19.7996		87.698
20		0.5		477.12		19.8008		87.7576
20		0.5		477.44		19.7941		87.8185
20		0.5		477.76		19.7925		87.877
20		0.5		478.08		19.7831		87.9357
20		0.5		478.4		19.7836		87.997
20		0.5		478.72		19.7914		88.0549
20		0.5		479.04		19.7809		88.1146
20		0.5		479.36		19.7759		88.1754
20		0.5		479.68		19.7738		88.2339
20		0.5		480		19.7764		88.2925
20		0.5		480.32		19.7764		88.351
20		0.5		480.64		19.7891		88.4099
20		0.5		480.96		19.7941		88.4688
20		0.5		481.28		19.7976		88.5278
20		0.5		481.6		19.7968		88.5853
20		0.5		481.92		19.8074		88.6454
20		0.5		482.24		19.8084		88.7066
20		0.5		482.56		19.809		88.7627
20		0.5		482.88		19.8165		88.8194
20		0.5		483.2		19.8169		88.8759
20		0.5		483.52		19.8126		88.9371
20		0.5		483.84		19.8098		88.9891
20		0.5		484.16		19.813		89.0499
20		0.5		484.48		19.8129		89.1066
20		0.5		484.8		19.8157		89.1663
20		0.5		485.12		19.81		89.2249
20		0.5		485.44		19.8034		89.2876
20		0.5		485.76		19.8024		89.3481
20		0.5		486.08		19.8056		89.4048
20		0.5		486.4		19.7995		89.4605
20		0.5		486.72		19.7957		89.517
20		0.5		487.04		19.7901		89.5745
20		0.5		487.36		19.7972		89.6342
20		0.5		487.68		19.801		89.6949
20		0.5		488		19.8087		89.7554
20		0.5		488.32		19.82		89.8128
20		0.5		488.64		19.8185		89.8764
20		0.5		488.96		19.8193		89.9355
20		0.5		489.28		19.8217		89.9955
20		0.5		489.6		19.8206		90.0509
20		0.5		489.92		19.8212		90.1128
20		0.5		490.24		19.8193		90.1709
20		0.5		490.56		19.8221		90.2251
20		0.5		490.88		19.8266		90.2892
20		0.5		491.2		19.8202		90.3504
20		0.5		491.52		19.8155		90.4119
20		0.5		491.84		19.8055		90.4746
20		0.5		492.16		19.8059		90.5361
20		0.5		492.48		19.7971		90.597
20		0.5		492.8		19.8029		90.662
20		0.5		493.12		19.8127		90.7193
20		0.5		493.44		19.8158		90.7792
20		0.5		493.76		19.819		90.8399
20		0.5		494.08		19.8142		90.897
20		0.5		494.4		19.8115		90.9562
20		0.5		494.72		19.8145		91.0143
20		0.5		495.04		19.8139		91.0742
20		0.5		495.36		19.8121		91.1376
20		0.5		495.68		19.8203		91.1937
20		0.5		496		19.8219		91.2511
20		0.5		496.32		19.8231		91.3094
20		0.5		496.64		19.8122		91.3668
20		0.5		496.96		19.8096		91.4216
20		0.5		497.28		19.8085		91.4771
20		0.5		497.6		19.8131		91.532
20		0.5		497.92		19.8165		91.5901
20		0.5		498.24		19.8195		91.6459
20		0.5		498.56		19.8269		91.7057
20		0.5		498.88		19.8278		91.7602
20		0.5		499.2		19.8306		91.8181
20		0.5		499.52		19.8246		91.8804
20		0.5		499.84		19.8197		91.9343
20		0.5		500.16		19.8204		91.9952
20		0.5		500.48		19.8182		92.0549
20		0.5		500.8		19.8087		92.117
20		0.5		501.12		19.8146		92.1779
20		0.5		501.44		19.8125		92.2368
20		0.5		501.76		19.8172		92.2974
20		0.5		502.08		19.8067		92.3578
20		0.5		502.4		19.8044		92.4191
20		0.5		502.72		19.8095		92.479
20		0.5		503.04		19.806		92.5356
20		0.5		503.36		19.798		92.5985
20		0.5		503.68		19.7987		92.6503
20		0.5		504		19.7945		92.7061
20		0.5		504.32		19.7983		92.7653
20		0.5		504.64		19.792		92.8306
20		0.5		504.96		19.8037		92.8898
20		0.5		505.28		19.7992		92.9507
20		0.5		505.6		19.7995		93.0088
20		0.5		505.92		19.7996		93.0685
20		0.5		506.24		19.8011		93.1295
20		0.5		506.56		19.8079		93.1868
20		0.5		506.88		19.8139		93.2467
20		0.5		507.2		19.8206		93.3049
20		0.5		507.52		19.8292		93.3605
20		0.5		507.84		19.8339		93.4203
20		0.5		508.16		19.8326		93.4757
20		0.5		508.48		19.8359		93.5336
20		0.5		508.8		19.8402		93.5938
20		0.5		509.12		19.8347		93.6492
20		0.5		509.44		19.8425		93.7088
20		0.5		509.76		19.8519		93.7667
20		0.5		510.08		19.8567		93.8211
20		0.5		510.4		19.855		93.8755
20		0.5		510.72		19.8505		93.9325
20		0.5		511.04		19.8534		93.9916
20		0.5		511.36		19.8495		94.0513
20		0.5		511.68		19.8413		94.1155
20		0.5		512		19.8357		94.1731
20		0.5		512.32		19.8328		94.2306
20		0.5		512.64		19.824		94.2885
20		0.5		512.96		19.8228		94.3528
20		0.5		513.28		19.8217		94.4123
20		0.5		513.6		19.8275		94.4704
20		0.5		513.92		19.8191		94.5289
20		0.5		514.24		19.8183		94.5845
20		0.5		514.56		19.8105		94.643
20		0.5		514.88		19.8138		94.7008
20		0.5		515.2		19.8133		94.7589
20		0.5		515.52		19.8064		94.8205
20		0.5		515.84		19.818		94.8772
20		0.5		516.16		19.8146		94.9361
20		0.5		516.48		19.8122		94.9913
20		0.5		516.8		19.8192		95.0508
20		0.5		517.12		19.8202		95.1078
20		0.5		517.44		19.826		95.1705
20		0.5		517.76		19.8189		95.2252
20		0.5		518.08		19.823		95.2819
20		0.5		518.4		19.8278		95.3381
20		0.5		518.72		19.8266		95.3982
20		0.5		519.04		19.8321		95.4543
20		0.5		519.36		19.8205		95.5151
20		0.5		519.68		19.8301		95.5695
20		0.5		520		19.8358		95.6275
20		0.5		520.32		19.8349		95.686
20		0.5		520.64		19.8344		95.751
20		0.5		520.96		19.8258		95.8103
20		0.5		521.28		19.8354		95.8702
20		0.5		521.6		19.8379		95.9295
20		0.5		521.92		19.8436		95.9894
20		0.5		522.24		19.8448		96.048
20		0.5		522.56		19.8485		96.1058
20		0.5		522.88		19.8484		96.1702
20		0.5		523.2		19.8524		96.2326
20		0.5		523.52		19.8529		96.2918
20		0.5		523.84		19.8466		96.3472
20		0.5		524.16		19.8458		96.4057
20		0.5		524.48		19.8475		96.4657
20		0.5		524.8		19.8325		96.5272
20		0.5		525.12		19.8247		96.5893
20		0.5		525.44		19.8275		96.6506
20		0.5		525.76		19.839		96.7124
20		0.5		526.08		19.8352		96.7728
20		0.5		526.4		19.8384		96.8295
20		0.5		526.72		19.8344		96.8895
20		0.5		527.04		19.8343		96.9442
20		0.5		527.36		19.8307		96.9994
20		0.5		527.68		19.8261		97.0573
20		0.5		528		19.8303		97.1159
20		0.5		528.32		19.8331		97.1737
20		0.5		528.64		19.8235		97.2286
20		0.5		528.96		19.8176		97.2928
20		0.5		529.28		19.8139		97.3496
20		0.5		529.6		19.8064		97.4074
20		0.5		529.92		19.8023		97.4686
20		0.5		530.24		19.7934		97.5268
20		0.5		530.56		19.7951		97.5903
20		0.5		530.88		19.7971		97.6508
20		0.5		531.2		19.7949		97.7111
20		0.5		531.52		19.7912		97.7672
20		0.5		531.84		19.7839		97.8252
20		0.5		532.16		19.7757		97.8841
20		0.5		532.48		19.7774		97.9419
20		0.5		532.8		19.7833		97.998
20		0.5		533.12		19.7871		98.0582
20		0.5		533.44		19.7855		98.1168
20		0.5		533.76		19.7851		98.1742
20		0.5		534.08		19.7882		98.2374
20		0.5		534.4		19.7919		98.2975
20		0.5		534.72		19.7855		98.3544
20		0.5		535.04		19.7855		98.416
20		0.5		535.36		19.7767		98.4736
20		0.5		535.68		19.7907		98.5324
20		0.5		536		19.7891		98.5926
20		0.5		536.32		19.8003		98.6504
20		0.5		536.64		19.7987		98.7111
20		0.5		536.96		19.7986		98.7729
20		0.5		537.28		19.7995		98.8348
20		0.5		537.6		19.8069		98.8938
20		0.5		537.92		19.8028		98.9486
20		0.5		538.24		19.8036		99.0091
20		0.5		538.56		19.8062		99.0673
20		0.5		538.88		19.8091		99.1236
20		0.5		539.2		19.8134		99.1797
20		0.5		539.52		19.8213		99.2417
20		0.5		539.84		19.8211		99.3016
20		0.5		540.16		19.8224		99.3566
20		0.5		540.48		19.8217		99.4174
20		0.5		540.8		19.8176		99.4757
20		0.5		541.12		19.8102		99.5356
20		0.5		541.44		19.8093		99.5979
20		0.5		541.76		19.8062		99.6588
20		0.5		542.08		19.796		99.7168
20		0.5		542.4		19.7998		99.7726
20		0.5		542.72		19.8025		99.8307
20		0.5		543.04		19.8092		99.8884
20		0.5		543.36		19.7993		99.9445
20		0.5		543.68		19.8021		100.007
20		0.5		544		19.794		100.069
20		0.5		544.32		19.7855		100.126
20		0.5		544.64		19.7941		100.184
20		0.5		544.96		19.7933		100.242
20		0.5		545.28		19.7859		100.301
20		0.5		545.6		19.7996		100.355
20		0.5		545.92		19.7897		100.417
20		0.5		546.24		19.7878		100.473
20		0.5		546.56		19.7973		100.535
20		0.5		546.88		19.7999		100.597
20		0.5		547.2		19.8042		100.651
20		0.5		547.52		19.8055		100.71
20		0.5		547.84		19.808		100.771
20		0.5		548.16		19.7986		100.83
20		0.5		548.48		19.8087		100.89
20		0.5		548.8		19.8075		100.947
20		0.5		549.12		19.8192		101.006
20		0.5		549.44		19.8226		101.06
20		0.5		549.76		19.8278		101.118
20		0.5		550.08		19.823		101.176
20		0.5		550.4		19.8266		101.235
20		0.5		550.72		19.8168		101.294
20		0.5		551.04		19.8134		101.353
20		0.5		551.36		19.8172		101.406
20		0.5		551.68		19.8194		101.459
20		0.5		552		19.8228		101.519
20		0.5		552.32		19.8222		101.578
20		0.5		552.64		19.8339		101.638
20		0.5		552.96		19.8353		101.696
20		0.5		553.28		19.8318		101.755
20		0.5		553.6		19.8322		101.813
20		0.5		553.92		19.8411		101.865
20		0.5		554.24		19.8321		101.926
20		0.5		554.56		19.8346		101.984
20		0.5		554.88		19.8321		102.04
20		0.5		555.2		19.8373		102.096
20		0.5		555.52		19.8345		102.158
20		0.5		555.84		19.8411		102.216
20		0.5		556.16		19.8488		102.274
20		0.5		556.48		19.856		102.331
20		0.5		556.8		19.8632		102.392
20		0.5		557.12		19.8657		102.455
20		0.5		557.44		19.8527		102.518
20		0.5		557.76		19.8466		102.577
20		0.5		558.08		19.8428		102.636
20		0.5		558.4		19.8437		102.7
20		0.5		558.72		19.8421		102.76
20		0.5		559.04		19.8377		102.819
20		0.5		559.36		19.8351		102.878
20		0.5		559.68		19.8422		102.937
20		0.5		560		19.8476		103
20		0.5		560.32		19.8451		103.058
20		0.5		560.64		19.8435		103.117
20		0.5		560.96		19.8464		103.177
20		0.5		561.28		19.8462		103.239
20		0.5		561.6		19.8464		103.297
20		0.5		561.92		19.8491		103.353
20		0.5		562.24		19.8524		103.415
20		0.5		562.56		19.8579		103.477
20		0.5		562.88		19.8573		103.532
20		0.5		563.2		19.8492		103.595
20		0.5		563.52		19.8507		103.651
20		0.5		563.84		19.8483		103.712
20		0.5		564.16		19.8346		103.774
20		0.5		564.48		19.8428		103.832
20		0.5		564.8		19.8386		103.892
20		0.5		565.12		19.8437		103.953
20		0.5		565.44		19.8562		104.011
20		0.5		565.76		19.8619		104.068
20		0.5		566.08		19.8717		104.123
20		0.5		566.4		19.8699		104.181
20		0.5		566.72		19.8639		104.24
20		0.5		567.04		19.8427		104.298
20		0.5		567.36		19.8355		104.356
20		0.5		567.68		19.8333		104.415
20		0.5		568		19.8435		104.469
20		0.5		568.32		19.8552		104.527
20		0.5		568.64		19.8555		104.583
20		0.5		568.96		19.8557		104.641
20		0.5		569.28		19.8526		104.701
20		0.5		569.6		19.8654		104.755
20		0.5		569.92		19.8628		104.807
20		0.5		570.24		19.8649		104.864
20		0.5		570.56		19.8687		104.925
20		0.5		570.88		19.8676		104.986
20		0.5		571.2		19.866		105.046
20		0.5		571.52		19.8521		105.104
20		0.5		571.84		19.839		105.165
20		0.5		572.16		19.8218		105.22
20		0.5		572.48		19.8157		105.279
20		0.5		572.8		19.8217		105.339
20		0.5		573.12		19.8218		105.396
20		0.5		573.44		19.8224		105.449
20		0.5		573.76		19.8323		105.508
20		0.5		574.08		19.8146		105.565
20		0.5		574.4		19.8181		105.62
20		0.5		574.72		19.8172		105.678
20		0.5		575.04		19.8125		105.737
20		0.5		575.36		19.8153		105.795
20		0.5		575.68		19.8107		105.853
20		0.5		576		19.8089		105.911
20		0.5		576.32		19.8068		105.973
20		0.5		576.64		19.7948		106.039
20		0.5		576.96		19.7892		106.094
20		0.5		577.28		19.786		106.154
20		0.5		577.6		19.7805		106.216
20		0.5		577.92		19.7757		106.274
20		0.5		578.24		19.7776		106.333
20		0.5		578.56		19.7809		106.391
20		0.5		578.88		19.7679		106.45
20		0.5		579.2		19.7653		106.514
20		0.5		579.52		19.7769		106.577
20		0.5		579.84		19.7671		106.637
20		0.5		580.16		19.765		106.695
20		0.5		580.48		19.7702		106.751
20		0.5		580.8		19.7656		106.81
20		0.5		581.12		19.7742		106.866
20		0.5		581.44		19.7738		106.924
20		0.5		581.76		19.7797		106.979
20		0.5		582.08		19.7698		107.03
20		0.5		582.4		19.764		107.088
20		0.5		582.72		19.7748		107.146
20		0.5		583.04		19.7766		107.204
20		0.5		583.36		19.7697		107.262
20		0.5		583.68		19.7786		107.319
20		0.5		584		19.7791		107.378
20		0.5		584.32		19.7861		107.437
20		0.5		584.64		19.7912		107.493
20		0.5		584.96		19.7797		107.547
20		0.5		585.28		19.7831		107.602
20		0.5		585.6		19.7802		107.663
20		0.5		585.92		19.7795		107.717
20		0.5		586.24		19.7767		107.774
20		0.5		586.56		19.7756		107.835
20		0.5		586.88		19.7752		107.89
20		0.5		587.2		19.7632		107.948
20		0.5		587.52		19.7604		108.01
20		0.5		587.84		19.7717		108.072
20		0.5		588.16		19.7797		108.127
20		0.5		588.48		19.7884		108.185
20		0.5		588.8		19.7858		108.241
20		0.5		589.12		19.7785		108.302
20		0.5		589.44		19.772		108.359
20		0.5		589.76		19.7697		108.423
20		0.5		590.08		19.7781		108.486
20		0.5		590.4		19.7843		108.543
20		0.5		590.72		19.7889		108.599
20		0.5		591.04		19.7865		108.655
20		0.5		591.36		19.7789		108.718
20		0.5		591.68		19.7849		108.772
20		0.5		592		19.7801		108.829
20		0.5		592.32		19.7822		108.892
20		0.5		592.64		19.7918		108.948
20		0.5		592.96		19.797		109.007
20		0.5		593.28		19.8004		109.064
20		0.5		593.6		19.8025		109.12
20		0.5		593.92		19.8021		109.172
20		0.5		594.24		19.8018		109.228
20		0.5		594.56		19.8036		109.292
20		0.5		594.88		19.8053		109.353
20		0.5		595.2		19.8006		109.405
20		0.5		595.52		19.7968		109.461
20		0.5		595.84		19.7875		109.514
20		0.5		596.16		19.7823		109.571
20		0.5		596.48		19.7809		109.627
20		0.5		596.8		19.7862		109.683
20		0.5		597.12		19.7751		109.739
20		0.5		597.44		19.771		109.793
20		0.5		597.76		19.7694		109.853
20		0.5		598.08		19.7744		109.915
20		0.5		598.4		19.7702		109.973
20		0.5		598.72		19.7622		110.035
20		0.5		599.04		19.7604		110.091
20		0.5		599.36		19.7625		110.152
20		0.5		599.68		19.7631		110.213
20		0.5		600		19.7541		110.274
20		0.5		600.32		19.7571		110.333
20		0.5		600.64		19.762		110.391
20		0.5		600.96		19.769		110.453
20		0.5		601.28		19.7694		110.511
20		0.5		601.6		19.7617		110.567
20		0.5		601.92		19.7634		110.622
20		0.5		602.24		19.7634		110.683
20		0.5		602.56		19.7651		110.742
20		0.5		602.88		19.7619		110.801
20		0.5		603.2		19.7711		110.861
20		0.5		603.52		19.7673		110.922
20		0.5		603.84		19.7722		110.986
20		0.5		604.16		19.7578		111.047
20		0.5		604.48		19.7522		111.104
20		0.5		604.8		19.7542		111.163
20		0.5		605.12		19.7565		111.218
20		0.5		605.44		19.7429		111.28
20		0.5		605.76		19.7369		111.338
20		0.5		606.08		19.737		111.402
20		0.5		606.4		19.7479		111.457
20		0.5		606.72		19.7523		111.517
20		0.5		607.04		19.7593		111.577
20		0.5		607.36		19.7567		111.633
20		0.5		607.68		19.7548		111.695
20		0.5		608		19.7581		111.755
20		0.5		608.32		19.7576		111.814
20		0.5		608.64		19.7539		111.872
20		0.5		608.96		19.7591		111.931
20		0.5		609.28		19.7513		111.989
20		0.5		609.6		19.7573		112.049
20		0.5		609.92		19.7515		112.107
20		0.5		610.24		19.7567		112.168
20		0.5		610.56		19.756		112.221
20		0.5		610.88		19.7498		112.279
20		0.5		611.2		19.7443		112.336
20		0.5		611.52		19.7358		112.395
20		0.5		611.84		19.7404		112.452
20		0.5		612.16		19.7465		112.513
20		0.5		612.48		19.7395		112.577
20		0.5		612.8		19.7312		112.64
20		0.5		613.12		19.7242		112.696
20		0.5		613.44		19.7246		112.757
20		0.5		613.76		19.7198		112.813
20		0.5		614.08		19.7158		112.868
20		0.5		614.4		19.7081		112.924
20		0.5		614.72		19.7122		112.977
20		0.5		615.04		19.7189		113.038
20		0.5		615.36		19.718		113.096
20		0.5		615.68		19.7172		113.155
20		0.5		616		19.7217		113.215
20		0.5		616.32		19.7232		113.27
20		0.5		616.64		19.7133		113.331
20		0.5		616.96		19.7089		113.397
20		0.5		617.28		19.7146		113.459
20		0.5		617.6		19.7138		113.518
20		0.5		617.92		19.7045		113.578
20		0.5		618.24		19.6976		113.636
20		0.5		618.56		19.6986		113.695
20		0.5		618.88		19.7035		113.755
20		0.5		619.2		19.7023		113.811
20		0.5		619.52		19.7138		113.871
20		0.5		619.84		19.7137		113.928
20		0.5		620.16		19.7133		113.986
20		0.5		620.48		19.7174		114.048
20		0.5		620.8		19.7223		114.103
20		0.5		621.12		19.7143		114.168
20		0.5		621.44		19.7135		114.224
20		0.5		621.76		19.7212		114.287
20		0.5		622.08		19.7199		114.345
20		0.5		622.4		19.7173		114.401
20		0.5		622.72		19.7195		114.458
20		0.5		623.04		19.7214		114.516
20		0.5		623.36		19.7119		114.575
20		0.5		623.68		19.7221		114.633
20		0.5		624		19.7229		114.687
20		0.5		624.32		19.7237		114.742
20		0.5		624.64		19.72		114.802
20		0.5		624.96		19.7176		114.863
20		0.5		625.28		19.7182		114.923
20		0.5		625.6		19.7189		114.989
20		0.5		625.92		19.7226		115.047
20		0.5		626.24		19.7178		115.104
20		0.5		626.56		19.718		115.163
20		0.5		626.88		19.7083		115.216
20		0.5		627.2		19.7026		115.276
20		0.5		627.52		19.6954		115.335
20		0.5		627.84		19.6904		115.395
20		0.5		628.16		19.6991		115.451
20		0.5		628.48		19.699		115.508
20		0.5		628.8		19.7024		115.567
20		0.5		629.12		19.6999		115.625
20		0.5		629.44		19.7008		115.68
20		0.5		629.76		19.693		115.738
20		0.5		630.08		19.6974		115.791
20		0.5		630.4		19.6991		115.849
20		0.5		630.72		19.6959		115.904
20		0.5		631.04		19.7073		115.969
20		0.5		631.36		19.7136		116.028
20		0.5		631.68		19.7134		116.085
20		0.5		632		19.7186		116.146
20		0.5		632.32		19.7234		116.202
20		0.5		632.64		19.7179		116.262
20		0.5		632.96		19.7215		116.317
20		0.5		633.28		19.715		116.377
20		0.5		633.6		19.7087		116.439
20		0.5		633.92		19.7186		116.498
20		0.5		634.24		19.7135		116.555
20		0.5		634.56		19.7108		116.609
20		0.5		634.88		19.709		116.664
20		0.5		635.2		19.7064		116.722
20		0.5		635.52		19.711		116.782
20		0.5		635.84		19.708		116.842
20		0.5		636.16		19.7144		116.904
20		0.5		636.48		19.711		116.966
20		0.5		636.8		19.7039		117.027
20		0.5		637.12		19.7039		117.084
20		0.5		637.44		19.6977		117.144
20		0.5		637.76		19.6967		117.201
20		0.5		638.08		19.7003		117.264
20		0.5		638.4		19.6943		117.325
20		0.5		638.72		19.6949		117.383
20		0.5		639.04		19.6971		117.439
20		0.5		639.36		19.6918		117.5
20		0.5		639.68		19.6927		117.557
20		0.5		640		19.6917		117.619
20		0.5		640.32		19.6966		117.677
20		0.5		640.64		19.6957		117.729
20		0.5		640.96		19.6985		117.791
20		0.5		641.28		19.6984		117.855
20		0.5		641.6		19.7001		117.914
20		0.5		641.92		19.6945		117.969
20		0.5		642.24		19.6955		118.028
20		0.5		642.56		19.7015		118.091
20		0.5		642.88		19.6982		118.149
20		0.5		643.2		19.7045		118.206
20		0.5		643.52		19.7006		118.263
20		0.5		643.84		19.6875		118.326
20		0.5		644.16		19.6827		118.383
20		0.5		644.48		19.6731		118.44
20		0.5		644.8		19.6648		118.497
20		0.5		645.12		19.6689		118.557
20		0.5		645.44		19.6624		118.61
20		0.5		645.76		19.661		118.667
20		0.5		646.08		19.6667		118.723
20		0.5		646.4		19.6572		118.783
20		0.5		646.72		19.6645		118.837
20		0.5		647.04		19.6619		118.899
20		0.5		647.36		19.6652		118.958
20		0.5		647.68		19.6625		119.015
20		0.5		648		19.68		119.072
20		0.5		648.32		19.6856		119.124
20		0.5		648.64		19.677		119.184
20		0.5		648.96		19.671		119.244
20		0.5		649.28		19.6752		119.302
20		0.5		649.6		19.674		119.359
20		0.5		649.92		19.6725		119.416
20		0.5		650.24		19.6595		119.473
20		0.5		650.56		19.6657		119.533
20		0.5		650.88		19.6743		119.59
20		0.5		651.2		19.6771		119.654
20		0.5		651.52		19.684		119.713
20		0.5		651.84		19.6752		119.769
20		0.5		652.16		19.6775		119.828
20		0.5		652.48		19.677		119.885
20		0.5		652.8		19.6729		119.945
20		0.5		653.12		19.6669		120.003
20		0.5		653.44		19.6724		120.061
20		0.5		653.76		19.6776		120.12
20		0.5		654.08		19.6764		120.184
20		0.5		654.4		19.6661		120.242
20		0.5		654.72		19.6659		120.3
20		0.5		655.04		19.6672		120.36
20		0.5		655.36		19.6765		120.419
20		0.5		655.68		19.6767		120.476
20		0.5		656		19.6818		120.534
20		0.5		656.32		19.6829		120.595
20		0.5		656.64		19.6869		120.657
20		0.5		656.96		19.6865		120.72
20		0.5		657.28		19.6811		120.772
20		0.5		657.6		19.68		120.833
20		0.5		657.92		19.6758		120.892
20		0.5		658.24		19.6603		120.953
20		0.5		658.56		19.6672		121.008
20		0.5		658.88		19.6669		121.06
20		0.5		659.2		19.6617		121.116
20		0.5		659.52		19.6641		121.175
20		0.5		659.84		19.6607		121.236
20		0.5		660.16		19.659		121.296
20		0.5		660.48		19.6604		121.356
20		0.5		660.8		19.6721		121.416
20		0.5		661.12		19.6704		121.474
20		0.5		661.44		19.672		121.535
20		0.5		661.76		19.6715		121.591
20		0.5		662.08		19.6731		121.652
20		0.5		662.4		19.6729		121.709
20		0.5		662.72		19.6801		121.768
20		0.5		663.04		19.6854		121.823
20		0.5		663.36		19.6813		121.881
20		0.5		663.68		19.6913		121.944
20		0.5		664		19.6943		122.005
20		0.5		664.32		19.7009		122.064
20		0.5		664.64		19.703		122.119
20		0.5		664.96		19.7013		122.181
20		0.5		665.28		19.7066		122.241
20		0.5		665.6		19.7102		122.303
20		0.5		665.92		19.7053		122.359
20		0.5		666.24		19.7117		122.421
20		0.5		666.56		19.7048		122.476
20		0.5		666.88		19.7072		122.538
20		0.5		667.2		19.695		122.594
20		0.5		667.52		19.6942		122.651
20		0.5		667.84		19.7054		122.709
20		0.5		668.16		19.7009		122.763
20		0.5		668.48		19.7063		122.824
20		0.5		668.8		19.7078		122.88
20		0.5		669.12		19.7007		122.937
20		0.5		669.44		19.7093		122.995
20		0.5		669.76		19.7028		123.052
20		0.5		670.08		19.6925		123.111
20		0.5		670.4		19.6982		123.171
20		0.5		670.72		19.7116		123.233
20		0.5		671.04		19.7146		123.29
20		0.5		671.36		19.7122		123.35
20		0.5		671.68		19.7162		123.406
20		0.5		672		19.7203		123.463
20		0.5		672.32		19.7189		123.52
20		0.5		672.64		19.7225		123.575
20		0.5		672.96		19.7239		123.632
20		0.5		673.28		19.7234		123.694
20		0.5		673.6		19.7225		123.758
20		0.5		673.92		19.716		123.812
20		0.5		674.24		19.7151		123.873
20		0.5		674.56		19.7217		123.932
20		0.5		674.88		19.7251		123.991
20		0.5		675.2		19.7271		124.051
20		0.5		675.52		19.7349		124.108
20		0.5		675.84		19.7309		124.168
20		0.5		676.16		19.7417		124.224
20		0.5		676.48		19.7494		124.28
20		0.5		676.8		19.7562		124.343
20		0.5		677.12		19.7591		124.404
20		0.5		677.44		19.7715		124.461
20		0.5		677.76		19.778		124.518
20		0.5		678.08		19.7811		124.577
20		0.5		678.4		19.7733		124.639
20		0.5		678.72		19.7775		124.704
20		0.5		679.04		19.7704		124.768
20		0.5		679.36		19.7688		124.825
20		0.5		679.68		19.766		124.889
20		0.5		680		19.7746		124.95
20		0.5		680.32		19.7826		125.005
20		0.5		680.64		19.7799		125.07
20		0.5		680.96		19.7808		125.125
20		0.5		681.28		19.7754		125.183
20		0.5		681.6		19.7781		125.247
20		0.5		681.92		19.7739		125.309
20		0.5		682.24		19.7662		125.363
20		0.5		682.56		19.7656		125.428
20		0.5		682.88		19.7546		125.492
20		0.5		683.2		19.7562		125.553
20		0.5		683.52		19.7497		125.609
20		0.5		683.84		19.7506		125.671
20		0.5		684.16		19.7495		125.725
20		0.5		684.48		19.7426		125.784
20		0.5		684.8		19.7492		125.839
20		0.5		685.12		19.7313		125.899
20		0.5		685.44		19.7251		125.956
20		0.5		685.76		19.7306		126.015
20		0.5		686.08		19.7166		126.071
20		0.5		686.4		19.7159		126.13
20		0.5		686.72		19.7114		126.189
20		0.5		687.04		19.7093		126.252
20		0.5		687.36		19.713		126.316
20		0.5		687.68		19.7145		126.379
20		0.5		688		19.7188		126.443
20		0.5		688.32		19.7192		126.5
20		0.5		688.64		19.7178		126.558
20		0.5		688.96		19.7166		126.618
20		0.5		689.28		19.7212		126.676
20		0.5		689.6		19.7276		126.733
20		0.5		689.92		19.7349		126.795
20		0.5		690.24		19.7384		126.851
20		0.5		690.56		19.7345		126.913
20		0.5		690.88		19.7321		126.973
20		0.5		691.2		19.7358		127.025
20		0.5		691.52		19.7422		127.083
20		0.5		691.84		19.7535		127.14
20		0.5		692.16		19.7491		127.197
20		0.5		692.48		19.7461		127.25
20		0.5		692.8		19.7365		127.308
20		0.5		693.12		19.7462		127.367
20		0.5		693.44		19.7407		127.431
20		0.5		693.76		19.7387		127.488
20		0.5		694.08		19.7429		127.549
20		0.5		694.4		19.7505		127.607
20		0.5		694.72		19.7458		127.663
20		0.5		695.04		19.7472		127.723
20		0.5		695.36		19.7404		127.779
20		0.5		695.68		19.7273		127.837
20		0.5		696		19.7291		127.898
20		0.5		696.32		19.7312		127.958
20		0.5		696.64		19.7215		128.019
20		0.5		696.96		19.7167		128.081
20		0.5		697.28		19.7102		128.137
20		0.5		697.6		19.7119		128.195
20		0.5		697.92		19.711		128.256
20		0.5		698.24		19.7154		128.313
20		0.5		698.56		19.7128		128.375
20		0.5		698.88		19.7089		128.438
20		0.5		699.2		19.7064		128.497
20		0.5		699.52		19.7065		128.561
20		0.5		699.84		19.7036		128.623
20		0.5		700.16		19.6932		128.683
20		0.5		700.48		19.6943		128.738
20		0.5		700.8		19.6924		128.799
20		0.5		701.12		19.6977		128.86
20		0.5		701.44		19.6941		128.919
20		0.5		701.76		19.6911		128.975
20		0.5		702.08		19.6956		129.039
20		0.5		702.4		19.6914		129.097
20		0.5		702.72		19.6962		129.155
20		0.5		703.04		19.6899		129.212
20		0.5		703.36		19.6868		129.27
20		0.5		703.68		19.6927		129.33
20		0.5		704		19.6945		129.387
20		0.5		704.32		19.6942		129.449
20		0.5		704.64		19.6794		129.506
20		0.5		704.96		19.6721		129.568
20		0.5		705.28		19.6723		129.628
20		0.5		705.6		19.6836		129.689
20		0.5		705.92		19.683		129.75
20		0.5		706.24		19.6849		129.812
20		0.5		706.56		19.6689		129.87
20		0.5		706.88		19.6595		129.931
20		0.5		707.2		19.6666		129.989
20		0.5		707.52		19.6731		130.049
20		0.5		707.84		19.6678		130.109
20		0.5		708.16		19.6738		130.168
20		0.5		708.48		19.6745		130.231
20		0.5		708.8		19.6737		130.292
20		0.5		709.12		19.6666		130.348
20		0.5		709.44		19.6761		130.408
20		0.5		709.76		19.6791		130.472
20		0.5		710.08		19.6941		130.534
20		0.5		710.4		19.6828		130.59
20		0.5		710.72		19.6911		130.652
20		0.5		711.04		19.6879		130.711
20		0.5		711.36		19.684		130.768
20		0.5		711.68		19.6841		130.827
20		0.5		712		19.6904		130.883
20		0.5		712.32		19.6973		130.945
20		0.5		712.64		19.7045		131.008
20		0.5		712.96		19.6981		131.07
20		0.5		713.28		19.6953		131.127
20		0.5		713.6		19.6928		131.185
20		0.5		713.92		19.6988		131.248
20		0.5		714.24		19.6919		131.308
20		0.5		714.56		19.6869		131.366
20		0.5		714.88		19.6856		131.419
20		0.5		715.2		19.6859		131.478
20		0.5		715.52		19.6748		131.535
20		0.5		715.84		19.67		131.593
20		0.5		716.16		19.676		131.655
20		0.5		716.48		19.6719		131.714
20		0.5		716.8		19.6779		131.772
20		0.5		717.12		19.6681		131.829
20		0.5		717.44		19.6634		131.887
20		0.5		717.76		19.6622		131.943
20		0.5		718.08		19.6628		132.004
20		0.5		718.4		19.6617		132.06
20		0.5		718.72		19.6658		132.12
20		0.5		719.04		19.6667		132.181
20		0.5		719.36		19.6732		132.237
20		0.5		719.68		19.6833		132.296
20		0.5		720		19.6853		132.358
20		0.5		720.32		19.6812		132.416
20		0.5		720.64		19.6758		132.473
20		0.5		720.96		19.6646		132.527
20		0.5		721.28		19.6731		132.587
20		0.5		721.6		19.6767		132.648
20		0.5		721.92		19.6694		132.71
20		0.5		722.24		19.678		132.77
20		0.5		722.56		19.6807		132.825
20		0.5		722.88		19.6925		132.883
20		0.5		723.2		19.6951		132.941
20		0.5		723.52		19.6892		133.004
20		0.5		723.84		19.692		133.058
20		0.5		724.16		19.6955		133.111
20		0.5		724.48		19.6977		133.168
20		0.5		724.8		19.7006		133.222
20		0.5		725.12		19.702		133.281
20		0.5		725.44		19.7135		133.335
20		0.5		725.76		19.7151		133.395
20		0.5		726.08		19.713		133.454
20		0.5		726.4		19.7151		133.515
20		0.5		726.72		19.7098		133.569
20		0.5		727.04		19.7069		133.626
20		0.5		727.36		19.709		133.687
20		0.5		727.68		19.7068		133.742
20		0.5		728		19.7043		133.799
20		0.5		728.32		19.698		133.854
20		0.5		728.64		19.6997		133.91
20		0.5		728.96		19.705		133.967
20		0.5		729.28		19.7016		134.025
20		0.5		729.6		19.7059		134.086
20		0.5		729.92		19.7038		134.146
20		0.5		730.24		19.7041		134.206
20		0.5		730.56		19.7056		134.266
20		0.5		730.88		19.7021		134.326
20		0.5		731.2		19.7065		134.382
20		0.5		731.52		19.6994		134.44
20		0.5		731.84		19.6945		134.499
20		0.5		732.16		19.6979		134.553
20		0.5		732.48		19.6993		134.612
20		0.5		732.8		19.7019		134.675
20		0.5		733.12		19.7051		134.731
20		0.5		733.44		19.7099		134.791
20		0.5		733.76		19.71		134.851
20		0.5		734.08		19.7178		134.907
20		0.5		734.4		19.7135		134.964
20		0.5		734.72		19.712		135.024
20		0.5		735.04		19.7049		135.083
20		0.5		735.36		19.7067		135.14
20		0.5		735.68		19.7214		135.198
20		0.5		736		19.7176		135.259
20		0.5		736.32		19.7238		135.317
20		0.5		736.64		19.7111		135.373
20		0.5		736.96		19.7137		135.429
20		0.5		737.28		19.7085		135.484
20		0.5		737.6		19.7074		135.546
20		0.5		737.92		19.7115		135.607
20		0.5		738.24		19.7017		135.665
20		0.5		738.56		19.6956		135.723
20		0.5		738.88		19.7051		135.781
20		0.5		739.2		19.7038		135.841
20		0.5		739.52		19.7023		135.899
20		0.5		739.84		19.7045		135.952
20		0.5		740.16		19.6963		136.005
20		0.5		740.48		19.6999		136.065
20		0.5		740.8		19.7071		136.124
20		0.5		741.12		19.7097		136.184
20		0.5		741.44		19.7056		136.239
20		0.5		741.76		19.7067		136.296
20		0.5		742.08		19.6991		136.354
20		0.5		742.4		19.706		136.412
20		0.5		742.72		19.7116		136.472
20		0.5		743.04		19.7105		136.527
20		0.5		743.36		19.7255		136.583
20		0.5		743.68		19.7182		136.643
20		0.5		744		19.7148		136.703
20		0.5		744.32		19.7173		136.761
20		0.5		744.64		19.7146		136.821
20		0.5		744.96		19.7141		136.88
20		0.5		745.28		19.7085		136.936
20		0.5		745.6		19.7021		136.994
20		0.5		745.92		19.6983		137.055
20		0.5		746.24		19.7036		137.106
20		0.5		746.56		19.696		137.163
20		0.5		746.88		19.6899		137.226
20		0.5		747.2		19.6932		137.286
20		0.5		747.52		19.6995		137.343
20		0.5		747.84		19.705		137.399
20		0.5		748.16		19.7051		137.457
20		0.5		748.48		19.7045		137.511
20		0.5		748.8		19.7044		137.569
20		0.5		749.12		19.7106		137.631
20		0.5		749.44		19.6965		137.689
20		0.5		749.76		19.7009		137.749
20		0.5		750.08		19.6942		137.808
20		0.5		750.4		19.6944		137.866
20		0.5		750.72		19.6913		137.926
20		0.5		751.04		19.6976		137.988
20		0.5		751.36		19.6882		138.052
20		0.5		751.68		19.6931		138.115
20		0.5		752		19.6942		138.172
20		0.5		752.32		19.6896		138.231
20		0.5		752.64		19.6977		138.289
20		0.5		752.96		19.6951		138.346
20		0.5		753.28		19.6909		138.406
20		0.5		753.6		19.6879		138.463
20		0.5		753.92		19.6912		138.518
20		0.5		754.24		19.6893		138.578
20		0.5		754.56		19.6964		138.636
20		0.5		754.88		19.684		138.696
20		0.5		755.2		19.6836		138.756
20		0.5		755.52		19.682		138.814
20		0.5		755.84		19.683		138.871
20		0.5		756.16		19.6855		138.935
20		0.5		756.48		19.6907		138.997
20		0.5		756.8		19.692		139.056
20		0.5		757.12		19.692		139.117
20		0.5		757.44		19.6872		139.174
20		0.5		757.76		19.6872		139.232
20		0.5		758.08		19.6854		139.284
20		0.5		758.4		19.6842		139.343
20		0.5		758.72		19.6797		139.4
20		0.5		759.04		19.675		139.462
20		0.5		759.36		19.6729		139.523
20		0.5		759.68		19.6721		139.58
20		0.5		760		19.6739		139.635
20		0.5		760.32		19.6681		139.692
20		0.5		760.64		19.6647		139.748
20		0.5		760.96		19.6661		139.811
20		0.5		761.28		19.658		139.87
20		0.5		761.6		19.6603		139.925
20		0.5		761.92		19.6655		139.985
20		0.5		762.24		19.6652		140.045
20		0.5		762.56		19.6734		140.101
20		0.5		762.88		19.6749		140.157
20		0.5		763.2		19.6727		140.212
20		0.5		763.52		19.6649		140.268
20		0.5		763.84		19.6559		140.324
20		0.5		764.16		19.6417		140.383
20		0.5		764.48		19.6484		140.445
20		0.5		764.8		19.6526		140.5
20		0.5		765.12		19.6515		140.561
20		0.5		765.44		19.6607		140.619
20		0.5		765.76		19.6655		140.683
20		0.5		766.08		19.6623		140.739
20		0.5		766.4		19.6627		140.797
20		0.5		766.72		19.6663		140.855
20		0.5		767.04		19.6588		140.915
20		0.5		767.36		19.6629		140.974
20		0.5		767.68		19.6658		141.031
20		0.5		768		19.6719		141.084
20		0.5		768.32		19.6763		141.139
20		0.5		768.64		19.6744		141.197
20		0.5		768.96		19.6638		141.248
20		0.5		769.28		19.6596		141.305
20		0.5		769.6		19.6614		141.364
20		0.5		769.92		19.6637		141.423
20		0.5		770.24		19.6597		141.483
20		0.5		770.56		19.6632		141.541
20		0.5		770.88		19.6643		141.601
20		0.5		771.2		19.6626		141.661
20		0.5		771.52		19.6633		141.717
20		0.5		771.84		19.6604		141.769
20		0.5		772.16		19.65		141.826
20		0.5		772.48		19.65		141.888
20		0.5		772.8		19.6512		141.946
20		0.5		773.12		19.6446		142.01
20		0.5		773.44		19.6371		142.072
20		0.5		773.76		19.6409		142.129
20		0.5		774.08		19.6374		142.193
20		0.5		774.4		19.6297		142.246
20		0.5		774.72		19.6235		142.309
20		0.5		775.04		19.6181		142.367
20		0.5		775.36		19.6145		142.423
20		0.5		775.68		19.6174		142.484
20		0.5		776		19.6154		142.541
20		0.5		776.32		19.6074		142.601
20		0.5		776.64		19.6111		142.664
20		0.5		776.96		19.6035		142.717
20		0.5		777.28		19.6113		142.776
20		0.5		777.6		19.6058		142.832
20		0.5		777.92		19.5996		142.891
20		0.5		778.24		19.6064		142.949
20		0.5		778.56		19.6101		143.004
20		0.5		778.88		19.6108		143.062
20		0.5		779.2		19.6093		143.123
20		0.5		779.52		19.6173		143.184
20		0.5		779.84		19.6138		143.242
20		0.5		780.16		19.6103		143.294
20		0.5		780.48		19.6058		143.358
20		0.5		780.8		19.5982		143.413
20		0.5		781.12		19.5958		143.468
20		0.5		781.44		19.6009		143.528
20		0.5		781.76		19.6007		143.585
20		0.5		782.08		19.5931		143.642
20		0.5		782.4		19.6007		143.703
20		0.5		782.72		19.6099		143.762
20		0.5		783.04		19.6082		143.822
20		0.5		783.36		19.6097		143.882
20		0.5		783.68		19.609		143.941
20		0.5		784		19.6123		144.003
20		0.5		784.32		19.6137		144.058
20		0.5		784.64		19.6083		144.117
20		0.5		784.96		19.6045		144.177
20		0.5		785.28		19.6004		144.238
20		0.5		785.6		19.6093		144.292
20		0.5		785.92		19.6084		144.35
20		0.5		786.24		19.6075		144.41
20		0.5		786.56		19.6159		144.467
20		0.5		786.88		19.6222		144.528
20		0.5		787.2		19.6225		144.585
20		0.5		787.52		19.6244		144.64
20		0.5		787.84		19.6284		144.699
20		0.5		788.16		19.6296		144.762
20		0.5		788.48		19.6311		144.819
20		0.5		788.8		19.6372		144.877
20		0.5		789.12		19.6366		144.935
20		0.5		789.44		19.6396		144.997
20		0.5		789.76		19.6404		145.056
20		0.5		790.08		19.639		145.116
20		0.5		790.4		19.6401		145.177
20		0.5		790.72		19.6368		145.237
20		0.5		791.04		19.6345		145.295
20		0.5		791.36		19.6324		145.357
20		0.5		791.68		19.6178		145.413
20		0.5		792		19.6115		145.473
20		0.5		792.32		19.5863		145.521
20		0.5		792.64		19.5333		145.562
20		0.5		792.96		19.4928		145.608
20		0.5		793.28		19.4988		145.675
20		0.5		793.6		19.4998		145.734
20		0.5		793.92		19.4958		145.797
20		0.5		794.24		19.4938		145.858
20		0.5		794.56		19.4874		145.925
20		0.5		794.88		19.4924		145.989
20		0.5		795.2		19.4889		146.051
20		0.5		795.431		19.4825		146.1
