#########################################################################
#Electron Drift Line StepTime=0.32us at rIN=20cm				#
#rIN_cm		zIN_cm		DriftTimeIN_us	rOUT_cm		z_OUT_cm#
#########################################################################
20		0.5		0.32		19.9984		0.556376
20		0.5		0.64		19.9987		0.615923
20		0.5		0.96		19.9941		0.675979
20		0.5		1.28		19.9974		0.733626
20		0.5		1.6		20		0.793053
20		0.5		1.92		20.0003		0.848418
20		0.5		2.24		19.997		0.909976
20		0.5		2.56		19.9987		0.970385
20		0.5		2.88		20.0008		1.02356
20		0.5		3.2		19.9966		1.0783
20		0.5		3.52		20.004		1.13564
20		0.5		3.84		19.9979		1.19369
20		0.5		4.16		19.9836		1.25095
20		0.5		4.48		19.9839		1.31099
20		0.5		4.8		19.9818		1.37434
20		0.5		5.12		19.9924		1.43102
20		0.5		5.44		19.9977		1.49008
20		0.5		5.76		19.993		1.54581
20		0.5		6.08		19.9966		1.6079
20		0.5		6.4		19.9909		1.66644
20		0.5		6.72		19.9954		1.72818
20		0.5		7.04		19.9969		1.78603
20		0.5		7.36		19.9936		1.84384
20		0.5		7.68		19.9992		1.89969
20		0.5		8		20.0035		1.95868
20		0.5		8.32		20.0111		2.01747
20		0.5		8.64		20.0071		2.07491
20		0.5		8.96		20.0117		2.13858
20		0.5		9.28		20.0128		2.19988
20		0.5		9.6		20.0061		2.26044
20		0.5		9.92		19.9953		2.31956
20		0.5		10.24		19.9948		2.37941
20		0.5		10.56		19.9968		2.43667
20		0.5		10.88		19.999		2.49546
20		0.5		11.2		19.9911		2.5567
20		0.5		11.52		19.9997		2.61091
20		0.5		11.84		20.0005		2.66925
20		0.5		12.16		20.0024		2.7299
20		0.5		12.48		20.0066		2.78831
20		0.5		12.8		20.0058		2.84493
20		0.5		13.12		20.0134		2.90101
20		0.5		13.44		20.0133		2.96156
20		0.5		13.76		20.017		3.02
20		0.5		14.08		20.0224		3.08078
20		0.5		14.4		20.0271		3.14342
20		0.5		14.72		20.0257		3.20386
20		0.5		15.04		20.0254		3.26288
20		0.5		15.36		20.018		3.31858
20		0.5		15.68		20.0172		3.37794
20		0.5		16		20.0124		3.4344
20		0.5		16.32		20.007		3.49827
20		0.5		16.64		20.0032		3.5539
20		0.5		16.96		20.0039		3.61114
20		0.5		17.28		20.0216		3.66885
20		0.5		17.6		20.0204		3.72741
20		0.5		17.92		20.0336		3.786
20		0.5		18.24		20.034		3.84964
20		0.5		18.56		20.0231		3.90718
20		0.5		18.88		20.0201		3.96709
20		0.5		19.2		20.0294		4.02651
20		0.5		19.52		20.0315		4.08328
20		0.5		19.84		20.0317		4.1407
20		0.5		20.16		20.0308		4.2025
20		0.5		20.48		20.0258		4.2604
20		0.5		20.8		20.0155		4.31651
20		0.5		21.12		20.0162		4.37637
20		0.5		21.44		20.0153		4.43145
20		0.5		21.76		20.0006		4.48556
20		0.5		22.08		20.0022		4.54278
20		0.5		22.4		20.0069		4.59955
20		0.5		22.72		20.005		4.65985
20		0.5		23.04		19.9916		4.72321
20		0.5		23.36		19.9964		4.78721
20		0.5		23.68		20.0041		4.84599
20		0.5		24		20.0028		4.906
20		0.5		24.32		20.0063		4.96507
20		0.5		24.64		19.9942		5.02479
20		0.5		24.96		19.9969		5.08683
20		0.5		25.28		19.9978		5.14442
20		0.5		25.6		19.9882		5.20159
20		0.5		25.92		19.9847		5.25883
20		0.5		26.24		19.9852		5.31801
20		0.5		26.56		19.9849		5.37002
20		0.5		26.88		19.9806		5.43089
20		0.5		27.2		19.9847		5.49047
20		0.5		27.52		19.9837		5.54783
20		0.5		27.84		19.9859		5.60829
20		0.5		28.16		19.997		5.6673
20		0.5		28.48		19.9965		5.72463
20		0.5		28.8		19.9927		5.77777
20		0.5		29.12		19.9967		5.83919
20		0.5		29.44		20.0009		5.89654
20		0.5		29.76		20.0125		5.95957
20		0.5		30.08		20.0098		6.0208
20		0.5		30.4		20.011		6.07928
20		0.5		30.72		20.0077		6.13837
20		0.5		31.04		20		6.2034
20		0.5		31.36		19.997		6.26165
20		0.5		31.68		19.9914		6.31603
20		0.5		32		19.9869		6.37271
20		0.5		32.32		19.9846		6.43124
20		0.5		32.64		19.9787		6.49277
20		0.5		32.96		19.9786		6.55102
20		0.5		33.28		19.975		6.61142
20		0.5		33.6		19.9734		6.67018
20		0.5		33.92		19.9695		6.7298
20		0.5		34.24		19.9694		6.78815
20		0.5		34.56		19.975		6.84119
20		0.5		34.88		19.9812		6.90015
20		0.5		35.2		19.9746		6.95665
20		0.5		35.52		19.9755		7.01034
20		0.5		35.84		19.9771		7.07003
20		0.5		36.16		19.9776		7.13015
20		0.5		36.48		19.9712		7.18936
20		0.5		36.8		19.9632		7.24056
20		0.5		37.12		19.9609		7.30103
20		0.5		37.44		19.9475		7.36499
20		0.5		37.76		19.9595		7.42358
20		0.5		38.08		19.9563		7.4837
20		0.5		38.4		19.9496		7.54416
20		0.5		38.72		19.9538		7.60105
20		0.5		39.04		19.9626		7.65714
20		0.5		39.36		19.9736		7.71943
20		0.5		39.68		19.9777		7.77779
20		0.5		40		19.9783		7.83272
20		0.5		40.32		19.9648		7.89542
20		0.5		40.64		19.9647		7.95148
20		0.5		40.96		19.9652		8.0111
20		0.5		41.28		19.9657		8.07225
20		0.5		41.6		19.95		8.13295
20		0.5		41.92		19.9501		8.19768
20		0.5		42.24		19.9449		8.25956
20		0.5		42.56		19.9422		8.3157
20		0.5		42.88		19.9479		8.38098
20		0.5		43.2		19.9625		8.43771
20		0.5		43.52		19.965		8.49894
20		0.5		43.84		19.9634		8.55491
20		0.5		44.16		19.9573		8.61514
20		0.5		44.48		19.9612		8.67487
20		0.5		44.8		19.9652		8.73816
20		0.5		45.12		19.9608		8.79472
20		0.5		45.44		19.9728		8.85524
20		0.5		45.76		19.9736		8.91452
20		0.5		46.08		19.9791		8.98024
20		0.5		46.4		19.9891		9.04041
20		0.5		46.72		19.9972		9.09607
20		0.5		47.04		19.9958		9.15749
20		0.5		47.36		19.9943		9.21966
20		0.5		47.68		19.9966		9.2782
20		0.5		48		20		9.3341
20		0.5		48.32		19.9914		9.39319
20		0.5		48.64		19.9843		9.45372
20		0.5		48.96		19.9929		9.51161
20		0.5		49.28		19.9983		9.56969
20		0.5		49.6		19.9937		9.63242
20		0.5		49.92		20.0005		9.68952
20		0.5		50.24		20.0028		9.7476
20		0.5		50.56		20.0059		9.80661
20		0.5		50.88		20.0103		9.86573
20		0.5		51.2		20.0072		9.91581
20		0.5		51.52		20.0004		9.97404
20		0.5		51.84		20.0036		10.0295
20		0.5		52.16		19.9924		10.0914
20		0.5		52.48		19.9942		10.1501
20		0.5		52.8		19.9896		10.2107
20		0.5		53.12		19.9927		10.2707
20		0.5		53.44		19.9919		10.3274
20		0.5		53.76		19.9952		10.3786
20		0.5		54.08		20.0015		10.4373
20		0.5		54.4		20.0011		10.499
20		0.5		54.72		19.999		10.5549
20		0.5		55.04		19.9981		10.6147
20		0.5		55.36		20.0069		10.6723
20		0.5		55.68		20.0072		10.7284
20		0.5		56		20.0113		10.7817
20		0.5		56.32		20.0169		10.8403
20		0.5		56.64		20.0019		10.8976
20		0.5		56.96		20.0073		10.9561
20		0.5		57.28		20.0052		11.0144
20		0.5		57.6		20.0146		11.0693
20		0.5		57.92		20.0175		11.1331
20		0.5		58.24		20.0138		11.1905
20		0.5		58.56		20.0252		11.249
20		0.5		58.88		20.0166		11.3072
20		0.5		59.2		20.018		11.3653
20		0.5		59.52		20.0025		11.42
20		0.5		59.84		20.0075		11.4767
20		0.5		60.16		20.0079		11.5381
20		0.5		60.48		20.0068		11.5978
20		0.5		60.8		19.9956		11.6533
20		0.5		61.12		19.9997		11.7106
20		0.5		61.44		19.9939		11.7708
20		0.5		61.76		19.989		11.8326
20		0.5		62.08		19.9756		11.8894
20		0.5		62.4		19.9762		11.9503
20		0.5		62.72		19.9762		12.0085
20		0.5		63.04		19.9745		12.0696
20		0.5		63.36		19.9675		12.1285
20		0.5		63.68		19.9628		12.1868
20		0.5		64		19.957		12.2379
20		0.5		64.32		19.9613		12.2956
20		0.5		64.64		19.9648		12.3565
20		0.5		64.96		19.9622		12.4159
20		0.5		65.28		19.9687		12.4721
20		0.5		65.6		19.9681		12.5283
20		0.5		65.92		19.9686		12.5849
20		0.5		66.24		19.974		12.6435
20		0.5		66.56		19.964		12.7011
20		0.5		66.88		19.9617		12.7638
20		0.5		67.2		19.9606		12.8259
20		0.5		67.52		19.9736		12.883
20		0.5		67.84		19.9634		12.9413
20		0.5		68.16		19.9638		12.9964
20		0.5		68.48		19.9676		13.0534
20		0.5		68.8		19.9579		13.111
20		0.5		69.12		19.9637		13.1678
20		0.5		69.44		19.9559		13.2238
20		0.5		69.76		19.953		13.2791
20		0.5		70.08		19.9585		13.3385
20		0.5		70.4		19.9643		13.3931
20		0.5		70.72		19.963		13.4494
20		0.5		71.04		19.9642		13.5048
20		0.5		71.36		19.9716		13.5642
20		0.5		71.68		19.9707		13.6229
20		0.5		72		19.969		13.6825
20		0.5		72.32		19.9655		13.7455
20		0.5		72.64		19.9605		13.8083
20		0.5		72.96		19.9596		13.8671
20		0.5		73.28		19.9454		13.927
20		0.5		73.6		19.9412		13.9877
20		0.5		73.92		19.9496		14.042
20		0.5		74.24		19.9525		14.0991
20		0.5		74.56		19.9538		14.164
20		0.5		74.88		19.9591		14.2247
20		0.5		75.2		19.9623		14.2855
20		0.5		75.52		19.962		14.3458
20		0.5		75.84		19.9724		14.4032
20		0.5		76.16		19.9653		14.4621
20		0.5		76.48		19.9643		14.5184
20		0.5		76.8		19.9668		14.5799
20		0.5		77.12		19.9673		14.6411
20		0.5		77.44		19.9754		14.6985
20		0.5		77.76		19.9777		14.756
20		0.5		78.08		19.9809		14.8146
20		0.5		78.4		19.9797		14.8774
20		0.5		78.72		19.9646		14.9359
20		0.5		79.04		19.9666		14.9927
20		0.5		79.36		19.9633		15.0484
20		0.5		79.68		19.9668		15.1034
20		0.5		80		19.9674		15.1603
20		0.5		80.32		19.9631		15.216
20		0.5		80.64		19.954		15.2731
20		0.5		80.96		19.9561		15.3325
20		0.5		81.28		19.9519		15.3929
20		0.5		81.6		19.9426		15.4484
20		0.5		81.92		19.9351		15.503
20		0.5		82.24		19.9358		15.5595
20		0.5		82.56		19.9352		15.6205
20		0.5		82.88		19.9251		15.6794
20		0.5		83.2		19.9352		15.7386
20		0.5		83.52		19.9382		15.7989
20		0.5		83.84		19.9357		15.8557
20		0.5		84.16		19.9342		15.9106
20		0.5		84.48		19.9253		15.967
20		0.5		84.8		19.9175		16.0276
20		0.5		85.12		19.9207		16.0881
20		0.5		85.44		19.9243		16.1441
20		0.5		85.76		19.9315		16.2053
20		0.5		86.08		19.938		16.2634
20		0.5		86.4		19.9347		16.3235
20		0.5		86.72		19.9346		16.3835
20		0.5		87.04		19.9428		16.4457
20		0.5		87.36		19.9394		16.5066
20		0.5		87.68		19.9443		16.5687
20		0.5		88		19.9409		16.6261
20		0.5		88.32		19.9422		16.6876
20		0.5		88.64		19.9393		16.7454
20		0.5		88.96		19.9347		16.8063
20		0.5		89.28		19.9344		16.8618
20		0.5		89.6		19.9283		16.9222
20		0.5		89.92		19.9303		16.9812
20		0.5		90.24		19.9415		17.0421
20		0.5		90.56		19.9329		17.104
20		0.5		90.88		19.9321		17.1595
20		0.5		91.2		19.9429		17.2154
20		0.5		91.52		19.9335		17.2747
20		0.5		91.84		19.9382		17.33
20		0.5		92.16		19.9375		17.3924
20		0.5		92.48		19.9376		17.4491
20		0.5		92.8		19.9477		17.5103
20		0.5		93.12		19.9422		17.5722
20		0.5		93.44		19.933		17.6354
20		0.5		93.76		19.9328		17.6966
20		0.5		94.08		19.9388		17.7577
20		0.5		94.4		19.9445		17.8212
20		0.5		94.72		19.9419		17.8755
20		0.5		95.04		19.9376		17.936
20		0.5		95.36		19.9422		17.9955
20		0.5		95.68		19.9476		18.0542
20		0.5		96		19.9465		18.113
20		0.5		96.32		19.9442		18.1657
20		0.5		96.64		19.9416		18.2216
20		0.5		96.96		19.9437		18.2835
20		0.5		97.28		19.9494		18.3429
20		0.5		97.6		19.9532		18.3986
20		0.5		97.92		19.9515		18.4551
20		0.5		98.24		19.9542		18.5149
20		0.5		98.56		19.9556		18.5735
20		0.5		98.88		19.9628		18.6385
20		0.5		99.2		19.9702		18.696
20		0.5		99.52		19.9769		18.757
20		0.5		99.84		19.9725		18.8162
20		0.5		100.16		19.9691		18.873
20		0.5		100.48		19.965		18.9365
20		0.5		100.8		19.9664		18.9993
20		0.5		101.12		19.967		19.0574
20		0.5		101.44		19.9694		19.1197
20		0.5		101.76		19.9604		19.1775
20		0.5		102.08		19.9593		19.2382
20		0.5		102.4		19.964		19.3
20		0.5		102.72		19.9622		19.3584
20		0.5		103.04		19.964		19.4134
20		0.5		103.36		19.9598		19.4714
20		0.5		103.68		19.962		19.5334
20		0.5		104		19.9588		19.5926
20		0.5		104.32		19.9562		19.6462
20		0.5		104.64		19.9587		19.7044
20		0.5		104.96		19.962		19.766
20		0.5		105.28		19.9638		19.8202
20		0.5		105.6		19.9664		19.8826
20		0.5		105.92		19.9744		19.9382
20		0.5		106.24		19.9805		19.9991
20		0.5		106.56		19.9862		20.0561
20		0.5		106.88		19.9896		20.117
20		0.5		107.2		19.9864		20.1708
20		0.5		107.52		19.9862		20.2292
20		0.5		107.84		19.9962		20.2901
20		0.5		108.16		19.9916		20.3517
20		0.5		108.48		19.9869		20.4127
20		0.5		108.8		19.9907		20.4665
20		0.5		109.12		19.9917		20.5244
20		0.5		109.44		19.9967		20.5762
20		0.5		109.76		19.9981		20.6342
20		0.5		110.08		19.9885		20.6972
20		0.5		110.4		19.9899		20.7526
20		0.5		110.72		19.9804		20.8088
20		0.5		111.04		19.9802		20.8666
20		0.5		111.36		19.9793		20.9257
20		0.5		111.68		19.975		20.9815
20		0.5		112		19.9746		21.0409
20		0.5		112.32		19.9795		21.1011
20		0.5		112.64		19.9807		21.1585
20		0.5		112.96		19.9805		21.2212
20		0.5		113.28		19.9781		21.2781
20		0.5		113.6		19.981		21.338
20		0.5		113.92		19.9746		21.4021
20		0.5		114.24		19.9668		21.4597
20		0.5		114.56		19.9649		21.5225
20		0.5		114.88		19.9678		21.5852
20		0.5		115.2		19.976		21.642
20		0.5		115.52		19.9832		21.6959
20		0.5		115.84		19.9807		21.7542
20		0.5		116.16		19.9793		21.8131
20		0.5		116.48		19.9791		21.879
20		0.5		116.8		19.9812		21.942
20		0.5		117.12		19.989		21.9981
20		0.5		117.44		19.9902		22.0533
20		0.5		117.76		19.9928		22.1118
20		0.5		118.08		19.9864		22.1665
20		0.5		118.4		19.9847		22.2288
20		0.5		118.72		19.9865		22.2828
20		0.5		119.04		19.9842		22.3408
20		0.5		119.36		19.9801		22.3958
20		0.5		119.68		19.9709		22.4505
20		0.5		120		19.9832		22.5075
20		0.5		120.32		19.9823		22.5655
20		0.5		120.64		19.9845		22.6247
20		0.5		120.96		19.9806		22.683
20		0.5		121.28		19.9674		22.7403
20		0.5		121.6		19.9617		22.7984
20		0.5		121.92		19.9607		22.8628
20		0.5		122.24		19.9716		22.9226
20		0.5		122.56		19.9731		22.9809
20		0.5		122.88		19.9768		23.0342
20		0.5		123.2		19.9774		23.0947
20		0.5		123.52		19.9816		23.1505
20		0.5		123.84		19.9796		23.2119
20		0.5		124.16		19.9679		23.2676
20		0.5		124.48		19.9701		23.3215
20		0.5		124.8		19.9626		23.3812
20		0.5		125.12		19.9648		23.4379
20		0.5		125.44		19.9716		23.5002
20		0.5		125.76		19.9659		23.5601
20		0.5		126.08		19.9682		23.6187
20		0.5		126.4		19.9692		23.6773
20		0.5		126.72		19.9761		23.7381
20		0.5		127.04		19.9708		23.7982
20		0.5		127.36		19.9684		23.8568
20		0.5		127.68		19.9739		23.9185
20		0.5		128		19.9755		23.9737
20		0.5		128.32		19.9756		24.0292
20		0.5		128.64		19.9718		24.0924
20		0.5		128.96		19.9743		24.1491
20		0.5		129.28		19.9809		24.2065
20		0.5		129.6		19.9817		24.261
20		0.5		129.92		19.9879		24.3195
20		0.5		130.24		19.9942		24.3791
20		0.5		130.56		19.9911		24.4348
20		0.5		130.88		19.9984		24.4916
20		0.5		131.2		20.008		24.5494
20		0.5		131.52		20.0028		24.6081
20		0.5		131.84		20.0054		24.6722
20		0.5		132.16		20.0057		24.7304
20		0.5		132.48		20.0072		24.788
20		0.5		132.8		20.0168		24.8472
20		0.5		133.12		20.0074		24.9072
20		0.5		133.44		20.0078		24.9667
20		0.5		133.76		20.0032		25.0268
20		0.5		134.08		20.0035		25.0846
20		0.5		134.4		20.0002		25.1464
20		0.5		134.72		19.999		25.2051
20		0.5		135.04		19.9973		25.264
20		0.5		135.36		19.9945		25.3204
20		0.5		135.68		19.9912		25.3809
20		0.5		136		19.9969		25.4403
20		0.5		136.32		19.9923		25.4994
20		0.5		136.64		19.9863		25.5567
20		0.5		136.96		19.9841		25.6192
20		0.5		137.28		19.983		25.6774
20		0.5		137.6		19.9855		25.7351
20		0.5		137.92		19.9828		25.7936
20		0.5		138.24		19.9742		25.8503
20		0.5		138.56		19.9678		25.906
20		0.5		138.88		19.9653		25.9639
20		0.5		139.2		19.9674		26.0222
20		0.5		139.52		19.9627		26.0777
20		0.5		139.84		19.9605		26.1347
20		0.5		140.16		19.9592		26.1924
20		0.5		140.48		19.9653		26.2486
20		0.5		140.8		19.9668		26.3083
20		0.5		141.12		19.9679		26.3683
20		0.5		141.44		19.9577		26.4302
20		0.5		141.76		19.9489		26.4868
20		0.5		142.08		19.9435		26.5454
20		0.5		142.4		19.9511		26.6024
20		0.5		142.72		19.9517		26.6612
20		0.5		143.04		19.9524		26.7209
20		0.5		143.36		19.95		26.7797
20		0.5		143.68		19.9426		26.8341
20		0.5		144		19.9486		26.8935
20		0.5		144.32		19.9484		26.95
20		0.5		144.64		19.9529		27.006
20		0.5		144.96		19.9402		27.0629
20		0.5		145.28		19.9387		27.1188
20		0.5		145.6		19.9315		27.1768
20		0.5		145.92		19.9416		27.2336
20		0.5		146.24		19.9442		27.2932
20		0.5		146.56		19.9472		27.3521
20		0.5		146.88		19.9433		27.4121
20		0.5		147.2		19.9434		27.4743
20		0.5		147.52		19.9537		27.5336
20		0.5		147.84		19.9528		27.5896
20		0.5		148.16		19.9565		27.6472
20		0.5		148.48		19.965		27.7033
20		0.5		148.8		19.9531		27.7596
20		0.5		149.12		19.9575		27.8224
20		0.5		149.44		19.96		27.8816
20		0.5		149.76		19.9663		27.9374
20		0.5		150.08		19.9682		27.9967
20		0.5		150.4		19.9678		28.0543
20		0.5		150.72		19.9657		28.1112
20		0.5		151.04		19.9649		28.167
20		0.5		151.36		19.9692		28.225
20		0.5		151.68		19.9709		28.2822
20		0.5		152		19.967		28.3392
20		0.5		152.32		19.9743		28.3961
20		0.5		152.64		19.9802		28.4582
20		0.5		152.96		19.9745		28.5178
20		0.5		153.28		19.9617		28.5734
20		0.5		153.6		19.9572		28.6283
20		0.5		153.92		19.9525		28.6892
20		0.5		154.24		19.942		28.7481
20		0.5		154.56		19.9455		28.8076
20		0.5		154.88		19.9485		28.8693
20		0.5		155.2		19.9433		28.927
20		0.5		155.52		19.9461		28.9848
20		0.5		155.84		19.9483		29.0464
20		0.5		156.16		19.9413		29.1038
20		0.5		156.48		19.9387		29.1609
20		0.5		156.8		19.9471		29.2209
20		0.5		157.12		19.9437		29.2791
20		0.5		157.44		19.9391		29.333
20		0.5		157.76		19.9333		29.3931
20		0.5		158.08		19.9198		29.4487
20		0.5		158.4		19.9262		29.5073
20		0.5		158.72		19.9296		29.5672
20		0.5		159.04		19.9376		29.6249
20		0.5		159.36		19.938		29.6841
20		0.5		159.68		19.9404		29.7437
20		0.5		160		19.9388		29.8023
20		0.5		160.32		19.9396		29.855
20		0.5		160.64		19.9397		29.9189
20		0.5		160.96		19.9484		29.9761
20		0.5		161.28		19.9557		30.0362
20		0.5		161.6		19.9594		30.0951
20		0.5		161.92		19.9563		30.158
20		0.5		162.24		19.9586		30.2184
20		0.5		162.56		19.9677		30.2776
20		0.5		162.88		19.9703		30.337
20		0.5		163.2		19.9723		30.391
20		0.5		163.52		19.9742		30.4495
20		0.5		163.84		19.9562		30.5077
20		0.5		164.16		19.9535		30.5675
20		0.5		164.48		19.9557		30.6225
20		0.5		164.8		19.9581		30.6816
20		0.5		165.12		19.9552		30.7405
20		0.5		165.44		19.956		30.8012
20		0.5		165.76		19.9561		30.8536
20		0.5		166.08		19.9524		30.906
20		0.5		166.4		19.9462		30.965
20		0.5		166.72		19.9393		31.0259
20		0.5		167.04		19.9437		31.0828
20		0.5		167.36		19.9394		31.1399
20		0.5		167.68		19.9477		31.1983
20		0.5		168		19.9652		31.2556
20		0.5		168.32		19.961		31.312
20		0.5		168.64		19.9611		31.3669
20		0.5		168.96		19.9656		31.4257
20		0.5		169.28		19.9737		31.4842
20		0.5		169.6		19.9722		31.5373
20		0.5		169.92		19.9722		31.5975
20		0.5		170.24		19.9788		31.6525
20		0.5		170.56		19.9758		31.7125
20		0.5		170.88		19.9764		31.7725
20		0.5		171.2		19.9799		31.8327
20		0.5		171.52		19.985		31.8918
20		0.5		171.84		19.9811		31.9528
20		0.5		172.16		19.9838		32.014
20		0.5		172.48		19.9821		32.074
20		0.5		172.8		19.9802		32.1347
20		0.5		173.12		19.98		32.1967
20		0.5		173.44		19.9734		32.2536
20		0.5		173.76		19.9749		32.3131
20		0.5		174.08		19.9693		32.3683
20		0.5		174.4		19.9699		32.4254
20		0.5		174.72		19.9726		32.4825
20		0.5		175.04		19.968		32.5392
20		0.5		175.36		19.9704		32.5999
20		0.5		175.68		19.9731		32.6568
20		0.5		176		19.9758		32.7169
20		0.5		176.32		19.9839		32.7776
20		0.5		176.64		19.9892		32.8346
20		0.5		176.96		19.9801		32.895
20		0.5		177.28		19.9814		32.9522
20		0.5		177.6		19.9874		33.0127
20		0.5		177.92		19.9923		33.0745
20		0.5		178.24		19.9936		33.1357
20		0.5		178.56		19.9951		33.193
20		0.5		178.88		19.9851		33.2515
20		0.5		179.2		19.9755		33.307
20		0.5		179.52		19.9775		33.3663
20		0.5		179.84		19.9748		33.4271
20		0.5		180.16		19.9717		33.4928
20		0.5		180.48		19.9706		33.5476
20		0.5		180.8		19.9748		33.6028
20		0.5		181.12		19.9795		33.6604
20		0.5		181.44		19.9819		33.7188
20		0.5		181.76		19.9785		33.772
20		0.5		182.08		19.9818		33.8282
20		0.5		182.4		19.9855		33.8878
20		0.5		182.72		19.983		33.9483
20		0.5		183.04		19.9853		34.0052
20		0.5		183.36		19.986		34.0628
20		0.5		183.68		19.9983		34.119
20		0.5		184		19.9927		34.1738
20		0.5		184.32		19.9971		34.2292
20		0.5		184.64		20.0041		34.2918
20		0.5		184.96		20.007		34.3527
20		0.5		185.28		20.0192		34.4089
20		0.5		185.6		20.0249		34.4694
20		0.5		185.92		20.023		34.5237
20		0.5		186.24		20.02		34.5821
20		0.5		186.56		20.0219		34.643
20		0.5		186.88		20.0218		34.7036
20		0.5		187.2		20.0263		34.7598
20		0.5		187.52		20.0222		34.818
20		0.5		187.84		20.0218		34.8762
20		0.5		188.16		20.0229		34.9368
20		0.5		188.48		20.0229		34.997
20		0.5		188.8		20.0198		35.054
20		0.5		189.12		20.0174		35.1137
20		0.5		189.44		20.0295		35.1714
20		0.5		189.76		20.0176		35.2283
20		0.5		190.08		20.0139		35.2883
20		0.5		190.4		20.0179		35.3439
20		0.5		190.72		20.0117		35.4047
20		0.5		191.04		20.0246		35.4593
20		0.5		191.36		20.0303		35.5163
20		0.5		191.68		20.0324		35.5768
20		0.5		192		20.0356		35.6348
20		0.5		192.32		20.0415		35.6928
20		0.5		192.64		20.0399		35.7498
20		0.5		192.96		20.0543		35.8075
20		0.5		193.28		20.059		35.8658
20		0.5		193.6		20.0489		35.928
20		0.5		193.92		20.051		35.987
20		0.5		194.24		20.0509		36.0504
20		0.5		194.56		20.0461		36.1122
20		0.5		194.88		20.0427		36.1658
20		0.5		195.2		20.0524		36.2235
20		0.5		195.52		20.0415		36.2796
20		0.5		195.84		20.0401		36.3364
20		0.5		196.16		20.0358		36.3908
20		0.5		196.48		20.0329		36.4448
20		0.5		196.8		20.0383		36.5062
20		0.5		197.12		20.0321		36.5609
20		0.5		197.44		20.0266		36.6174
20		0.5		197.76		20.035		36.6773
20		0.5		198.08		20.0392		36.7368
20		0.5		198.4		20.038		36.7966
20		0.5		198.72		20.041		36.8565
20		0.5		199.04		20.0433		36.9126
20		0.5		199.36		20.0441		36.9686
20		0.5		199.68		20.0424		37.0234
20		0.5		200		20.0542		37.0798
20		0.5		200.32		20.0544		37.1387
20		0.5		200.64		20.0545		37.1978
20		0.5		200.96		20.0633		37.259
20		0.5		201.28		20.0617		37.3188
20		0.5		201.6		20.0617		37.3814
20		0.5		201.92		20.0652		37.4422
20		0.5		202.24		20.0758		37.5015
20		0.5		202.56		20.0846		37.5561
20		0.5		202.88		20.0879		37.6118
20		0.5		203.2		20.0875		37.6675
20		0.5		203.52		20.0768		37.7296
20		0.5		203.84		20.0748		37.7882
20		0.5		204.16		20.0781		37.8458
20		0.5		204.48		20.0783		37.9009
20		0.5		204.8		20.0747		37.9575
20		0.5		205.12		20.0839		38.016
20		0.5		205.44		20.0799		38.0753
20		0.5		205.76		20.0841		38.1405
20		0.5		206.08		20.0827		38.1943
20		0.5		206.4		20.0807		38.2493
20		0.5		206.72		20.0948		38.304
20		0.5		207.04		20.1023		38.3678
20		0.5		207.36		20.1043		38.429
20		0.5		207.68		20.1117		38.4913
20		0.5		208		20.1188		38.5519
20		0.5		208.32		20.1118		38.612
20		0.5		208.64		20.1137		38.671
20		0.5		208.96		20.1161		38.7282
20		0.5		209.28		20.1207		38.787
20		0.5		209.6		20.1172		38.8434
20		0.5		209.92		20.122		38.9059
20		0.5		210.24		20.1215		38.9629
20		0.5		210.56		20.1231		39.0209
20		0.5		210.88		20.118		39.0792
20		0.5		211.2		20.1247		39.1347
20		0.5		211.52		20.1252		39.1884
20		0.5		211.84		20.119		39.2474
20		0.5		212.16		20.1203		39.3067
20		0.5		212.48		20.1209		39.3619
20		0.5		212.8		20.1279		39.4179
20		0.5		213.12		20.1199		39.4793
20		0.5		213.44		20.1225		39.5353
20		0.5		213.76		20.1177		39.5925
20		0.5		214.08		20.1236		39.6516
20		0.5		214.4		20.1196		39.7133
20		0.5		214.72		20.1269		39.7709
20		0.5		215.04		20.117		39.8298
20		0.5		215.36		20.1217		39.8907
20		0.5		215.68		20.1286		39.951
20		0.5		216		20.1226		40.0114
20		0.5		216.32		20.1309		40.0691
20		0.5		216.64		20.1378		40.1246
20		0.5		216.96		20.1485		40.1786
20		0.5		217.28		20.1502		40.2393
20		0.5		217.6		20.1456		40.298
20		0.5		217.92		20.1492		40.3576
20		0.5		218.24		20.1461		40.4163
20		0.5		218.56		20.1544		40.4705
20		0.5		218.88		20.1427		40.5267
20		0.5		219.2		20.1504		40.5865
20		0.5		219.52		20.154		40.6451
20		0.5		219.84		20.1494		40.7073
20		0.5		220.16		20.1448		40.7642
20		0.5		220.48		20.1545		40.8194
20		0.5		220.8		20.1579		40.8776
20		0.5		221.12		20.164		40.9374
20		0.5		221.44		20.1729		40.9946
20		0.5		221.76		20.1688		41.0526
20		0.5		222.08		20.1662		41.1088
20		0.5		222.4		20.1711		41.1682
20		0.5		222.72		20.1677		41.2284
20		0.5		223.04		20.1573		41.2885
20		0.5		223.36		20.156		41.346
20		0.5		223.68		20.1529		41.4033
20		0.5		224		20.1665		41.4634
20		0.5		224.32		20.1745		41.523
20		0.5		224.64		20.17		41.5831
20		0.5		224.96		20.1669		41.6455
20		0.5		225.28		20.1519		41.7004
20		0.5		225.6		20.1479		41.7604
20		0.5		225.92		20.1495		41.8163
20		0.5		226.24		20.1538		41.8748
20		0.5		226.56		20.156		41.9319
20		0.5		226.88		20.1557		41.9912
20		0.5		227.2		20.1567		42.05
20		0.5		227.52		20.1579		42.1047
20		0.5		227.84		20.163		42.1648
20		0.5		228.16		20.1512		42.2198
20		0.5		228.48		20.1442		42.2761
20		0.5		228.8		20.1489		42.3342
20		0.5		229.12		20.1474		42.389
20		0.5		229.44		20.1496		42.4494
20		0.5		229.76		20.1517		42.5102
20		0.5		230.08		20.1564		42.565
20		0.5		230.4		20.1573		42.6235
20		0.5		230.72		20.162		42.6841
20		0.5		231.04		20.1655		42.7401
20		0.5		231.36		20.1731		42.8009
20		0.5		231.68		20.1761		42.8586
20		0.5		232		20.1806		42.9185
20		0.5		232.32		20.1768		42.9757
20		0.5		232.64		20.1836		43.0288
20		0.5		232.96		20.1724		43.0869
20		0.5		233.28		20.1696		43.1413
20		0.5		233.6		20.1675		43.1982
20		0.5		233.92		20.167		43.2573
20		0.5		234.24		20.16		43.3155
20		0.5		234.56		20.1609		43.373
20		0.5		234.88		20.1704		43.4319
20		0.5		235.2		20.1749		43.4924
20		0.5		235.52		20.1752		43.5512
20		0.5		235.84		20.1687		43.6067
20		0.5		236.16		20.1654		43.6614
20		0.5		236.48		20.158		43.7234
20		0.5		236.8		20.1456		43.7805
20		0.5		237.12		20.1514		43.8342
20		0.5		237.44		20.1475		43.8945
20		0.5		237.76		20.136		43.9543
20		0.5		238.08		20.137		44.0153
20		0.5		238.4		20.1382		44.0692
20		0.5		238.72		20.1434		44.1297
20		0.5		239.04		20.1395		44.1883
20		0.5		239.36		20.1407		44.2453
20		0.5		239.68		20.1347		44.3079
20		0.5		240		20.1392		44.3659
20		0.5		240.32		20.1363		44.4199
20		0.5		240.64		20.1374		44.4763
20		0.5		240.96		20.1494		44.5375
20		0.5		241.28		20.1315		44.5987
20		0.5		241.6		20.1246		44.6507
20		0.5		241.92		20.1288		44.7075
20		0.5		242.24		20.1325		44.7678
20		0.5		242.56		20.1361		44.8269
20		0.5		242.88		20.1422		44.8832
20		0.5		243.2		20.139		44.9445
20		0.5		243.52		20.1299		45.0029
20		0.5		243.84		20.1302		45.059
20		0.5		244.16		20.1304		45.1145
20		0.5		244.48		20.1246		45.1716
20		0.5		244.8		20.138		45.2248
20		0.5		245.12		20.1452		45.2814
20		0.5		245.44		20.1467		45.3414
20		0.5		245.76		20.1382		45.3996
20		0.5		246.08		20.1404		45.4562
20		0.5		246.4		20.134		45.5144
20		0.5		246.72		20.1198		45.5696
20		0.5		247.04		20.1089		45.6279
20		0.5		247.36		20.1197		45.6866
20		0.5		247.68		20.1349		45.7451
20		0.5		248		20.1311		45.8071
20		0.5		248.32		20.1383		45.8647
20		0.5		248.64		20.1416		45.9279
20		0.5		248.96		20.1324		45.9922
20		0.5		249.28		20.1274		46.0541
20		0.5		249.6		20.1374		46.1133
20		0.5		249.92		20.1287		46.1711
20		0.5		250.24		20.1364		46.2262
20		0.5		250.56		20.1397		46.2832
20		0.5		250.88		20.1547		46.344
20		0.5		251.2		20.165		46.404
20		0.5		251.52		20.1712		46.4603
20		0.5		251.84		20.1746		46.5247
20		0.5		252.16		20.1748		46.5837
20		0.5		252.48		20.1682		46.6441
20		0.5		252.8		20.1679		46.6971
20		0.5		253.12		20.1709		46.7545
20		0.5		253.44		20.1827		46.8134
20		0.5		253.76		20.1901		46.8776
20		0.5		254.08		20.1979		46.9315
20		0.5		254.4		20.2009		46.9886
20		0.5		254.72		20.2066		47.0471
20		0.5		255.04		20.2138		47.1078
20		0.5		255.36		20.2167		47.1676
20		0.5		255.68		20.2181		47.2271
20		0.5		256		20.2252		47.2827
20		0.5		256.32		20.227		47.3359
20		0.5		256.64		20.222		47.3974
20		0.5		256.96		20.221		47.4558
20		0.5		257.28		20.2313		47.5129
20		0.5		257.6		20.2235		47.57
20		0.5		257.92		20.2247		47.6286
20		0.5		258.24		20.222		47.6881
20		0.5		258.56		20.2107		47.7463
20		0.5		258.88		20.2127		47.8029
20		0.5		259.2		20.2013		47.861
20		0.5		259.52		20.2094		47.9198
20		0.5		259.84		20.2074		47.9763
20		0.5		260.16		20.201		48.0321
20		0.5		260.48		20.1969		48.0864
20		0.5		260.8		20.1862		48.1445
20		0.5		261.12		20.1699		48.202
20		0.5		261.44		20.1753		48.2597
20		0.5		261.76		20.1729		48.3199
20		0.5		262.08		20.177		48.378
20		0.5		262.4		20.1841		48.44
20		0.5		262.72		20.1837		48.4999
20		0.5		263.04		20.1826		48.5579
20		0.5		263.36		20.1778		48.6162
20		0.5		263.68		20.179		48.6729
20		0.5		264		20.1708		48.7245
20		0.5		264.32		20.1736		48.7867
20		0.5		264.64		20.1745		48.8481
20		0.5		264.96		20.1782		48.9063
20		0.5		265.28		20.1692		48.9614
20		0.5		265.6		20.1726		49.018
20		0.5		265.92		20.1689		49.0773
20		0.5		266.24		20.172		49.1398
20		0.5		266.56		20.1713		49.1971
20		0.5		266.88		20.1818		49.256
20		0.5		267.2		20.1785		49.316
20		0.5		267.52		20.1847		49.374
20		0.5		267.84		20.1744		49.4321
20		0.5		268.16		20.1713		49.4923
20		0.5		268.48		20.1648		49.5471
20		0.5		268.8		20.1738		49.6057
20		0.5		269.12		20.1691		49.6657
20		0.5		269.44		20.1734		49.7244
20		0.5		269.76		20.1758		49.7845
20		0.5		270.08		20.1803		49.8487
20		0.5		270.4		20.1816		49.9094
20		0.5		270.72		20.1891		49.9647
20		0.5		271.04		20.1878		50.0261
20		0.5		271.36		20.1816		50.0838
20		0.5		271.68		20.1815		50.1401
20		0.5		272		20.1841		50.2001
20		0.5		272.32		20.172		50.2618
20		0.5		272.64		20.1608		50.3228
20		0.5		272.96		20.1549		50.3784
20		0.5		273.28		20.1499		50.4363
20		0.5		273.6		20.1466		50.4927
20		0.5		273.92		20.1501		50.5537
20		0.5		274.24		20.1558		50.6107
20		0.5		274.56		20.1665		50.6691
20		0.5		274.88		20.1689		50.725
20		0.5		275.2		20.1656		50.7868
20		0.5		275.52		20.1661		50.8434
20		0.5		275.84		20.1734		50.9007
20		0.5		276.16		20.1724		50.9631
20		0.5		276.48		20.1589		51.0209
20		0.5		276.8		20.1538		51.0846
20		0.5		277.12		20.1631		51.1435
20		0.5		277.44		20.1571		51.1978
20		0.5		277.76		20.1552		51.2593
20		0.5		278.08		20.1544		51.3163
20		0.5		278.4		20.1616		51.3752
20		0.5		278.72		20.1678		51.435
20		0.5		279.04		20.1713		51.4931
20		0.5		279.36		20.1727		51.5498
20		0.5		279.68		20.1768		51.6133
20		0.5		280		20.1842		51.6686
20		0.5		280.32		20.1791		51.7289
20		0.5		280.64		20.1703		51.7888
20		0.5		280.96		20.1682		51.847
20		0.5		281.28		20.1713		51.9027
20		0.5		281.6		20.1699		51.9614
20		0.5		281.92		20.1693		52.0213
20		0.5		282.24		20.1713		52.0757
20		0.5		282.56		20.1861		52.1339
20		0.5		282.88		20.1814		52.1926
20		0.5		283.2		20.1846		52.252
20		0.5		283.52		20.1868		52.3076
20		0.5		283.84		20.1906		52.3639
20		0.5		284.16		20.1976		52.4216
20		0.5		284.48		20.1978		52.4784
20		0.5		284.8		20.195		52.538
20		0.5		285.12		20.1979		52.5933
20		0.5		285.44		20.1939		52.6508
20		0.5		285.76		20.1864		52.7054
20		0.5		286.08		20.177		52.7603
20		0.5		286.4		20.1792		52.8187
20		0.5		286.72		20.1713		52.8724
20		0.5		287.04		20.1709		52.9321
20		0.5		287.36		20.1715		52.9894
20		0.5		287.68		20.1694		53.0533
20		0.5		288		20.1761		53.1068
20		0.5		288.32		20.1735		53.1615
20		0.5		288.64		20.1737		53.2167
20		0.5		288.96		20.1679		53.2702
20		0.5		289.28		20.1683		53.3302
20		0.5		289.6		20.1635		53.393
20		0.5		289.92		20.1584		53.4483
20		0.5		290.24		20.1524		53.5086
20		0.5		290.56		20.1555		53.5641
20		0.5		290.88		20.1632		53.6281
20		0.5		291.2		20.1765		53.6863
20		0.5		291.52		20.1796		53.7438
20		0.5		291.84		20.1836		53.801
20		0.5		292.16		20.1786		53.8538
20		0.5		292.48		20.1772		53.9152
20		0.5		292.8		20.1881		53.9754
20		0.5		293.12		20.1819		54.0345
20		0.5		293.44		20.1685		54.0896
20		0.5		293.76		20.175		54.1491
20		0.5		294.08		20.1682		54.2075
20		0.5		294.4		20.1739		54.2643
20		0.5		294.72		20.1779		54.3168
20		0.5		295.04		20.1831		54.3757
20		0.5		295.36		20.1946		54.4399
20		0.5		295.68		20.1908		54.498
20		0.5		296		20.1949		54.5535
20		0.5		296.32		20.1933		54.6106
20		0.5		296.64		20.1906		54.6699
20		0.5		296.96		20.1895		54.7239
20		0.5		297.28		20.1875		54.7845
20		0.5		297.6		20.1907		54.8406
20		0.5		297.92		20.1908		54.9025
20		0.5		298.24		20.197		54.9574
20		0.5		298.56		20.1947		55.015
20		0.5		298.88		20.1955		55.0725
20		0.5		299.2		20.1997		55.129
20		0.5		299.52		20.2018		55.1907
20		0.5		299.84		20.2104		55.2453
20		0.5		300.16		20.2165		55.3014
20		0.5		300.48		20.2171		55.3587
20		0.5		300.8		20.2115		55.4215
20		0.5		301.12		20.2082		55.4799
20		0.5		301.44		20.21		55.5354
20		0.5		301.76		20.1971		55.5968
20		0.5		302.08		20.2075		55.6544
20		0.5		302.4		20.2111		55.7124
20		0.5		302.72		20.2115		55.7706
20		0.5		303.04		20.2238		55.8247
20		0.5		303.36		20.2188		55.8821
20		0.5		303.68		20.224		55.944
20		0.5		304		20.2191		56.0011
20		0.5		304.32		20.2235		56.0641
20		0.5		304.64		20.2232		56.1233
20		0.5		304.96		20.223		56.1826
20		0.5		305.28		20.2178		56.2421
20		0.5		305.6		20.2139		56.3007
20		0.5		305.92		20.215		56.361
20		0.5		306.24		20.2069		56.4263
20		0.5		306.56		20.2024		56.482
20		0.5		306.88		20.2043		56.543
20		0.5		307.2		20.2086		56.6045
20		0.5		307.52		20.2018		56.6613
20		0.5		307.84		20.2019		56.7134
20		0.5		308.16		20.2116		56.7753
20		0.5		308.48		20.207		56.8312
20		0.5		308.8		20.2028		56.8868
20		0.5		309.12		20.1969		56.9472
20		0.5		309.44		20.1902		57.0073
20		0.5		309.76		20.1976		57.0627
20		0.5		310.08		20.1923		57.1243
20		0.5		310.4		20.199		57.1829
20		0.5		310.72		20.209		57.2412
20		0.5		311.04		20.2074		57.2958
20		0.5		311.36		20.2041		57.3594
20		0.5		311.68		20.2058		57.4153
20		0.5		312		20.205		57.4774
20		0.5		312.32		20.2047		57.5373
20		0.5		312.64		20.204		57.5954
20		0.5		312.96		20.2197		57.6517
20		0.5		313.28		20.2177		57.7124
20		0.5		313.6		20.2284		57.7723
20		0.5		313.92		20.2293		57.8332
20		0.5		314.24		20.2245		57.8898
20		0.5		314.56		20.2149		57.9486
20		0.5		314.88		20.2296		58.0055
20		0.5		315.2		20.2324		58.0644
20		0.5		315.52		20.2246		58.1214
20		0.5		315.84		20.2219		58.1826
20		0.5		316.16		20.2221		58.245
20		0.5		316.48		20.2242		58.3048
20		0.5		316.8		20.2205		58.3627
20		0.5		317.12		20.2096		58.4186
20		0.5		317.44		20.21		58.4767
20		0.5		317.76		20.2046		58.5381
20		0.5		318.08		20.2057		58.5974
20		0.5		318.4		20.2005		58.6578
20		0.5		318.72		20.2093		58.7101
20		0.5		319.04		20.2007		58.7707
20		0.5		319.36		20.2016		58.8302
20		0.5		319.68		20.2157		58.886
20		0.5		320		20.2218		58.9461
20		0.5		320.32		20.224		59.0035
20		0.5		320.64		20.2258		59.061
20		0.5		320.96		20.2236		59.1211
20		0.5		321.28		20.2228		59.1807
20		0.5		321.6		20.2268		59.2398
20		0.5		321.92		20.2332		59.3014
20		0.5		322.24		20.2337		59.3626
20		0.5		322.56		20.2328		59.4188
20		0.5		322.88		20.2208		59.4783
20		0.5		323.2		20.223		59.537
20		0.5		323.52		20.2176		59.5967
20		0.5		323.84		20.2193		59.6599
20		0.5		324.16		20.2142		59.7174
20		0.5		324.48		20.2133		59.7778
20		0.5		324.8		20.2042		59.8469
20		0.5		325.12		20.205		59.9056
20		0.5		325.44		20.2074		59.9681
20		0.5		325.76		20.2092		60.0274
20		0.5		326.08		20.2123		60.0828
20		0.5		326.4		20.2209		60.1422
20		0.5		326.72		20.2283		60.2004
20		0.5		327.04		20.2201		60.2569
20		0.5		327.36		20.2138		60.3194
20		0.5		327.68		20.2114		60.3831
20		0.5		328		20.2031		60.4406
20		0.5		328.32		20.1949		60.4965
20		0.5		328.64		20.1934		60.5546
20		0.5		328.96		20.1856		60.6132
20		0.5		329.28		20.1802		60.6729
20		0.5		329.6		20.1698		60.7349
20		0.5		329.92		20.1718		60.7927
20		0.5		330.24		20.1573		60.8542
20		0.5		330.56		20.1549		60.909
20		0.5		330.88		20.1527		60.9669
20		0.5		331.2		20.1609		61.0222
20		0.5		331.52		20.1616		61.0795
20		0.5		331.84		20.1665		61.1355
20		0.5		332.16		20.1666		61.1927
20		0.5		332.48		20.176		61.2554
20		0.5		332.8		20.1805		61.3151
20		0.5		333.12		20.185		61.3709
20		0.5		333.44		20.1802		61.4265
20		0.5		333.76		20.181		61.4901
20		0.5		334.08		20.1751		61.5546
20		0.5		334.4		20.1778		61.6133
20		0.5		334.72		20.1794		61.6738
20		0.5		335.04		20.1767		61.7305
20		0.5		335.36		20.1806		61.7911
20		0.5		335.68		20.1897		61.855
20		0.5		336		20.1932		61.9149
20		0.5		336.32		20.2064		61.9777
20		0.5		336.64		20.209		62.0393
20		0.5		336.96		20.2101		62.0994
20		0.5		337.28		20.2231		62.1586
20		0.5		337.6		20.2314		62.2186
20		0.5		337.92		20.2361		62.2808
20		0.5		338.24		20.2333		62.3405
20		0.5		338.56		20.2365		62.4011
20		0.5		338.88		20.2367		62.4596
20		0.5		339.2		20.2407		62.5193
20		0.5		339.52		20.2314		62.5724
20		0.5		339.84		20.2261		62.6277
20		0.5		340.16		20.2249		62.6869
20		0.5		340.48		20.2282		62.7439
20		0.5		340.8		20.2377		62.7961
20		0.5		341.12		20.2363		62.8524
20		0.5		341.44		20.2377		62.9086
20		0.5		341.76		20.242		62.9632
20		0.5		342.08		20.2447		63.0229
20		0.5		342.4		20.2406		63.0817
20		0.5		342.72		20.244		63.1438
20		0.5		343.04		20.2522		63.2075
20		0.5		343.36		20.241		63.2614
20		0.5		343.68		20.2386		63.3224
20		0.5		344		20.2441		63.382
20		0.5		344.32		20.2445		63.4426
20		0.5		344.64		20.2435		63.5003
20		0.5		344.96		20.2387		63.5548
20		0.5		345.28		20.2338		63.6158
20		0.5		345.6		20.2239		63.678
20		0.5		345.92		20.2333		63.7343
20		0.5		346.24		20.2237		63.7936
20		0.5		346.56		20.2176		63.8504
20		0.5		346.88		20.2168		63.9092
20		0.5		347.2		20.2134		63.9685
20		0.5		347.52		20.1976		64.0291
20		0.5		347.84		20.1946		64.0887
20		0.5		348.16		20.1782		64.1474
20		0.5		348.48		20.1752		64.2011
20		0.5		348.8		20.1788		64.2546
20		0.5		349.12		20.1794		64.3149
20		0.5		349.44		20.1834		64.3727
20		0.5		349.76		20.1872		64.4317
20		0.5		350.08		20.1907		64.4881
20		0.5		350.4		20.1908		64.5415
20		0.5		350.72		20.1991		64.6015
20		0.5		351.04		20.2024		64.66
20		0.5		351.36		20.1974		64.7178
20		0.5		351.68		20.1856		64.774
20		0.5		352		20.1767		64.8274
20		0.5		352.32		20.1801		64.8883
20		0.5		352.64		20.1841		64.9473
20		0.5		352.96		20.1831		65.0063
20		0.5		353.28		20.1816		65.0658
20		0.5		353.6		20.1788		65.124
20		0.5		353.92		20.1861		65.183
20		0.5		354.24		20.1765		65.2389
20		0.5		354.56		20.1817		65.2963
20		0.5		354.88		20.1769		65.3566
20		0.5		355.2		20.1724		65.4131
20		0.5		355.52		20.1706		65.4704
20		0.5		355.84		20.1741		65.5277
20		0.5		356.16		20.1767		65.5862
20		0.5		356.48		20.1849		65.6454
20		0.5		356.8		20.1798		65.7042
20		0.5		357.12		20.1862		65.7573
20		0.5		357.44		20.194		65.8182
20		0.5		357.76		20.2034		65.8779
20		0.5		358.08		20.2121		65.9365
20		0.5		358.4		20.2168		65.9982
20		0.5		358.72		20.2085		66.0558
20		0.5		359.04		20.2174		66.1133
20		0.5		359.36		20.218		66.171
20		0.5		359.68		20.2125		66.2297
20		0.5		360		20.2114		66.2872
20		0.5		360.32		20.213		66.3433
20		0.5		360.64		20.2161		66.3985
20		0.5		360.96		20.2146		66.4509
20		0.5		361.28		20.218		66.5082
20		0.5		361.6		20.2219		66.5672
20		0.5		361.92		20.2309		66.6274
20		0.5		362.24		20.2289		66.6888
20		0.5		362.56		20.2205		66.7526
20		0.5		362.88		20.2128		66.8136
20		0.5		363.2		20.2137		66.8711
20		0.5		363.52		20.2085		66.9294
20		0.5		363.84		20.2087		66.9848
20		0.5		364.16		20.2048		67.0459
20		0.5		364.48		20.1988		67.1026
20		0.5		364.8		20.1828		67.1612
20		0.5		365.12		20.18		67.2206
20		0.5		365.44		20.1803		67.2821
20		0.5		365.76		20.1789		67.3427
20		0.5		366.08		20.1827		67.4036
20		0.5		366.4		20.1827		67.4614
20		0.5		366.72		20.1817		67.5164
20		0.5		367.04		20.1777		67.5751
20		0.5		367.36		20.1792		67.6316
20		0.5		367.68		20.1764		67.6878
20		0.5		368		20.1682		67.7476
20		0.5		368.32		20.1719		67.8058
20		0.5		368.64		20.1649		67.8619
20		0.5		368.96		20.1587		67.9172
20		0.5		369.28		20.1556		67.9739
20		0.5		369.6		20.149		68.0311
20		0.5		369.92		20.15		68.0898
20		0.5		370.24		20.1431		68.1462
20		0.5		370.56		20.1437		68.2059
20		0.5		370.88		20.1459		68.2646
20		0.5		371.2		20.1398		68.3226
20		0.5		371.52		20.1364		68.3805
20		0.5		371.84		20.1334		68.437
20		0.5		372.16		20.1208		68.4955
20		0.5		372.48		20.1082		68.5545
20		0.5		372.8		20.1126		68.6119
20		0.5		373.12		20.1114		68.6697
20		0.5		373.44		20.1143		68.7315
20		0.5		373.76		20.1134		68.7902
20		0.5		374.08		20.1102		68.8458
20		0.5		374.4		20.1052		68.9041
20		0.5		374.72		20.1041		68.9622
20		0.5		375.04		20.1045		69.0225
20		0.5		375.36		20.0983		69.0794
20		0.5		375.68		20.0959		69.135
20		0.5		376		20.0905		69.1953
20		0.5		376.32		20.1026		69.2551
20		0.5		376.64		20.0936		69.3141
20		0.5		376.96		20.1007		69.3719
20		0.5		377.28		20.1136		69.4288
20		0.5		377.6		20.1079		69.4895
20		0.5		377.92		20.1055		69.5465
20		0.5		378.24		20.1145		69.606
20		0.5		378.56		20.1119		69.6671
20		0.5		378.88		20.1089		69.7254
20		0.5		379.2		20.1183		69.788
20		0.5		379.52		20.1232		69.8452
20		0.5		379.84		20.1259		69.8997
20		0.5		380.16		20.1197		69.9575
20		0.5		380.48		20.1237		70.0193
20		0.5		380.8		20.1235		70.0751
20		0.5		381.12		20.1324		70.1305
20		0.5		381.44		20.1289		70.1899
20		0.5		381.76		20.131		70.2473
20		0.5		382.08		20.1422		70.3033
20		0.5		382.4		20.1515		70.3625
20		0.5		382.72		20.1454		70.4231
20		0.5		383.04		20.1439		70.48
20		0.5		383.36		20.148		70.5396
20		0.5		383.68		20.153		70.5962
20		0.5		384		20.1536		70.6588
20		0.5		384.32		20.1464		70.7187
20		0.5		384.64		20.1463		70.7762
20		0.5		384.96		20.1487		70.8333
20		0.5		385.28		20.1349		70.8962
20		0.5		385.6		20.1418		70.9578
20		0.5		385.92		20.1464		71.0142
20		0.5		386.24		20.1445		71.0743
20		0.5		386.56		20.1416		71.131
20		0.5		386.88		20.1565		71.1888
20		0.5		387.2		20.152		71.2488
20		0.5		387.52		20.1512		71.3088
20		0.5		387.84		20.1546		71.3652
20		0.5		388.16		20.1526		71.425
20		0.5		388.48		20.1562		71.4803
20		0.5		388.8		20.1539		71.5361
20		0.5		389.12		20.1516		71.5932
20		0.5		389.44		20.1444		71.6545
20		0.5		389.76		20.143		71.7148
20		0.5		390.08		20.1385		71.772
20		0.5		390.4		20.132		71.8365
20		0.5		390.72		20.1372		71.8957
20		0.5		391.04		20.1318		71.9508
20		0.5		391.36		20.1325		72.007
20		0.5		391.68		20.1312		72.0696
20		0.5		392		20.135		72.128
20		0.5		392.32		20.1382		72.1932
20		0.5		392.64		20.1402		72.2537
20		0.5		392.96		20.1416		72.3133
20		0.5		393.28		20.1453		72.3766
20		0.5		393.6		20.1459		72.434
20		0.5		393.92		20.1454		72.4919
20		0.5		394.24		20.1417		72.5518
20		0.5		394.56		20.1426		72.609
20		0.5		394.88		20.1424		72.6678
20		0.5		395.2		20.1415		72.7275
20		0.5		395.52		20.1365		72.7836
20		0.5		395.84		20.1376		72.8439
20		0.5		396.16		20.1318		72.9015
20		0.5		396.48		20.1337		72.9591
20		0.5		396.8		20.125		73.0124
20		0.5		397.12		20.1317		73.0706
20		0.5		397.44		20.1196		73.1282
20		0.5		397.76		20.1187		73.1804
20		0.5		398.08		20.1152		73.2408
20		0.5		398.4		20.1058		73.2948
20		0.5		398.72		20.1064		73.3515
20		0.5		399.04		20.106		73.4118
20		0.5		399.36		20.1127		73.4755
20		0.5		399.68		20.116		73.535
20		0.5		400		20.1105		73.5941
20		0.5		400.32		20.1028		73.653
20		0.5		400.64		20.1165		73.7034
20		0.5		400.96		20.1214		73.765
20		0.5		401.28		20.1198		73.8219
20		0.5		401.6		20.1135		73.8813
20		0.5		401.92		20.1162		73.9385
20		0.5		402.24		20.1118		74.0013
20		0.5		402.56		20.1018		74.0568
20		0.5		402.88		20.1058		74.1136
20		0.5		403.2		20.0992		74.1725
20		0.5		403.52		20.0943		74.2288
20		0.5		403.84		20.0876		74.2866
20		0.5		404.16		20.0898		74.3438
20		0.5		404.48		20.0885		74.4064
20		0.5		404.8		20.0883		74.4663
20		0.5		405.12		20.0854		74.5227
20		0.5		405.44		20.0955		74.5828
20		0.5		405.76		20.0931		74.6429
20		0.5		406.08		20.0858		74.6957
20		0.5		406.4		20.0846		74.7495
20		0.5		406.72		20.0861		74.8109
20		0.5		407.04		20.0916		74.868
20		0.5		407.36		20.0835		74.9288
20		0.5		407.68		20.0912		74.9813
20		0.5		408		20.0879		75.0413
20		0.5		408.32		20.0954		75.0964
20		0.5		408.64		20.0866		75.1543
20		0.5		408.96		20.0856		75.2184
20		0.5		409.28		20.0988		75.2779
20		0.5		409.6		20.094		75.3355
20		0.5		409.92		20.0896		75.3934
20		0.5		410.24		20.0807		75.4524
20		0.5		410.56		20.087		75.513
20		0.5		410.88		20.0937		75.5698
20		0.5		411.2		20.0956		75.6325
20		0.5		411.52		20.0878		75.6896
20		0.5		411.84		20.0822		75.748
20		0.5		412.16		20.0815		75.8066
20		0.5		412.48		20.0827		75.8647
20		0.5		412.8		20.0733		75.9292
20		0.5		413.12		20.0772		75.993
20		0.5		413.44		20.072		76.048
20		0.5		413.76		20.0731		76.1059
20		0.5		414.08		20.0711		76.1665
20		0.5		414.4		20.0633		76.2321
20		0.5		414.72		20.0606		76.2865
20		0.5		415.04		20.0566		76.3429
20		0.5		415.36		20.0586		76.405
20		0.5		415.68		20.0543		76.4608
20		0.5		416		20.0579		76.5171
20		0.5		416.32		20.0564		76.572
20		0.5		416.64		20.0593		76.6315
20		0.5		416.96		20.0574		76.691
20		0.5		417.28		20.0506		76.7496
20		0.5		417.6		20.0593		76.8101
20		0.5		417.92		20.0646		76.8673
20		0.5		418.24		20.0532		76.923
20		0.5		418.56		20.0481		76.9806
20		0.5		418.88		20.0416		77.0371
20		0.5		419.2		20.0252		77.0974
20		0.5		419.52		20.0263		77.1523
20		0.5		419.84		20.0135		77.2093
20		0.5		420.16		20.0091		77.2632
20		0.5		420.48		20.0053		77.322
20		0.5		420.8		20.0028		77.3795
20		0.5		421.12		20.0054		77.4368
20		0.5		421.44		20.0047		77.4954
20		0.5		421.76		20.0041		77.547
20		0.5		422.08		19.9997		77.6061
20		0.5		422.4		20.0063		77.6622
20		0.5		422.72		20.014		77.7207
20		0.5		423.04		20.0015		77.7805
20		0.5		423.36		20.0007		77.8441
20		0.5		423.68		20.0011		77.9026
20		0.5		424		20.0021		77.9608
20		0.5		424.32		20.0019		78.0135
20		0.5		424.64		20.0123		78.0779
20		0.5		424.96		20.0149		78.1369
20		0.5		425.28		20.0254		78.2003
20		0.5		425.6		20.0176		78.2601
20		0.5		425.92		20.0117		78.3208
20		0.5		426.24		20.0065		78.3825
20		0.5		426.56		20.0113		78.4372
20		0.5		426.88		20.0165		78.4955
20		0.5		427.2		20.0216		78.5518
20		0.5		427.52		20.0235		78.6119
20		0.5		427.84		20.0194		78.6683
20		0.5		428.16		20.0155		78.7288
20		0.5		428.48		20.0183		78.7857
20		0.5		428.8		20.0107		78.8524
20		0.5		429.12		20.0053		78.9103
20		0.5		429.44		20.0129		78.9653
20		0.5		429.76		20.0083		79.0246
20		0.5		430.08		20.0196		79.0811
20		0.5		430.4		20.0145		79.1353
20		0.5		430.72		20.0208		79.1909
20		0.5		431.04		20.0303		79.249
20		0.5		431.36		20.0323		79.3118
20		0.5		431.68		20.043		79.3708
20		0.5		432		20.0522		79.4283
20		0.5		432.32		20.0599		79.4904
20		0.5		432.64		20.0682		79.5479
20		0.5		432.96		20.0731		79.6047
20		0.5		433.28		20.0719		79.6618
20		0.5		433.6		20.0571		79.7222
20		0.5		433.92		20.0583		79.779
20		0.5		434.24		20.0516		79.8416
20		0.5		434.56		20.0493		79.8977
20		0.5		434.88		20.0432		79.9612
20		0.5		435.2		20.0401		80.022
20		0.5		435.52		20.0411		80.0818
20		0.5		435.84		20.038		80.1325
20		0.5		436.16		20.0325		80.187
20		0.5		436.48		20.0398		80.2428
20		0.5		436.8		20.0394		80.3007
20		0.5		437.12		20.0354		80.3635
20		0.5		437.44		20.0287		80.4242
20		0.5		437.76		20.0306		80.4821
20		0.5		438.08		20.0357		80.5379
20		0.5		438.4		20.0356		80.5961
20		0.5		438.72		20.0373		80.6542
20		0.5		439.04		20.0425		80.7117
20		0.5		439.36		20.0349		80.771
20		0.5		439.68		20.0306		80.8304
20		0.5		440		20.0288		80.8889
20		0.5		440.32		20.0339		80.9458
20		0.5		440.64		20.0381		81.0022
20		0.5		440.96		20.0379		81.0632
20		0.5		441.28		20.0371		81.1178
20		0.5		441.6		20.0311		81.175
20		0.5		441.92		20.0218		81.2344
20		0.5		442.24		20.019		81.2899
20		0.5		442.56		20.0227		81.347
20		0.5		442.88		20.0237		81.4099
20		0.5		443.2		20.0192		81.4728
20		0.5		443.52		20.0067		81.5316
20		0.5		443.84		19.9995		81.5858
20		0.5		444.16		20.0022		81.6472
20		0.5		444.48		20.0013		81.7058
20		0.5		444.8		20.0023		81.7628
20		0.5		445.12		20.0046		81.8211
20		0.5		445.44		20.0022		81.8774
20		0.5		445.76		20.012		81.9369
20		0.5		446.08		20.0138		81.9936
20		0.5		446.4		20.0241		82.0526
20		0.5		446.72		20.0193		82.1078
20		0.5		447.04		20.0139		82.169
20		0.5		447.36		20.0158		82.2278
20		0.5		447.68		20.0084		82.2843
20		0.5		448		20.0059		82.3424
20		0.5		448.32		20.004		82.4009
20		0.5		448.64		20.0055		82.4572
20		0.5		448.96		20.0045		82.5169
20		0.5		449.28		20.0045		82.5776
20		0.5		449.6		20.001		82.6348
20		0.5		449.92		19.983		82.6933
20		0.5		450.24		19.9823		82.7566
20		0.5		450.56		19.9732		82.8143
20		0.5		450.88		19.96		82.8718
20		0.5		451.2		19.9663		82.9287
20		0.5		451.52		19.9772		82.9875
20		0.5		451.84		19.9737		83.0498
20		0.5		452.16		19.9773		83.1073
20		0.5		452.48		19.9847		83.1647
20		0.5		452.8		19.9785		83.2196
20		0.5		453.12		19.976		83.2794
20		0.5		453.44		19.9684		83.3361
20		0.5		453.76		19.9659		83.3951
20		0.5		454.08		19.9724		83.454
20		0.5		454.4		19.9714		83.51
20		0.5		454.72		19.9734		83.5722
20		0.5		455.04		19.9694		83.6296
20		0.5		455.36		19.9575		83.6884
20		0.5		455.68		19.959		83.7478
20		0.5		456		19.9545		83.8066
20		0.5		456.32		19.9502		83.8629
20		0.5		456.64		19.9433		83.9212
20		0.5		456.96		19.9458		83.976
20		0.5		457.28		19.9384		84.0341
20		0.5		457.6		19.9472		84.094
20		0.5		457.92		19.9494		84.1569
20		0.5		458.24		19.9474		84.2127
20		0.5		458.56		19.965		84.2709
20		0.5		458.88		19.9638		84.3322
20		0.5		459.2		19.9627		84.3907
20		0.5		459.52		19.9608		84.4466
20		0.5		459.84		19.9564		84.5019
20		0.5		460.16		19.9668		84.556
20		0.5		460.48		19.9615		84.6171
20		0.5		460.8		19.9553		84.6788
20		0.5		461.12		19.9573		84.7396
20		0.5		461.44		19.9571		84.7968
20		0.5		461.76		19.9639		84.8481
20		0.5		462.08		19.9699		84.9068
20		0.5		462.4		19.9638		84.9622
20		0.5		462.72		19.9598		85.0213
20		0.5		463.04		19.9603		85.0772
20		0.5		463.36		19.963		85.1363
20		0.5		463.68		19.9562		85.195
20		0.5		464		19.9504		85.2528
20		0.5		464.32		19.9467		85.309
20		0.5		464.64		19.9422		85.368
20		0.5		464.96		19.9451		85.4273
20		0.5		465.28		19.9427		85.4798
20		0.5		465.6		19.9522		85.5381
20		0.5		465.92		19.9468		85.5928
20		0.5		466.24		19.9475		85.6511
20		0.5		466.56		19.9494		85.7105
20		0.5		466.88		19.9481		85.7683
20		0.5		467.2		19.9441		85.8256
20		0.5		467.52		19.9507		85.8862
20		0.5		467.84		19.9445		85.9487
20		0.5		468.16		19.9303		86.0077
20		0.5		468.48		19.922		86.0662
20		0.5		468.8		19.9268		86.1245
20		0.5		469.12		19.9274		86.1791
20		0.5		469.44		19.9371		86.241
20		0.5		469.76		19.9458		86.3
20		0.5		470.08		19.941		86.3551
20		0.5		470.4		19.9459		86.4112
20		0.5		470.72		19.94		86.4742
20		0.5		471.04		19.9398		86.5285
20		0.5		471.36		19.9412		86.5926
20		0.5		471.68		19.934		86.6546
20		0.5		472		19.9274		86.7094
20		0.5		472.32		19.9327		86.7699
20		0.5		472.64		19.9278		86.8305
20		0.5		472.96		19.9252		86.8932
20		0.5		473.28		19.9204		86.9555
20		0.5		473.6		19.9251		87.0183
20		0.5		473.92		19.9269		87.0768
20		0.5		474.24		19.9316		87.137
20		0.5		474.56		19.9356		87.1932
20		0.5		474.88		19.9327		87.2478
20		0.5		475.2		19.9319		87.3083
20		0.5		475.52		19.9335		87.3673
20		0.5		475.84		19.9352		87.4287
20		0.5		476.16		19.9287		87.4885
20		0.5		476.48		19.9301		87.5492
20		0.5		476.8		19.9364		87.6112
20		0.5		477.12		19.9329		87.6743
20		0.5		477.44		19.9422		87.7312
20		0.5		477.76		19.9338		87.7903
20		0.5		478.08		19.9434		87.8497
20		0.5		478.4		19.9411		87.9072
20		0.5		478.72		19.9409		87.9632
20		0.5		479.04		19.9366		88.0266
20		0.5		479.36		19.9379		88.0876
20		0.5		479.68		19.9359		88.1456
20		0.5		480		19.9381		88.2004
20		0.5		480.32		19.937		88.2562
20		0.5		480.64		19.9466		88.3204
20		0.5		480.96		19.9442		88.3784
20		0.5		481.28		19.9413		88.4359
20		0.5		481.6		19.9375		88.501
20		0.5		481.92		19.9278		88.5568
20		0.5		482.24		19.9335		88.612
20		0.5		482.56		19.9281		88.6721
20		0.5		482.88		19.9195		88.7355
20		0.5		483.2		19.907		88.7966
20		0.5		483.52		19.9075		88.8558
20		0.5		483.84		19.9052		88.9188
20		0.5		484.16		19.9096		88.9773
20		0.5		484.48		19.915		89.0272
20		0.5		484.8		19.9126		89.0828
20		0.5		485.12		19.9098		89.1434
20		0.5		485.44		19.918		89.2035
20		0.5		485.76		19.9088		89.2611
20		0.5		486.08		19.9143		89.319
20		0.5		486.4		19.9097		89.3764
20		0.5		486.72		19.9071		89.4349
20		0.5		487.04		19.9122		89.4945
20		0.5		487.36		19.9115		89.5477
20		0.5		487.68		19.9073		89.6107
20		0.5		488		19.8996		89.6657
20		0.5		488.32		19.8922		89.7228
20		0.5		488.64		19.887		89.7831
20		0.5		488.96		19.889		89.8407
20		0.5		489.28		19.8906		89.9002
20		0.5		489.6		19.8883		89.9574
20		0.5		489.92		19.885		90.0159
20		0.5		490.24		19.8832		90.0738
20		0.5		490.56		19.8923		90.129
20		0.5		490.88		19.8853		90.1904
20		0.5		491.2		19.876		90.2456
20		0.5		491.52		19.8747		90.3085
20		0.5		491.84		19.871		90.3661
20		0.5		492.16		19.8656		90.423
20		0.5		492.48		19.8649		90.4854
20		0.5		492.8		19.8687		90.5447
20		0.5		493.12		19.874		90.6007
20		0.5		493.44		19.8714		90.661
20		0.5		493.76		19.8589		90.7215
20		0.5		494.08		19.8601		90.7753
20		0.5		494.4		19.8623		90.8357
20		0.5		494.72		19.8652		90.8913
20		0.5		495.04		19.8696		90.9535
20		0.5		495.36		19.8618		91.0122
20		0.5		495.68		19.8594		91.0719
20		0.5		496		19.8638		91.1321
20		0.5		496.32		19.8659		91.1922
20		0.5		496.64		19.8592		91.2454
20		0.5		496.96		19.8573		91.3013
20		0.5		497.28		19.8554		91.3616
20		0.5		497.6		19.8607		91.418
20		0.5		497.92		19.8636		91.4796
20		0.5		498.24		19.8591		91.5431
20		0.5		498.56		19.8644		91.6022
20		0.5		498.88		19.8604		91.6623
20		0.5		499.2		19.8701		91.7182
20		0.5		499.52		19.8754		91.7809
20		0.5		499.84		19.8842		91.8381
20		0.5		500.16		19.8792		91.8905
20		0.5		500.48		19.877		91.9453
20		0.5		500.8		19.8718		92.0013
20		0.5		501.12		19.8652		92.0628
20		0.5		501.44		19.8717		92.1253
20		0.5		501.76		19.8739		92.1819
20		0.5		502.08		19.8829		92.2398
20		0.5		502.4		19.8728		92.2943
20		0.5		502.72		19.8694		92.3551
20		0.5		503.04		19.8657		92.4091
20		0.5		503.36		19.8767		92.4695
20		0.5		503.68		19.885		92.5271
20		0.5		504		19.892		92.5846
20		0.5		504.32		19.8914		92.6407
20		0.5		504.64		19.8959		92.7025
20		0.5		504.96		19.9017		92.759
20		0.5		505.28		19.8941		92.8231
20		0.5		505.6		19.8928		92.8809
20		0.5		505.92		19.8942		92.9368
20		0.5		506.24		19.8925		92.9977
20		0.5		506.56		19.8969		93.056
20		0.5		506.88		19.8939		93.114
20		0.5		507.2		19.8863		93.1664
20		0.5		507.52		19.889		93.2207
20		0.5		507.84		19.8958		93.2797
20		0.5		508.16		19.8958		93.3438
20		0.5		508.48		19.9037		93.404
20		0.5		508.8		19.9143		93.4636
20		0.5		509.12		19.9121		93.5239
20		0.5		509.44		19.9133		93.5823
20		0.5		509.76		19.9137		93.6411
20		0.5		510.08		19.9144		93.6999
20		0.5		510.4		19.9056		93.7603
20		0.5		510.72		19.9102		93.8202
20		0.5		511.04		19.9082		93.8786
20		0.5		511.36		19.9107		93.937
20		0.5		511.68		19.9113		93.9974
20		0.5		512		19.9064		94.0511
20		0.5		512.32		19.9074		94.1067
20		0.5		512.64		19.9138		94.1649
20		0.5		512.96		19.9263		94.228
20		0.5		513.28		19.9313		94.2872
20		0.5		513.6		19.9303		94.3485
20		0.5		513.92		19.9308		94.41
20		0.5		514.24		19.9392		94.4691
20		0.5		514.56		19.9346		94.5303
20		0.5		514.88		19.9315		94.5844
20		0.5		515.2		19.9248		94.6444
20		0.5		515.52		19.9199		94.7057
20		0.5		515.84		19.9228		94.7625
20		0.5		516.16		19.9193		94.8226
20		0.5		516.48		19.9203		94.8789
20		0.5		516.8		19.9199		94.9364
20		0.5		517.12		19.923		94.9947
20		0.5		517.44		19.9186		95.0552
20		0.5		517.76		19.9142		95.1101
20		0.5		518.08		19.9091		95.1695
20		0.5		518.4		19.9007		95.2227
20		0.5		518.72		19.8989		95.2842
20		0.5		519.04		19.9075		95.346
20		0.5		519.36		19.909		95.4052
20		0.5		519.68		19.907		95.4621
20		0.5		520		19.9078		95.5191
20		0.5		520.32		19.9046		95.5798
20		0.5		520.64		19.8994		95.6382
20		0.5		520.96		19.9052		95.701
20		0.5		521.28		19.9055		95.7585
20		0.5		521.6		19.9166		95.8174
20		0.5		521.92		19.9162		95.878
20		0.5		522.24		19.9129		95.9388
20		0.5		522.56		19.9115		95.9965
20		0.5		522.88		19.9182		96.0521
20		0.5		523.2		19.9203		96.1093
20		0.5		523.52		19.9237		96.1654
20		0.5		523.84		19.9245		96.2238
20		0.5		524.16		19.9276		96.2837
20		0.5		524.48		19.9266		96.3415
20		0.5		524.8		19.9242		96.3991
20		0.5		525.12		19.9285		96.4544
20		0.5		525.44		19.9343		96.5096
20		0.5		525.76		19.9353		96.5678
20		0.5		526.08		19.9264		96.6288
20		0.5		526.4		19.931		96.6897
20		0.5		526.72		19.9313		96.7469
20		0.5		527.04		19.9347		96.8097
20		0.5		527.36		19.9299		96.8668
20		0.5		527.68		19.9274		96.9294
20		0.5		528		19.922		96.9873
20		0.5		528.32		19.9146		97.0443
20		0.5		528.64		19.9121		97.1014
20		0.5		528.96		19.9103		97.1619
20		0.5		529.28		19.9052		97.2189
20		0.5		529.6		19.8958		97.277
20		0.5		529.92		19.8862		97.335
20		0.5		530.24		19.8836		97.392
20		0.5		530.56		19.8802		97.4495
20		0.5		530.88		19.875		97.5083
20		0.5		531.2		19.8742		97.5665
20		0.5		531.52		19.8751		97.6219
20		0.5		531.84		19.8706		97.6833
20		0.5		532.16		19.8626		97.7444
20		0.5		532.48		19.8696		97.8065
20		0.5		532.8		19.8725		97.8677
20		0.5		533.12		19.8704		97.9283
20		0.5		533.44		19.8767		97.9873
20		0.5		533.76		19.8746		98.0482
20		0.5		534.08		19.862		98.1098
20		0.5		534.4		19.8589		98.1684
20		0.5		534.72		19.8601		98.2262
20		0.5		535.04		19.8596		98.284
20		0.5		535.36		19.8586		98.3424
20		0.5		535.68		19.8499		98.4016
20		0.5		536		19.8647		98.4619
20		0.5		536.32		19.8627		98.5224
20		0.5		536.64		19.864		98.5843
20		0.5		536.96		19.8723		98.6431
20		0.5		537.28		19.8745		98.6999
20		0.5		537.6		19.8647		98.7628
20		0.5		537.92		19.8696		98.8243
20		0.5		538.24		19.8692		98.8805
20		0.5		538.56		19.8578		98.939
20		0.5		538.88		19.8594		98.9949
20		0.5		539.2		19.8654		99.0575
20		0.5		539.52		19.8647		99.1177
20		0.5		539.84		19.8647		99.1757
20		0.5		540.16		19.864		99.2378
20		0.5		540.48		19.8689		99.2971
20		0.5		540.8		19.8772		99.3548
20		0.5		541.12		19.8731		99.42
20		0.5		541.44		19.8815		99.4762
20		0.5		541.76		19.8896		99.5335
20		0.5		542.08		19.8865		99.591
20		0.5		542.4		19.8838		99.642
20		0.5		542.72		19.8852		99.6995
20		0.5		543.04		19.8896		99.7519
20		0.5		543.36		19.8986		99.8103
20		0.5		543.68		19.8862		99.8691
20		0.5		544		19.8846		99.9321
20		0.5		544.32		19.8844		99.9919
20		0.5		544.64		19.8853		100.051
20		0.5		544.96		19.8923		100.111
20		0.5		545.28		19.9003		100.175
20		0.5		545.6		19.8998		100.234
20		0.5		545.92		19.8997		100.292
20		0.5		546.24		19.8884		100.352
20		0.5		546.56		19.8848		100.413
20		0.5		546.88		19.8904		100.471
20		0.5		547.2		19.8848		100.534
20		0.5		547.52		19.8767		100.593
20		0.5		547.84		19.8745		100.657
20		0.5		548.16		19.8726		100.711
20		0.5		548.48		19.8747		100.766
20		0.5		548.8		19.8742		100.824
20		0.5		549.12		19.8786		100.882
20		0.5		549.44		19.8747		100.937
20		0.5		549.76		19.8755		100.996
20		0.5		550.08		19.8754		101.053
20		0.5		550.4		19.8889		101.112
20		0.5		550.72		19.8919		101.172
20		0.5		551.04		19.8865		101.223
20		0.5		551.36		19.8864		101.28
20		0.5		551.68		19.8945		101.335
20		0.5		552		19.8875		101.394
20		0.5		552.32		19.8812		101.449
20		0.5		552.64		19.8815		101.502
20		0.5		552.96		19.8927		101.558
20		0.5		553.28		19.8969		101.62
20		0.5		553.6		19.902		101.681
20		0.5		553.92		19.9099		101.738
20		0.5		554.24		19.9148		101.793
20		0.5		554.56		19.9097		101.847
20		0.5		554.88		19.9137		101.903
20		0.5		555.2		19.9091		101.963
20		0.5		555.52		19.9059		102.028
20		0.5		555.84		19.9096		102.089
20		0.5		556.16		19.9063		102.15
20		0.5		556.48		19.8977		102.211
20		0.5		556.8		19.8956		102.27
20		0.5		557.12		19.8905		102.331
20		0.5		557.44		19.8943		102.397
20		0.5		557.76		19.8993		102.452
20		0.5		558.08		19.9031		102.51
20		0.5		558.4		19.9043		102.562
20		0.5		558.72		19.9096		102.618
20		0.5		559.04		19.9107		102.679
20		0.5		559.36		19.9107		102.735
20		0.5		559.68		19.9132		102.793
20		0.5		560		19.9146		102.851
20		0.5		560.32		19.9181		102.914
20		0.5		560.64		19.9133		102.975
20		0.5		560.96		19.9101		103.03
20		0.5		561.28		19.9116		103.092
20		0.5		561.6		19.9138		103.148
20		0.5		561.92		19.9127		103.206
20		0.5		562.24		19.9109		103.263
20		0.5		562.56		19.9079		103.319
20		0.5		562.88		19.9025		103.373
20		0.5		563.2		19.8972		103.428
20		0.5		563.52		19.8908		103.481
20		0.5		563.84		19.8862		103.539
20		0.5		564.16		19.8883		103.602
20		0.5		564.48		19.8936		103.659
20		0.5		564.8		19.8913		103.714
20		0.5		565.12		19.9031		103.78
20		0.5		565.44		19.8991		103.835
20		0.5		565.76		19.8924		103.89
20		0.5		566.08		19.8855		103.949
20		0.5		566.4		19.8686		104.008
20		0.5		566.72		19.8715		104.069
20		0.5		567.04		19.8736		104.126
20		0.5		567.36		19.8709		104.184
20		0.5		567.68		19.8713		104.237
20		0.5		568		19.8715		104.294
20		0.5		568.32		19.8695		104.352
20		0.5		568.64		19.8723		104.413
20		0.5		568.96		19.8693		104.471
20		0.5		569.28		19.8714		104.527
20		0.5		569.6		19.8712		104.586
20		0.5		569.92		19.8629		104.649
20		0.5		570.24		19.8534		104.705
20		0.5		570.56		19.8551		104.761
20		0.5		570.88		19.8459		104.819
20		0.5		571.2		19.8384		104.876
20		0.5		571.52		19.8433		104.937
20		0.5		571.84		19.8471		104.992
20		0.5		572.16		19.8537		105.052
20		0.5		572.48		19.8629		105.111
20		0.5		572.8		19.8628		105.176
20		0.5		573.12		19.875		105.236
20		0.5		573.44		19.8861		105.293
20		0.5		573.76		19.8843		105.351
20		0.5		574.08		19.8836		105.408
20		0.5		574.4		19.883		105.464
20		0.5		574.72		19.8776		105.524
20		0.5		575.04		19.8845		105.577
20		0.5		575.36		19.8787		105.636
20		0.5		575.68		19.8787		105.696
20		0.5		576		19.8733		105.752
20		0.5		576.32		19.873		105.814
20		0.5		576.64		19.8713		105.875
20		0.5		576.96		19.8709		105.932
20		0.5		577.28		19.8647		105.994
20		0.5		577.6		19.8602		106.052
20		0.5		577.92		19.8571		106.105
20		0.5		578.24		19.8568		106.162
20		0.5		578.56		19.857		106.221
20		0.5		578.88		19.8484		106.285
20		0.5		579.2		19.8394		106.345
20		0.5		579.52		19.8345		106.406
20		0.5		579.84		19.8483		106.469
20		0.5		580.16		19.8468		106.529
20		0.5		580.48		19.8414		106.589
20		0.5		580.8		19.8491		106.649
20		0.5		581.12		19.8518		106.705
20		0.5		581.44		19.8478		106.766
20		0.5		581.76		19.8502		106.82
20		0.5		582.08		19.8509		106.878
20		0.5		582.4		19.8661		106.936
20		0.5		582.72		19.8839		106.998
20		0.5		583.04		19.8808		107.056
20		0.5		583.36		19.8847		107.109
20		0.5		583.68		19.8821		107.166
20		0.5		584		19.884		107.224
20		0.5		584.32		19.8865		107.283
20		0.5		584.64		19.8915		107.343
20		0.5		584.96		19.8773		107.399
20		0.5		585.28		19.8771		107.457
20		0.5		585.6		19.8772		107.514
20		0.5		585.92		19.8814		107.565
20		0.5		586.24		19.8697		107.625
20		0.5		586.56		19.8625		107.679
20		0.5		586.88		19.8682		107.734
20		0.5		587.2		19.8658		107.796
20		0.5		587.52		19.8661		107.848
20		0.5		587.84		19.861		107.906
20		0.5		588.16		19.8535		107.964
20		0.5		588.48		19.8495		108.029
20		0.5		588.8		19.8492		108.088
20		0.5		589.12		19.8502		108.148
20		0.5		589.44		19.8455		108.212
20		0.5		589.76		19.846		108.27
20		0.5		590.08		19.8454		108.326
20		0.5		590.4		19.8464		108.388
20		0.5		590.72		19.8453		108.442
20		0.5		591.04		19.844		108.5
20		0.5		591.36		19.8419		108.558
20		0.5		591.68		19.8357		108.613
20		0.5		592		19.8351		108.676
20		0.5		592.32		19.8444		108.735
20		0.5		592.64		19.8467		108.792
20		0.5		592.96		19.8442		108.852
20		0.5		593.28		19.8448		108.912
20		0.5		593.6		19.8419		108.97
20		0.5		593.92		19.8479		109.029
20		0.5		594.24		19.8485		109.086
20		0.5		594.56		19.8381		109.148
20		0.5		594.88		19.8479		109.209
20		0.5		595.2		19.853		109.27
20		0.5		595.52		19.8573		109.327
20		0.5		595.84		19.8536		109.385
20		0.5		596.16		19.8502		109.445
20		0.5		596.48		19.8507		109.501
20		0.5		596.8		19.8563		109.56
20		0.5		597.12		19.8621		109.622
20		0.5		597.44		19.865		109.684
20		0.5		597.76		19.8594		109.742
20		0.5		598.08		19.8528		109.803
20		0.5		598.4		19.8541		109.868
20		0.5		598.72		19.8502		109.924
20		0.5		599.04		19.8546		109.984
20		0.5		599.36		19.8535		110.045
20		0.5		599.68		19.85		110.103
20		0.5		600		19.8509		110.162
20		0.5		600.32		19.8417		110.22
20		0.5		600.64		19.8377		110.276
20		0.5		600.96		19.8343		110.332
20		0.5		601.28		19.8384		110.39
20		0.5		601.6		19.8463		110.446
20		0.5		601.92		19.8472		110.507
20		0.5		602.24		19.8501		110.566
20		0.5		602.56		19.8404		110.623
20		0.5		602.88		19.8469		110.678
20		0.5		603.2		19.8527		110.737
20		0.5		603.52		19.8535		110.793
20		0.5		603.84		19.8467		110.849
20		0.5		604.16		19.8465		110.908
20		0.5		604.48		19.856		110.97
20		0.5		604.8		19.8592		111.026
20		0.5		605.12		19.8583		111.09
20		0.5		605.44		19.8699		111.15
20		0.5		605.76		19.8692		111.21
20		0.5		606.08		19.8665		111.27
20		0.5		606.4		19.87		111.331
20		0.5		606.72		19.875		111.387
20		0.5		607.04		19.8723		111.446
20		0.5		607.36		19.8643		111.501
20		0.5		607.68		19.868		111.562
20		0.5		608		19.8596		111.624
20		0.5		608.32		19.8567		111.682
20		0.5		608.64		19.8505		111.744
20		0.5		608.96		19.8563		111.802
20		0.5		609.28		19.8681		111.863
20		0.5		609.6		19.8683		111.924
20		0.5		609.92		19.8657		111.983
20		0.5		610.24		19.8693		112.043
20		0.5		610.56		19.8729		112.106
20		0.5		610.88		19.8753		112.161
20		0.5		611.2		19.8776		112.219
20		0.5		611.52		19.8728		112.276
20		0.5		611.84		19.8694		112.333
20		0.5		612.16		19.8811		112.393
20		0.5		612.48		19.8867		112.452
20		0.5		612.8		19.8882		112.515
20		0.5		613.12		19.8873		112.575
20		0.5		613.44		19.8849		112.634
20		0.5		613.76		19.89		112.692
20		0.5		614.08		19.898		112.755
20		0.5		614.4		19.896		112.812
20		0.5		614.72		19.8902		112.874
20		0.5		615.04		19.886		112.928
20		0.5		615.36		19.8769		112.983
20		0.5		615.68		19.8847		113.038
20		0.5		616		19.8892		113.093
20		0.5		616.32		19.891		113.152
20		0.5		616.64		19.8934		113.211
20		0.5		616.96		19.8963		113.269
20		0.5		617.28		19.8974		113.33
20		0.5		617.6		19.8974		113.39
20		0.5		617.92		19.9014		113.449
20		0.5		618.24		19.9061		113.51
20		0.5		618.56		19.903		113.568
20		0.5		618.88		19.9004		113.623
20		0.5		619.2		19.9048		113.686
20		0.5		619.52		19.9017		113.749
20		0.5		619.84		19.9125		113.803
20		0.5		620.16		19.912		113.856
20		0.5		620.48		19.924		113.913
20		0.5		620.8		19.9364		113.969
20		0.5		621.12		19.9256		114.029
20		0.5		621.44		19.9251		114.082
20		0.5		621.76		19.9304		114.14
20		0.5		622.08		19.9247		114.198
20		0.5		622.4		19.9194		114.259
20		0.5		622.72		19.9248		114.315
20		0.5		623.04		19.9211		114.371
20		0.5		623.36		19.9346		114.428
20		0.5		623.68		19.9298		114.485
20		0.5		624		19.9343		114.541
20		0.5		624.32		19.9215		114.599
20		0.5		624.64		19.9199		114.658
20		0.5		624.96		19.9153		114.719
20		0.5		625.28		19.922		114.774
20		0.5		625.6		19.9252		114.835
20		0.5		625.92		19.9254		114.892
20		0.5		626.24		19.923		114.95
20		0.5		626.56		19.9143		115.007
20		0.5		626.88		19.9148		115.061
20		0.5		627.2		19.9123		115.117
20		0.5		627.52		19.9223		115.175
20		0.5		627.84		19.9169		115.238
20		0.5		628.16		19.9144		115.295
20		0.5		628.48		19.9201		115.354
20		0.5		628.8		19.9208		115.412
20		0.5		629.12		19.9111		115.465
20		0.5		629.44		19.9072		115.524
20		0.5		629.76		19.9042		115.584
20		0.5		630.08		19.9087		115.646
20		0.5		630.4		19.9086		115.704
20		0.5		630.72		19.9083		115.763
20		0.5		631.04		19.9004		115.824
20		0.5		631.36		19.8952		115.882
20		0.5		631.68		19.9024		115.937
20		0.5		632		19.9137		115.997
20		0.5		632.32		19.9172		116.055
20		0.5		632.64		19.9231		116.109
20		0.5		632.96		19.9302		116.17
20		0.5		633.28		19.9298		116.231
20		0.5		633.6		19.9336		116.293
20		0.5		633.92		19.9259		116.35
20		0.5		634.24		19.9319		116.41
20		0.5		634.56		19.9304		116.467
20		0.5		634.88		19.938		116.528
20		0.5		635.2		19.9417		116.589
20		0.5		635.52		19.9445		116.65
20		0.5		635.84		19.937		116.705
20		0.5		636.16		19.9242		116.763
20		0.5		636.48		19.9234		116.819
20		0.5		636.8		19.917		116.876
20		0.5		637.12		19.9141		116.937
20		0.5		637.44		19.9157		116.997
20		0.5		637.76		19.9166		117.057
20		0.5		638.08		19.909		117.113
20		0.5		638.4		19.9165		117.175
20		0.5		638.72		19.9131		117.228
20		0.5		639.04		19.9093		117.284
20		0.5		639.36		19.9054		117.342
20		0.5		639.68		19.9012		117.397
20		0.5		640		19.9013		117.452
20		0.5		640.32		19.8987		117.512
20		0.5		640.64		19.9035		117.574
20		0.5		640.96		19.8991		117.625
20		0.5		641.28		19.9024		117.681
20		0.5		641.6		19.8936		117.737
20		0.5		641.92		19.888		117.796
20		0.5		642.24		19.8922		117.857
20		0.5		642.56		19.889		117.913
20		0.5		642.88		19.8832		117.972
20		0.5		643.2		19.8788		118.027
20		0.5		643.52		19.8907		118.081
20		0.5		643.84		19.8916		118.14
20		0.5		644.16		19.8965		118.196
20		0.5		644.48		19.8984		118.256
20		0.5		644.8		19.8938		118.317
20		0.5		645.12		19.8874		118.38
20		0.5		645.44		19.8811		118.439
20		0.5		645.76		19.8783		118.499
20		0.5		646.08		19.8682		118.559
20		0.5		646.4		19.8662		118.618
20		0.5		646.72		19.8593		118.675
20		0.5		647.04		19.8641		118.737
20		0.5		647.36		19.8713		118.795
20		0.5		647.68		19.8834		118.853
20		0.5		648		19.8869		118.914
20		0.5		648.32		19.8869		118.977
20		0.5		648.64		19.8915		119.032
20		0.5		648.96		19.8978		119.089
20		0.5		649.28		19.8963		119.149
20		0.5		649.6		19.9111		119.204
20		0.5		649.92		19.9117		119.264
20		0.5		650.24		19.9072		119.324
20		0.5		650.56		19.899		119.376
20		0.5		650.88		19.901		119.439
20		0.5		651.2		19.8989		119.496
20		0.5		651.52		19.8895		119.557
20		0.5		651.84		19.8877		119.619
20		0.5		652.16		19.8843		119.678
20		0.5		652.48		19.8834		119.732
20		0.5		652.8		19.8832		119.789
20		0.5		653.12		19.8839		119.847
20		0.5		653.44		19.8936		119.905
20		0.5		653.76		19.8875		119.961
20		0.5		654.08		19.8827		120.017
20		0.5		654.4		19.8883		120.075
20		0.5		654.72		19.887		120.137
20		0.5		655.04		19.8797		120.193
20		0.5		655.36		19.8918		120.253
20		0.5		655.68		19.894		120.305
20		0.5		656		19.8997		120.362
20		0.5		656.32		19.8992		120.423
20		0.5		656.64		19.8942		120.481
20		0.5		656.96		19.894		120.541
20		0.5		657.28		19.8966		120.595
20		0.5		657.6		19.8954		120.657
20		0.5		657.92		19.8969		120.722
20		0.5		658.24		19.8921		120.779
20		0.5		658.56		19.8895		120.838
20		0.5		658.88		19.8844		120.894
20		0.5		659.2		19.8872		120.954
20		0.5		659.52		19.8907		121.012
20		0.5		659.84		19.8855		121.072
20		0.5		660.16		19.8918		121.135
20		0.5		660.48		19.9032		121.197
20		0.5		660.8		19.908		121.26
20		0.5		661.12		19.8963		121.312
20		0.5		661.44		19.8968		121.368
20		0.5		661.76		19.9027		121.432
20		0.5		662.08		19.9033		121.494
20		0.5		662.4		19.9079		121.552
20		0.5		662.72		19.9141		121.612
20		0.5		663.04		19.9068		121.673
20		0.5		663.36		19.9058		121.731
20		0.5		663.68		19.8972		121.794
20		0.5		664		19.8922		121.854
20		0.5		664.32		19.8958		121.91
20		0.5		664.64		19.893		121.966
20		0.5		664.96		19.8955		122.027
20		0.5		665.28		19.8886		122.084
20		0.5		665.6		19.9054		122.139
20		0.5		665.92		19.8999		122.199
20		0.5		666.24		19.8988		122.257
20		0.5		666.56		19.9048		122.314
20		0.5		666.88		19.9011		122.376
20		0.5		667.2		19.9064		122.437
20		0.5		667.52		19.9048		122.498
20		0.5		667.84		19.9143		122.558
20		0.5		668.16		19.9233		122.612
20		0.5		668.48		19.9241		122.671
20		0.5		668.8		19.9368		122.724
20		0.5		669.12		19.9414		122.785
20		0.5		669.44		19.949		122.845
20		0.5		669.76		19.9539		122.902
20		0.5		670.08		19.9537		122.956
20		0.5		670.4		19.9662		123.014
20		0.5		670.72		19.9602		123.075
20		0.5		671.04		19.9593		123.133
20		0.5		671.36		19.9636		123.193
20		0.5		671.68		19.9595		123.249
20		0.5		672		19.9631		123.306
20		0.5		672.32		19.9536		123.369
20		0.5		672.64		19.9561		123.429
20		0.5		672.96		19.9508		123.495
20		0.5		673.28		19.9422		123.554
20		0.5		673.6		19.9466		123.617
20		0.5		673.92		19.9514		123.673
20		0.5		674.24		19.9536		123.731
20		0.5		674.56		19.9571		123.787
20		0.5		674.88		19.9518		123.845
20		0.5		675.2		19.9608		123.909
20		0.5		675.52		19.9648		123.973
20		0.5		675.84		19.9663		124.038
20		0.5		676.16		19.9672		124.093
20		0.5		676.48		19.9672		124.152
20		0.5		676.8		19.973		124.212
20		0.5		677.12		19.979		124.264
20		0.5		677.44		19.9737		124.318
20		0.5		677.76		19.9847		124.379
20		0.5		678.08		19.9757		124.441
20		0.5		678.4		19.9802		124.5
20		0.5		678.72		19.9819		124.562
20		0.5		679.04		19.9779		124.615
20		0.5		679.36		19.9757		124.674
20		0.5		679.68		19.979		124.729
20		0.5		680		19.9794		124.784
20		0.5		680.32		19.984		124.841
20		0.5		680.64		19.9929		124.897
20		0.5		680.96		19.993		124.952
20		0.5		681.28		19.9871		125.006
20		0.5		681.6		19.9921		125.062
20		0.5		681.92		19.9846		125.119
20		0.5		682.24		19.9916		125.178
20		0.5		682.56		19.9863		125.237
20		0.5		682.88		20.0013		125.297
20		0.5		683.2		20.0073		125.356
20		0.5		683.52		20.0024		125.415
20		0.5		683.84		20.0096		125.474
20		0.5		684.16		20.0196		125.535
20		0.5		684.48		20.0319		125.594
20		0.5		684.8		20.0368		125.652
20		0.5		685.12		20.0419		125.71
20		0.5		685.44		20.0422		125.763
20		0.5		685.76		20.0503		125.819
20		0.5		686.08		20.0433		125.876
20		0.5		686.4		20.053		125.931
20		0.5		686.72		20.0619		125.988
20		0.5		687.04		20.0578		126.049
20		0.5		687.36		20.0601		126.105
20		0.5		687.68		20.0556		126.168
20		0.5		688		20.0595		126.223
20		0.5		688.32		20.0523		126.278
20		0.5		688.64		20.057		126.338
20		0.5		688.96		20.0522		126.4
20		0.5		689.28		20.0494		126.457
20		0.5		689.6		20.0459		126.517
20		0.5		689.92		20.0466		126.577
20		0.5		690.24		20.0388		126.637
20		0.5		690.56		20.0482		126.693
20		0.5		690.88		20.0423		126.75
20		0.5		691.2		20.0354		126.809
20		0.5		691.52		20.0418		126.866
20		0.5		691.84		20.0358		126.925
20		0.5		692.16		20.0268		126.987
20		0.5		692.48		20.0359		127.044
20		0.5		692.8		20.0339		127.107
20		0.5		693.12		20.0269		127.166
20		0.5		693.44		20.0304		127.224
20		0.5		693.76		20.0158		127.285
20		0.5		694.08		20.0067		127.346
20		0.5		694.4		20.0043		127.404
20		0.5		694.72		20.0079		127.46
20		0.5		695.04		20.0084		127.515
20		0.5		695.36		20.0059		127.575
20		0.5		695.68		19.9991		127.634
20		0.5		696		19.9984		127.695
20		0.5		696.32		20.0003		127.751
20		0.5		696.64		20.0048		127.817
20		0.5		696.96		20.0048		127.877
20		0.5		697.28		20.0065		127.932
20		0.5		697.6		20.0136		127.991
20		0.5		697.92		20.0178		128.047
20		0.5		698.24		20.014		128.106
20		0.5		698.56		20.0133		128.162
20		0.5		698.88		20.008		128.219
20		0.5		699.2		20.015		128.276
20		0.5		699.52		20.019		128.333
20		0.5		699.84		20.0137		128.393
20		0.5		700.16		20.0196		128.453
20		0.5		700.48		20.0157		128.506
20		0.5		700.8		20.0287		128.568
20		0.5		701.12		20.0317		128.629
20		0.5		701.44		20.0382		128.687
20		0.5		701.76		20.0414		128.745
20		0.5		702.08		20.0397		128.801
20		0.5		702.4		20.0365		128.856
20		0.5		702.72		20.0367		128.911
20		0.5		703.04		20.0333		128.974
20		0.5		703.36		20.0396		129.033
20		0.5		703.68		20.0438		129.096
20		0.5		704		20.0466		129.15
20		0.5		704.32		20.0518		129.208
20		0.5		704.64		20.0434		129.267
20		0.5		704.96		20.0377		129.325
20		0.5		705.28		20.0294		129.387
20		0.5		705.6		20.0307		129.45
20		0.5		705.92		20.02		129.505
20		0.5		706.24		20.0133		129.563
20		0.5		706.56		20.0052		129.624
20		0.5		706.88		20.0039		129.679
20		0.5		707.2		20.0079		129.735
20		0.5		707.52		20.0134		129.796
20		0.5		707.84		20.0125		129.86
20		0.5		708.16		20.0169		129.916
20		0.5		708.48		20.0214		129.977
20		0.5		708.8		20.0188		130.039
20		0.5		709.12		20.0147		130.099
20		0.5		709.44		20.0118		130.162
20		0.5		709.76		20.0117		130.225
20		0.5		710.08		20.0107		130.283
20		0.5		710.4		20.0151		130.34
20		0.5		710.72		20.0117		130.401
20		0.5		711.04		19.9963		130.463
20		0.5		711.36		19.9953		130.524
20		0.5		711.68		20.0065		130.581
20		0.5		712		20.0074		130.632
20		0.5		712.32		20.0113		130.687
20		0.5		712.64		20.0028		130.749
20		0.5		712.96		20.0065		130.812
20		0.5		713.28		20.0043		130.875
20		0.5		713.6		20.0038		130.936
20		0.5		713.92		20.0033		130.996
20		0.5		714.24		20.0139		131.056
20		0.5		714.56		20.0238		131.114
20		0.5		714.88		20.0199		131.17
20		0.5		715.2		20.0219		131.232
20		0.5		715.52		20.0142		131.292
20		0.5		715.84		20.016		131.354
20		0.5		716.16		20.0213		131.414
20		0.5		716.48		20.023		131.467
20		0.5		716.8		20.0217		131.523
20		0.5		717.12		20.0286		131.581
20		0.5		717.44		20.0344		131.637
20		0.5		717.76		20.02		131.691
20		0.5		718.08		20.0233		131.748
20		0.5		718.4		20.025		131.807
20		0.5		718.72		20.0187		131.863
20		0.5		719.04		20.0223		131.923
20		0.5		719.36		20.0207		131.989
20		0.5		719.68		20.0164		132.046
20		0.5		720		20.0149		132.103
20		0.5		720.32		20.0003		132.161
20		0.5		720.64		20.0039		132.219
20		0.5		720.96		20.0007		132.281
20		0.5		721.28		19.9962		132.339
20		0.5		721.6		19.997		132.4
20		0.5		721.92		20.0104		132.462
20		0.5		722.24		20.0105		132.524
20		0.5		722.56		20.0153		132.581
20		0.5		722.88		20.0162		132.641
20		0.5		723.2		20.0088		132.701
20		0.5		723.52		20.0028		132.762
20		0.5		723.84		19.9961		132.818
20		0.5		724.16		19.9948		132.877
20		0.5		724.48		19.9939		132.933
20		0.5		724.8		19.9909		132.994
20		0.5		725.12		19.9954		133.048
20		0.5		725.44		20.0019		133.113
20		0.5		725.76		19.9958		133.172
20		0.5		726.08		20.0007		133.231
20		0.5		726.4		19.9992		133.289
20		0.5		726.72		20.0061		133.346
20		0.5		727.04		20.0059		133.408
20		0.5		727.36		20.008		133.466
20		0.5		727.68		20.0186		133.524
20		0.5		728		20.019		133.584
20		0.5		728.32		20.0153		133.648
20		0.5		728.64		20.0086		133.706
20		0.5		728.96		20.013		133.766
20		0.5		729.28		20.0165		133.823
20		0.5		729.6		20.0198		133.885
20		0.5		729.92		20.0111		133.944
20		0.5		730.24		20.0084		134
20		0.5		730.56		20.0213		134.057
20		0.5		730.88		20.0101		134.115
20		0.5		731.2		20.0128		134.174
20		0.5		731.52		20.008		134.235
20		0.5		731.84		20.012		134.291
20		0.5		732.16		20.01		134.35
20		0.5		732.48		20.0197		134.41
20		0.5		732.8		20.0179		134.465
20		0.5		733.12		20.0079		134.525
20		0.5		733.44		20.01		134.58
20		0.5		733.76		20.0038		134.641
20		0.5		734.08		20.0065		134.7
20		0.5		734.4		20.0075		134.758
20		0.5		734.72		20.0058		134.815
20		0.5		735.04		20.0045		134.875
20		0.5		735.36		20.0163		134.938
20		0.5		735.68		20.0049		134.993
20		0.5		736		19.9978		135.055
20		0.5		736.32		19.9999		135.113
20		0.5		736.64		19.9994		135.179
20		0.5		736.96		20.0003		135.238
20		0.5		737.28		19.9953		135.291
20		0.5		737.6		19.9888		135.351
20		0.5		737.92		19.9869		135.409
20		0.5		738.24		19.9879		135.469
20		0.5		738.56		19.9829		135.527
20		0.5		738.88		19.9806		135.585
20		0.5		739.2		19.9855		135.639
20		0.5		739.52		19.9823		135.696
20		0.5		739.84		19.988		135.755
20		0.5		740.16		19.991		135.81
20		0.5		740.48		19.9868		135.871
20		0.5		740.8		19.9839		135.927
20		0.5		741.12		19.9883		135.988
20		0.5		741.44		20.0001		136.046
20		0.5		741.76		20.0021		136.105
20		0.5		742.08		19.9886		136.163
20		0.5		742.4		19.9967		136.22
20		0.5		742.72		20.0048		136.28
20		0.5		743.04		20.0125		136.335
20		0.5		743.36		20.0062		136.394
20		0.5		743.68		20.0037		136.455
20		0.5		744		19.9982		136.516
20		0.5		744.32		20		136.576
20		0.5		744.64		19.9977		136.638
20		0.5		744.96		20.0029		136.691
20		0.5		745.28		20.0117		136.747
20		0.5		745.6		20.0065		136.811
20		0.5		745.92		20.0097		136.866
20		0.5		746.24		20.0118		136.924
20		0.5		746.56		20.0187		136.989
20		0.5		746.88		20.0209		137.047
20		0.5		747.2		20.0285		137.103
20		0.5		747.52		20.0249		137.157
20		0.5		747.84		20.0272		137.213
20		0.5		748.16		20.0373		137.274
20		0.5		748.48		20.035		137.334
20		0.5		748.8		20.0305		137.391
20		0.5		749.12		20.0234		137.454
20		0.5		749.44		20.0178		137.518
20		0.5		749.76		20.0315		137.577
20		0.5		750.08		20.0404		137.637
20		0.5		750.4		20.046		137.696
20		0.5		750.72		20.0569		137.753
20		0.5		751.04		20.0507		137.813
20		0.5		751.36		20.05		137.871
20		0.5		751.68		20.044		137.931
20		0.5		752		20.0453		137.992
20		0.5		752.32		20.0353		138.052
20		0.5		752.64		20.0378		138.111
20		0.5		752.96		20.0362		138.166
20		0.5		753.28		20.0448		138.223
20		0.5		753.6		20.0437		138.279
20		0.5		753.92		20.0495		138.339
20		0.5		754.24		20.0346		138.398
20		0.5		754.56		20.0289		138.453
20		0.5		754.88		20.0345		138.509
20		0.5		755.2		20.0393		138.571
20		0.5		755.52		20.0333		138.631
20		0.5		755.84		20.026		138.688
20		0.5		756.16		20.0224		138.75
20		0.5		756.48		20.0144		138.81
20		0.5		756.8		20.0102		138.865
20		0.5		757.12		20.0069		138.925
20		0.5		757.44		20.0062		138.985
20		0.5		757.76		20.0043		139.045
20		0.5		758.08		20.0012		139.103
20		0.5		758.4		20.0038		139.163
20		0.5		758.72		19.997		139.217
20		0.5		759.04		19.9853		139.271
20		0.5		759.36		19.9825		139.327
20		0.5		759.68		19.9844		139.383
20		0.5		760		19.99		139.442
20		0.5		760.32		19.9944		139.497
20		0.5		760.64		19.9977		139.557
20		0.5		760.96		20.0023		139.613
20		0.5		761.28		20.0031		139.675
20		0.5		761.6		20.0141		139.735
20		0.5		761.92		20.0204		139.793
20		0.5		762.24		20.0204		139.847
20		0.5		762.56		20.0231		139.902
20		0.5		762.88		20.0149		139.96
20		0.5		763.2		20.0248		140.015
20		0.5		763.52		20.0313		140.073
20		0.5		763.84		20.0353		140.132
20		0.5		764.16		20.0407		140.193
20		0.5		764.48		20.0369		140.254
20		0.5		764.8		20.041		140.313
20		0.5		765.12		20.0473		140.373
20		0.5		765.44		20.0437		140.429
20		0.5		765.76		20.042		140.488
20		0.5		766.08		20.0354		140.542
20		0.5		766.4		20.0229		140.602
20		0.5		766.72		20.0225		140.663
20		0.5		767.04		20.0255		140.718
20		0.5		767.36		20.0264		140.778
20		0.5		767.68		20.025		140.836
20		0.5		768		20.0252		140.896
20		0.5		768.32		20.0324		140.95
20		0.5		768.64		20.038		141.012
20		0.5		768.96		20.0324		141.069
20		0.5		769.28		20.044		141.125
20		0.5		769.6		20.0439		141.188
20		0.5		769.92		20.0424		141.247
20		0.5		770.24		20.0357		141.307
20		0.5		770.56		20.029		141.36
20		0.5		770.88		20.0362		141.414
20		0.5		771.2		20.0359		141.47
20		0.5		771.52		20.0354		141.528
20		0.5		771.84		20.0328		141.589
20		0.5		772.16		20.0322		141.646
20		0.5		772.48		20.0312		141.705
20		0.5		772.8		20.0224		141.766
20		0.5		773.12		20.0375		141.825
20		0.5		773.44		20.0384		141.883
20		0.5		773.76		20.0424		141.941
20		0.5		774.08		20.0377		141.997
20		0.5		774.4		20.041		142.056
20		0.5		774.72		20.0528		142.112
20		0.5		775.04		20.0521		142.164
20		0.5		775.36		20.0485		142.224
20		0.5		775.68		20.045		142.28
20		0.5		776		20.0415		142.339
20		0.5		776.32		20.0331		142.396
20		0.5		776.64		20.0365		142.45
20		0.5		776.96		20.0348		142.511
20		0.5		777.28		20.0325		142.573
20		0.5		777.6		20.0266		142.63
20		0.5		777.92		20.0221		142.686
20		0.5		778.24		20.0327		142.75
20		0.5		778.56		20.0298		142.801
20		0.5		778.88		20.0277		142.857
20		0.5		779.2		20.0348		142.916
20		0.5		779.52		20.0277		142.972
20		0.5		779.84		20.0335		143.03
20		0.5		780.16		20.036		143.085
20		0.5		780.48		20.0388		143.145
20		0.5		780.8		20.0468		143.199
20		0.5		781.12		20.0524		143.259
20		0.5		781.44		20.0443		143.318
20		0.5		781.76		20.0482		143.382
20		0.5		782.08		20.0495		143.441
20		0.5		782.4		20.0487		143.498
20		0.5		782.72		20.0434		143.554
20		0.5		783.04		20.0407		143.607
20		0.5		783.36		20.0399		143.664
20		0.5		783.68		20.0409		143.718
20		0.5		784		20.0411		143.777
20		0.5		784.32		20.043		143.841
20		0.5		784.64		20.0497		143.9
20		0.5		784.96		20.0505		143.958
20		0.5		785.28		20.0451		144.015
20		0.5		785.6		20.0484		144.071
20		0.5		785.92		20.0401		144.131
20		0.5		786.24		20.0372		144.19
20		0.5		786.56		20.0419		144.245
20		0.5		786.88		20.0468		144.299
20		0.5		787.2		20.0458		144.357
20		0.5		787.52		20.0458		144.413
20		0.5		787.84		20.0448		144.47
20		0.5		788.16		20.0424		144.528
20		0.5		788.48		20.0346		144.587
20		0.5		788.8		20.0311		144.645
20		0.5		789.12		20.0305		144.703
20		0.5		789.44		20.0328		144.763
20		0.5		789.76		20.0213		144.816
20		0.5		790.08		20.0227		144.872
20		0.5		790.4		20.0337		144.932
20		0.5		790.72		20.028		144.988
20		0.5		791.04		20.0343		145.046
20		0.5		791.36		20.0295		145.099
20		0.5		791.68		20.0269		145.162
20		0.5		792		20.0113		145.222
20		0.5		792.32		20.0121		145.277
20		0.5		792.64		20.0073		145.337
20		0.5		792.96		20.0094		145.394
20		0.5		793.28		20.0029		145.455
20		0.5		793.6		20.0076		145.516
20		0.5		793.92		20.0098		145.581
20		0.5		794.24		19.9937		145.636
20		0.5		794.56		20.0074		145.702
20		0.5		794.88		20.0055		145.764
20		0.5		795.2		20.001		145.828
20		0.5		795.52		20.0093		145.894
20		0.5		795.84		20.013		145.959
20		0.5		796.16		20.0109		146.023
20		0.5		796.48		20.0101		146.086
20		0.5		796.545		20.0136		146.1
