#########################################################################
#Electron Drift Line StepTime=0.32us at rIN=20cm				#
#rIN_cm		zIN_cm		DriftTimeIN_us	rOUT_cm		z_OUT_cm#
#########################################################################
20		0.5		0.32		20.0036		0.557917
20		0.5		0.64		20.0037		0.61191
20		0.5		0.96		20.0099		0.663292
20		0.5		1.28		20.0148		0.721419
20		0.5		1.6		20.0139		0.775643
20		0.5		1.92		20.0179		0.834246
20		0.5		2.24		20.025		0.894223
20		0.5		2.56		20.015		0.949586
20		0.5		2.88		20.0069		1.00592
20		0.5		3.2		20.0031		1.06656
20		0.5		3.52		19.9954		1.12563
20		0.5		3.84		20.0008		1.18432
20		0.5		4.16		19.9893		1.24053
20		0.5		4.48		19.9956		1.29855
20		0.5		4.8		19.9956		1.35825
20		0.5		5.12		19.985		1.41507
20		0.5		5.44		19.9851		1.46966
20		0.5		5.76		19.9788		1.5257
20		0.5		6.08		19.9721		1.5831
20		0.5		6.4		19.9741		1.64846
20		0.5		6.72		19.9698		1.70902
20		0.5		7.04		19.9693		1.76564
20		0.5		7.36		19.9609		1.82291
20		0.5		7.68		19.9626		1.88107
20		0.5		8		19.9682		1.94028
20		0.5		8.32		19.9677		2.00198
20		0.5		8.64		19.9529		2.06308
20		0.5		8.96		19.9505		2.12011
20		0.5		9.28		19.9659		2.18262
20		0.5		9.6		19.9642		2.24042
20		0.5		9.92		19.9557		2.29612
20		0.5		10.24		19.9538		2.35102
20		0.5		10.56		19.9473		2.40835
20		0.5		10.88		19.9473		2.46508
20		0.5		11.2		19.9485		2.52343
20		0.5		11.52		19.9498		2.58168
20		0.5		11.84		19.9382		2.63659
20		0.5		12.16		19.9307		2.69431
20		0.5		12.48		19.9401		2.75727
20		0.5		12.8		19.9433		2.81598
20		0.5		13.12		19.9467		2.8725
20		0.5		13.44		19.9533		2.92819
20		0.5		13.76		19.9555		2.98853
20		0.5		14.08		19.9532		3.04985
20		0.5		14.4		19.9504		3.10886
20		0.5		14.72		19.9446		3.17276
20		0.5		15.04		19.9365		3.23259
20		0.5		15.36		19.9314		3.29174
20		0.5		15.68		19.9196		3.35025
20		0.5		16		19.9162		3.4087
20		0.5		16.32		19.9198		3.46772
20		0.5		16.64		19.9175		3.52747
20		0.5		16.96		19.9146		3.58708
20		0.5		17.28		19.9233		3.64589
20		0.5		17.6		19.9256		3.70707
20		0.5		17.92		19.9234		3.76676
20		0.5		18.24		19.9284		3.82605
20		0.5		18.56		19.9282		3.88185
20		0.5		18.88		19.9188		3.94022
20		0.5		19.2		19.9186		4.00079
20		0.5		19.52		19.9183		4.06327
20		0.5		19.84		19.9032		4.12492
20		0.5		20.16		19.8949		4.18094
20		0.5		20.48		19.8884		4.23831
20		0.5		20.8		19.8803		4.2948
20		0.5		21.12		19.8735		4.35135
20		0.5		21.44		19.8647		4.40757
20		0.5		21.76		19.8665		4.4666
20		0.5		22.08		19.869		4.52837
20		0.5		22.4		19.8706		4.58561
20		0.5		22.72		19.8738		4.64825
20		0.5		23.04		19.8814		4.70363
20		0.5		23.36		19.8813		4.76062
20		0.5		23.68		19.8828		4.8238
20		0.5		24		19.8797		4.88627
20		0.5		24.32		19.877		4.94531
20		0.5		24.64		19.8747		5.00285
20		0.5		24.96		19.8678		5.06203
20		0.5		25.28		19.868		5.12325
20		0.5		25.6		19.8791		5.17979
20		0.5		25.92		19.8829		5.23711
20		0.5		26.24		19.8777		5.2972
20		0.5		26.56		19.8754		5.35806
20		0.5		26.88		19.8625		5.415
20		0.5		27.2		19.8555		5.47197
20		0.5		27.52		19.8608		5.527
20		0.5		27.84		19.86		5.58912
20		0.5		28.16		19.8666		5.64701
20		0.5		28.48		19.8667		5.70469
20		0.5		28.8		19.8705		5.76398
20		0.5		29.12		19.8694		5.82685
20		0.5		29.44		19.8723		5.88579
20		0.5		29.76		19.871		5.93931
20		0.5		30.08		19.8829		6.0051
20		0.5		30.4		19.8609		6.06534
20		0.5		30.72		19.8598		6.12706
20		0.5		31.04		19.8623		6.1853
20		0.5		31.36		19.8654		6.24184
20		0.5		31.68		19.874		6.29895
20		0.5		32		19.8726		6.36103
20		0.5		32.32		19.8738		6.41783
20		0.5		32.64		19.871		6.47357
20		0.5		32.96		19.8671		6.53141
20		0.5		33.28		19.8663		6.59004
20		0.5		33.6		19.8621		6.64553
20		0.5		33.92		19.8592		6.70589
20		0.5		34.24		19.8644		6.76672
20		0.5		34.56		19.861		6.82219
20		0.5		34.88		19.8657		6.876
20		0.5		35.2		19.8717		6.92979
20		0.5		35.52		19.8698		6.98208
20		0.5		35.84		19.8707		7.04128
20		0.5		36.16		19.873		7.1008
20		0.5		36.48		19.8737		7.15561
20		0.5		36.8		19.8683		7.21449
20		0.5		37.12		19.8693		7.27347
20		0.5		37.44		19.8702		7.32845
20		0.5		37.76		19.873		7.38104
20		0.5		38.08		19.8825		7.44255
20		0.5		38.4		19.8818		7.49787
20		0.5		38.72		19.8724		7.55899
20		0.5		39.04		19.866		7.61679
20		0.5		39.36		19.86		7.6778
20		0.5		39.68		19.8544		7.73505
20		0.5		40		19.8545		7.79004
20		0.5		40.32		19.8548		7.84498
20		0.5		40.64		19.8526		7.90248
20		0.5		40.96		19.8603		7.96252
20		0.5		41.28		19.8555		8.02412
20		0.5		41.6		19.8622		8.08148
20		0.5		41.92		19.86		8.14175
20		0.5		42.24		19.8531		8.19878
20		0.5		42.56		19.8606		8.2574
20		0.5		42.88		19.8636		8.30987
20		0.5		43.2		19.8569		8.37102
20		0.5		43.52		19.8543		8.43309
20		0.5		43.84		19.8609		8.49207
20		0.5		44.16		19.8623		8.55075
20		0.5		44.48		19.8572		8.60768
20		0.5		44.8		19.8631		8.66287
20		0.5		45.12		19.8602		8.72012
20		0.5		45.44		19.8664		8.77578
20		0.5		45.76		19.8658		8.8361
20		0.5		46.08		19.8708		8.89319
20		0.5		46.4		19.8674		8.95121
20		0.5		46.72		19.8748		9.00612
20		0.5		47.04		19.8763		9.06218
20		0.5		47.36		19.8778		9.12466
20		0.5		47.68		19.8769		9.18489
20		0.5		48		19.8731		9.24532
20		0.5		48.32		19.8704		9.30353
20		0.5		48.64		19.8658		9.36656
20		0.5		48.96		19.8752		9.42181
20		0.5		49.28		19.8736		9.47841
20		0.5		49.6		19.8705		9.53415
20		0.5		49.92		19.8614		9.58844
20		0.5		50.24		19.8617		9.64531
20		0.5		50.56		19.8706		9.70572
20		0.5		50.88		19.8718		9.7694
20		0.5		51.2		19.8709		9.8214
20		0.5		51.52		19.8691		9.8755
20		0.5		51.84		19.8642		9.93391
20		0.5		52.16		19.8653		9.99079
20		0.5		52.48		19.8747		10.0492
20		0.5		52.8		19.8738		10.1051
20		0.5		53.12		19.8767		10.1676
20		0.5		53.44		19.8748		10.2269
20		0.5		53.76		19.8738		10.2826
20		0.5		54.08		19.8786		10.3427
20		0.5		54.4		19.8918		10.404
20		0.5		54.72		19.8848		10.4652
20		0.5		55.04		19.8869		10.5252
20		0.5		55.36		19.8891		10.5837
20		0.5		55.68		19.8782		10.6389
20		0.5		56		19.8787		10.6984
20		0.5		56.32		19.8813		10.7564
20		0.5		56.64		19.8784		10.8132
20		0.5		56.96		19.8812		10.8694
20		0.5		57.28		19.8775		10.9298
20		0.5		57.6		19.8747		10.9897
20		0.5		57.92		19.8619		11.0478
20		0.5		58.24		19.8623		11.0997
20		0.5		58.56		19.8594		11.154
20		0.5		58.88		19.8506		11.2108
20		0.5		59.2		19.8583		11.2711
20		0.5		59.52		19.8651		11.3284
20		0.5		59.84		19.8545		11.3879
20		0.5		60.16		19.8568		11.4538
20		0.5		60.48		19.8494		11.5134
20		0.5		60.8		19.8528		11.5667
20		0.5		61.12		19.8531		11.6205
20		0.5		61.44		19.8518		11.6838
20		0.5		61.76		19.8494		11.7427
20		0.5		62.08		19.8564		11.7953
20		0.5		62.4		19.8647		11.855
20		0.5		62.72		19.8678		11.9164
20		0.5		63.04		19.8661		11.9703
20		0.5		63.36		19.8704		12.0303
20		0.5		63.68		19.8732		12.0874
20		0.5		64		19.8796		12.1437
20		0.5		64.32		19.883		12.2015
20		0.5		64.64		19.8737		12.2584
20		0.5		64.96		19.8765		12.3213
20		0.5		65.28		19.8705		12.3808
20		0.5		65.6		19.8662		12.4439
20		0.5		65.92		19.8636		12.5026
20		0.5		66.24		19.8672		12.563
20		0.5		66.56		19.8687		12.6208
20		0.5		66.88		19.8618		12.6793
20		0.5		67.2		19.864		12.738
20		0.5		67.52		19.8679		12.7985
20		0.5		67.84		19.8562		12.8591
20		0.5		68.16		19.86		12.9187
20		0.5		68.48		19.8589		12.977
20		0.5		68.8		19.8514		13.0367
20		0.5		69.12		19.8483		13.0947
20		0.5		69.44		19.8388		13.1528
20		0.5		69.76		19.8384		13.2105
20		0.5		70.08		19.8325		13.2641
20		0.5		70.4		19.835		13.3196
20		0.5		70.72		19.8367		13.3766
20		0.5		71.04		19.8321		13.4356
20		0.5		71.36		19.8336		13.4933
20		0.5		71.68		19.8317		13.5545
20		0.5		72		19.8269		13.62
20		0.5		72.32		19.8159		13.6853
20		0.5		72.64		19.8182		13.7443
20		0.5		72.96		19.811		13.8054
20		0.5		73.28		19.8131		13.8642
20		0.5		73.6		19.8216		13.9201
20		0.5		73.92		19.8222		13.9756
20		0.5		74.24		19.8169		14.031
20		0.5		74.56		19.8087		14.088
20		0.5		74.88		19.8102		14.142
20		0.5		75.2		19.8171		14.1995
20		0.5		75.52		19.819		14.2623
20		0.5		75.84		19.8135		14.3212
20		0.5		76.16		19.8146		14.3788
20		0.5		76.48		19.828		14.4382
20		0.5		76.8		19.829		14.4994
20		0.5		77.12		19.8192		14.5639
20		0.5		77.44		19.8307		14.623
20		0.5		77.76		19.8299		14.6821
20		0.5		78.08		19.8315		14.7405
20		0.5		78.4		19.8301		14.801
20		0.5		78.72		19.8292		14.8556
20		0.5		79.04		19.8327		14.9138
20		0.5		79.36		19.8376		14.9771
20		0.5		79.68		19.8372		15.0314
20		0.5		80		19.8298		15.0912
20		0.5		80.32		19.824		15.1489
20		0.5		80.64		19.8304		15.2103
20		0.5		80.96		19.8276		15.2668
20		0.5		81.28		19.8174		15.3252
20		0.5		81.6		19.8161		15.3835
20		0.5		81.92		19.8164		15.4451
20		0.5		82.24		19.8148		15.5061
20		0.5		82.56		19.8172		15.566
20		0.5		82.88		19.8162		15.6158
20		0.5		83.2		19.8178		15.6761
20		0.5		83.52		19.8203		15.7381
20		0.5		83.84		19.814		15.7937
20		0.5		84.16		19.814		15.8599
20		0.5		84.48		19.8122		15.9227
20		0.5		84.8		19.808		15.9816
20		0.5		85.12		19.8095		16.0388
20		0.5		85.44		19.8105		16.0973
20		0.5		85.76		19.8083		16.1558
20		0.5		86.08		19.8022		16.2081
20		0.5		86.4		19.7988		16.2628
20		0.5		86.72		19.789		16.3206
20		0.5		87.04		19.7868		16.377
20		0.5		87.36		19.7865		16.4392
20		0.5		87.68		19.7885		16.4941
20		0.5		88		19.7931		16.5508
20		0.5		88.32		19.7879		16.6088
20		0.5		88.64		19.7844		16.6669
20		0.5		88.96		19.7949		16.7267
20		0.5		89.28		19.7946		16.7848
20		0.5		89.6		19.7911		16.8443
20		0.5		89.92		19.793		16.9
20		0.5		90.24		19.7971		16.9646
20		0.5		90.56		19.7932		17.0258
20		0.5		90.88		19.7886		17.0849
20		0.5		91.2		19.7933		17.1439
20		0.5		91.52		19.7759		17.202
20		0.5		91.84		19.7806		17.2584
20		0.5		92.16		19.7826		17.3184
20		0.5		92.48		19.7858		17.3799
20		0.5		92.8		19.7779		17.4361
20		0.5		93.12		19.7739		17.491
20		0.5		93.44		19.7747		17.5551
20		0.5		93.76		19.7694		17.6109
20		0.5		94.08		19.7788		17.6673
20		0.5		94.4		19.7802		17.7214
20		0.5		94.72		19.779		17.7779
20		0.5		95.04		19.7835		17.8375
20		0.5		95.36		19.7797		17.8989
20		0.5		95.68		19.7811		17.9618
20		0.5		96		19.7742		18.0175
20		0.5		96.32		19.7677		18.0775
20		0.5		96.64		19.7748		18.1357
20		0.5		96.96		19.7858		18.1949
20		0.5		97.28		19.7937		18.2546
20		0.5		97.6		19.7905		18.3167
20		0.5		97.92		19.7962		18.3739
20		0.5		98.24		19.8053		18.4294
20		0.5		98.56		19.8072		18.4861
20		0.5		98.88		19.8099		18.5462
20		0.5		99.2		19.8063		18.608
20		0.5		99.52		19.8054		18.6675
20		0.5		99.84		19.8133		18.7196
20		0.5		100.16		19.8194		18.7778
20		0.5		100.48		19.8177		18.8383
20		0.5		100.8		19.8247		18.8951
20		0.5		101.12		19.8283		18.9554
20		0.5		101.44		19.8204		19.0155
20		0.5		101.76		19.8251		19.0752
20		0.5		102.08		19.8226		19.1364
20		0.5		102.4		19.824		19.1922
20		0.5		102.72		19.8248		19.2516
20		0.5		103.04		19.8271		19.3107
20		0.5		103.36		19.8279		19.3683
20		0.5		103.68		19.8235		19.4238
20		0.5		104		19.8229		19.4784
20		0.5		104.32		19.826		19.5394
20		0.5		104.64		19.8205		19.5977
20		0.5		104.96		19.8198		19.6565
20		0.5		105.28		19.8104		19.7132
20		0.5		105.6		19.8106		19.7643
20		0.5		105.92		19.7989		19.8228
20		0.5		106.24		19.8016		19.8786
20		0.5		106.56		19.7973		19.9382
20		0.5		106.88		19.7952		20.0012
20		0.5		107.2		19.7928		20.0581
20		0.5		107.52		19.801		20.1175
20		0.5		107.84		19.7962		20.1722
20		0.5		108.16		19.798		20.2258
20		0.5		108.48		19.8013		20.2863
20		0.5		108.8		19.8062		20.3418
20		0.5		109.12		19.8078		20.4014
20		0.5		109.44		19.814		20.4597
20		0.5		109.76		19.8106		20.5176
20		0.5		110.08		19.804		20.5743
20		0.5		110.4		19.8039		20.6321
20		0.5		110.72		19.7968		20.6932
20		0.5		111.04		19.8018		20.751
20		0.5		111.36		19.8104		20.8032
20		0.5		111.68		19.8162		20.8581
20		0.5		112		19.8089		20.9144
20		0.5		112.32		19.8261		20.9699
20		0.5		112.64		19.8202		21.0249
20		0.5		112.96		19.806		21.0834
20		0.5		113.28		19.8002		21.1396
20		0.5		113.6		19.7889		21.1997
20		0.5		113.92		19.7831		21.2519
20		0.5		114.24		19.7876		21.3113
20		0.5		114.56		19.7952		21.3675
20		0.5		114.88		19.8036		21.429
20		0.5		115.2		19.8023		21.4862
20		0.5		115.52		19.7999		21.5471
20		0.5		115.84		19.7999		21.6063
20		0.5		116.16		19.7961		21.666
20		0.5		116.48		19.7897		21.728
20		0.5		116.8		19.783		21.7885
20		0.5		117.12		19.7833		21.8471
20		0.5		117.44		19.7795		21.9041
20		0.5		117.76		19.7754		21.9607
20		0.5		118.08		19.7699		22.0239
20		0.5		118.4		19.7749		22.0783
20		0.5		118.72		19.7669		22.1333
20		0.5		119.04		19.7672		22.1911
20		0.5		119.36		19.7716		22.2487
20		0.5		119.68		19.7649		22.3062
20		0.5		120		19.7582		22.3615
20		0.5		120.32		19.7527		22.421
20		0.5		120.64		19.7543		22.4795
20		0.5		120.96		19.7528		22.539
20		0.5		121.28		19.741		22.5952
20		0.5		121.6		19.7384		22.6545
20		0.5		121.92		19.7352		22.7139
20		0.5		122.24		19.7315		22.7722
20		0.5		122.56		19.7279		22.8315
20		0.5		122.88		19.7277		22.8875
20		0.5		123.2		19.7296		22.9366
20		0.5		123.52		19.7206		22.9908
20		0.5		123.84		19.7288		23.05
20		0.5		124.16		19.7303		23.1075
20		0.5		124.48		19.7322		23.1672
20		0.5		124.8		19.7304		23.2241
20		0.5		125.12		19.7345		23.2815
20		0.5		125.44		19.7357		23.3377
20		0.5		125.76		19.7374		23.3912
20		0.5		126.08		19.7453		23.4522
20		0.5		126.4		19.738		23.5167
20		0.5		126.72		19.7342		23.5756
20		0.5		127.04		19.7318		23.6366
20		0.5		127.36		19.7359		23.6943
20		0.5		127.68		19.7392		23.7541
20		0.5		128		19.7515		23.8101
20		0.5		128.32		19.7533		23.8693
20		0.5		128.64		19.7437		23.9234
20		0.5		128.96		19.7368		23.9797
20		0.5		129.28		19.7465		24.0373
20		0.5		129.6		19.7428		24.0982
20		0.5		129.92		19.7398		24.1571
20		0.5		130.24		19.7434		24.2126
20		0.5		130.56		19.7511		24.2731
20		0.5		130.88		19.7473		24.3335
20		0.5		131.2		19.7454		24.3893
20		0.5		131.52		19.7424		24.4467
20		0.5		131.84		19.7439		24.5057
20		0.5		132.16		19.7479		24.5672
20		0.5		132.48		19.7487		24.6235
20		0.5		132.8		19.7427		24.6835
20		0.5		133.12		19.7387		24.7403
20		0.5		133.44		19.7379		24.7976
20		0.5		133.76		19.7365		24.8533
20		0.5		134.08		19.7359		24.9172
20		0.5		134.4		19.7404		24.9759
20		0.5		134.72		19.7305		25.0368
20		0.5		135.04		19.7311		25.0948
20		0.5		135.36		19.7368		25.1542
20		0.5		135.68		19.746		25.2132
20		0.5		136		19.7525		25.2701
20		0.5		136.32		19.7528		25.3293
20		0.5		136.64		19.7495		25.3894
20		0.5		136.96		19.7551		25.4485
20		0.5		137.28		19.7596		25.5057
20		0.5		137.6		19.7672		25.5617
20		0.5		137.92		19.7712		25.6192
20		0.5		138.24		19.7632		25.6796
20		0.5		138.56		19.7493		25.7375
20		0.5		138.88		19.7525		25.792
20		0.5		139.2		19.7488		25.8515
20		0.5		139.52		19.7497		25.9193
20		0.5		139.84		19.7478		25.9756
20		0.5		140.16		19.7487		26.0279
20		0.5		140.48		19.7512		26.087
20		0.5		140.8		19.7483		26.1467
20		0.5		141.12		19.747		26.2035
20		0.5		141.44		19.7516		26.259
20		0.5		141.76		19.7506		26.3191
20		0.5		142.08		19.7539		26.3787
20		0.5		142.4		19.7392		26.4343
20		0.5		142.72		19.7408		26.4928
20		0.5		143.04		19.737		26.5498
20		0.5		143.36		19.7371		26.6108
20		0.5		143.68		19.728		26.6749
20		0.5		144		19.7298		26.7314
20		0.5		144.32		19.7275		26.7898
20		0.5		144.64		19.736		26.8461
20		0.5		144.96		19.7464		26.9077
20		0.5		145.28		19.7497		26.9623
20		0.5		145.6		19.7478		27.0186
20		0.5		145.92		19.7411		27.0778
20		0.5		146.24		19.7354		27.1369
20		0.5		146.56		19.7317		27.1941
20		0.5		146.88		19.7321		27.25
20		0.5		147.2		19.7282		27.3061
20		0.5		147.52		19.7271		27.364
20		0.5		147.84		19.721		27.4209
20		0.5		148.16		19.7261		27.4796
20		0.5		148.48		19.7135		27.5417
20		0.5		148.8		19.7072		27.6005
20		0.5		149.12		19.7098		27.6558
20		0.5		149.44		19.7138		27.711
20		0.5		149.76		19.7027		27.7717
20		0.5		150.08		19.7162		27.8268
20		0.5		150.4		19.712		27.8866
20		0.5		150.72		19.7185		27.9481
20		0.5		151.04		19.7167		28.0042
20		0.5		151.36		19.7134		28.0603
20		0.5		151.68		19.7106		28.1177
20		0.5		152		19.7209		28.1776
20		0.5		152.32		19.7238		28.2379
20		0.5		152.64		19.7189		28.2957
20		0.5		152.96		19.7311		28.3511
20		0.5		153.28		19.7291		28.4063
20		0.5		153.6		19.7342		28.4636
20		0.5		153.92		19.7315		28.5203
20		0.5		154.24		19.7316		28.5715
20		0.5		154.56		19.7281		28.6267
20		0.5		154.88		19.7282		28.6831
20		0.5		155.2		19.729		28.7488
20		0.5		155.52		19.7247		28.8074
20		0.5		155.84		19.7292		28.8657
20		0.5		156.16		19.7415		28.929
20		0.5		156.48		19.7453		28.9881
20		0.5		156.8		19.7432		29.0486
20		0.5		157.12		19.7462		29.1054
20		0.5		157.44		19.7402		29.1671
20		0.5		157.76		19.7366		29.2308
20		0.5		158.08		19.7411		29.2889
20		0.5		158.4		19.7403		29.342
20		0.5		158.72		19.726		29.4037
20		0.5		159.04		19.7313		29.4621
20		0.5		159.36		19.7384		29.5207
20		0.5		159.68		19.734		29.5819
20		0.5		160		19.7278		29.6413
20		0.5		160.32		19.7292		29.7015
20		0.5		160.64		19.7313		29.7613
20		0.5		160.96		19.7391		29.8146
20		0.5		161.28		19.7483		29.873
20		0.5		161.6		19.7561		29.9324
20		0.5		161.92		19.7541		29.9858
20		0.5		162.24		19.7602		30.0442
20		0.5		162.56		19.7655		30.0984
20		0.5		162.88		19.7626		30.157
20		0.5		163.2		19.7582		30.2191
20		0.5		163.52		19.7614		30.2762
20		0.5		163.84		19.7595		30.3332
20		0.5		164.16		19.7611		30.3915
20		0.5		164.48		19.7691		30.4524
20		0.5		164.8		19.757		30.5108
20		0.5		165.12		19.7573		30.5644
20		0.5		165.44		19.7583		30.6207
20		0.5		165.76		19.7667		30.6759
20		0.5		166.08		19.7814		30.7317
20		0.5		166.4		19.7846		30.7921
20		0.5		166.72		19.7884		30.8444
20		0.5		167.04		19.7822		30.9034
20		0.5		167.36		19.7867		30.9583
20		0.5		167.68		19.7987		31.0158
20		0.5		168		19.7983		31.0764
20		0.5		168.32		19.8106		31.1308
20		0.5		168.64		19.8044		31.1857
20		0.5		168.96		19.8008		31.2449
20		0.5		169.28		19.8086		31.3045
20		0.5		169.6		19.8124		31.3625
20		0.5		169.92		19.8224		31.4236
20		0.5		170.24		19.8274		31.4798
20		0.5		170.56		19.825		31.5388
20		0.5		170.88		19.8217		31.5997
20		0.5		171.2		19.8219		31.6617
20		0.5		171.52		19.8149		31.7217
20		0.5		171.84		19.8136		31.778
20		0.5		172.16		19.814		31.8349
20		0.5		172.48		19.81		31.8901
20		0.5		172.8		19.8103		31.9524
20		0.5		173.12		19.8003		32.0109
20		0.5		173.44		19.7941		32.0649
20		0.5		173.76		19.7915		32.1223
20		0.5		174.08		19.8004		32.1859
20		0.5		174.4		19.8076		32.2414
20		0.5		174.72		19.8113		32.3012
20		0.5		175.04		19.8259		32.3623
20		0.5		175.36		19.8196		32.4196
20		0.5		175.68		19.8232		32.4791
20		0.5		176		19.8202		32.5337
20		0.5		176.32		19.8299		32.5883
20		0.5		176.64		19.8332		32.6504
20		0.5		176.96		19.8467		32.712
20		0.5		177.28		19.8403		32.7711
20		0.5		177.6		19.8402		32.8306
20		0.5		177.92		19.8281		32.8895
20		0.5		178.24		19.8321		32.9451
20		0.5		178.56		19.8218		33.0094
20		0.5		178.88		19.8228		33.0685
20		0.5		179.2		19.826		33.1289
20		0.5		179.52		19.821		33.1881
20		0.5		179.84		19.8165		33.2481
20		0.5		180.16		19.8134		33.3107
20		0.5		180.48		19.8073		33.3666
20		0.5		180.8		19.8119		33.4246
20		0.5		181.12		19.8183		33.4824
20		0.5		181.44		19.8159		33.5375
20		0.5		181.76		19.8207		33.5961
20		0.5		182.08		19.8238		33.6585
20		0.5		182.4		19.8217		33.7148
20		0.5		182.72		19.8212		33.7716
20		0.5		183.04		19.831		33.833
20		0.5		183.36		19.8301		33.8902
20		0.5		183.68		19.8252		33.9449
20		0.5		184		19.8239		33.9992
20		0.5		184.32		19.8265		34.06
20		0.5		184.64		19.8175		34.1231
20		0.5		184.96		19.8038		34.1809
20		0.5		185.28		19.8041		34.2405
20		0.5		185.6		19.7993		34.3013
20		0.5		185.92		19.7968		34.36
20		0.5		186.24		19.7986		34.4202
20		0.5		186.56		19.8056		34.4833
20		0.5		186.88		19.8156		34.544
20		0.5		187.2		19.8286		34.6012
20		0.5		187.52		19.8287		34.6583
20		0.5		187.84		19.8346		34.7181
20		0.5		188.16		19.8361		34.7726
20		0.5		188.48		19.829		34.83
20		0.5		188.8		19.8308		34.8879
20		0.5		189.12		19.8258		34.9476
20		0.5		189.44		19.8305		35.0095
20		0.5		189.76		19.8202		35.0703
20		0.5		190.08		19.8128		35.128
20		0.5		190.4		19.8125		35.1899
20		0.5		190.72		19.8172		35.2494
20		0.5		191.04		19.8198		35.311
20		0.5		191.36		19.823		35.3678
20		0.5		191.68		19.819		35.4234
20		0.5		192		19.8153		35.4792
20		0.5		192.32		19.8118		35.533
20		0.5		192.64		19.8149		35.5918
20		0.5		192.96		19.817		35.6505
20		0.5		193.28		19.811		35.7058
20		0.5		193.6		19.8106		35.7641
20		0.5		193.92		19.8014		35.82
20		0.5		194.24		19.8019		35.8826
20		0.5		194.56		19.8022		35.9409
20		0.5		194.88		19.8051		36.0031
20		0.5		195.2		19.8008		36.0597
20		0.5		195.52		19.794		36.1231
20		0.5		195.84		19.7969		36.1824
20		0.5		196.16		19.7996		36.2398
20		0.5		196.48		19.8017		36.2978
20		0.5		196.8		19.8016		36.3591
20		0.5		197.12		19.8087		36.4172
20		0.5		197.44		19.8087		36.4723
20		0.5		197.76		19.8146		36.5331
20		0.5		198.08		19.8129		36.5921
20		0.5		198.4		19.8181		36.6494
20		0.5		198.72		19.8262		36.7106
20		0.5		199.04		19.8222		36.7643
20		0.5		199.36		19.8161		36.828
20		0.5		199.68		19.8163		36.8852
20		0.5		200		19.8171		36.945
20		0.5		200.32		19.8293		37.0047
20		0.5		200.64		19.8414		37.0635
20		0.5		200.96		19.8501		37.1238
20		0.5		201.28		19.8545		37.1804
20		0.5		201.6		19.853		37.2452
20		0.5		201.92		19.8614		37.303
20		0.5		202.24		19.8619		37.3609
20		0.5		202.56		19.862		37.4234
20		0.5		202.88		19.8683		37.4805
20		0.5		203.2		19.8619		37.5392
20		0.5		203.52		19.8691		37.5969
20		0.5		203.84		19.8623		37.654
20		0.5		204.16		19.861		37.716
20		0.5		204.48		19.8591		37.7726
20		0.5		204.8		19.8605		37.8288
20		0.5		205.12		19.8701		37.8828
20		0.5		205.44		19.8687		37.9396
20		0.5		205.76		19.8679		38.0024
20		0.5		206.08		19.8717		38.0656
20		0.5		206.4		19.8657		38.1276
20		0.5		206.72		19.8589		38.1842
20		0.5		207.04		19.8682		38.2418
20		0.5		207.36		19.8659		38.2966
20		0.5		207.68		19.8605		38.3576
20		0.5		208		19.8518		38.419
20		0.5		208.32		19.8525		38.4782
20		0.5		208.64		19.8592		38.5341
20		0.5		208.96		19.8581		38.5912
20		0.5		209.28		19.8497		38.6452
20		0.5		209.6		19.8443		38.7035
20		0.5		209.92		19.836		38.7629
20		0.5		210.24		19.835		38.8207
20		0.5		210.56		19.8364		38.8828
20		0.5		210.88		19.8372		38.9418
20		0.5		211.2		19.8373		38.9993
20		0.5		211.52		19.833		39.0598
20		0.5		211.84		19.8239		39.1182
20		0.5		212.16		19.8155		39.1765
20		0.5		212.48		19.8064		39.2352
20		0.5		212.8		19.8054		39.2969
20		0.5		213.12		19.8014		39.3577
20		0.5		213.44		19.805		39.4169
20		0.5		213.76		19.7995		39.4745
20		0.5		214.08		19.8064		39.5282
20		0.5		214.4		19.8057		39.5834
20		0.5		214.72		19.8012		39.6403
20		0.5		215.04		19.8		39.6991
20		0.5		215.36		19.7942		39.7549
20		0.5		215.68		19.7916		39.8074
20		0.5		216		19.785		39.8684
20		0.5		216.32		19.7921		39.9266
20		0.5		216.64		19.7906		39.985
20		0.5		216.96		19.7862		40.0421
20		0.5		217.28		19.7898		40.1002
20		0.5		217.6		19.7963		40.1607
20		0.5		217.92		19.7938		40.2151
20		0.5		218.24		19.8006		40.2746
20		0.5		218.56		19.8005		40.3361
20		0.5		218.88		19.7961		40.3973
20		0.5		219.2		19.7926		40.4571
20		0.5		219.52		19.7865		40.515
20		0.5		219.84		19.7862		40.5749
20		0.5		220.16		19.7911		40.6342
20		0.5		220.48		19.7893		40.6911
20		0.5		220.8		19.777		40.7498
20		0.5		221.12		19.7725		40.8067
20		0.5		221.44		19.7756		40.8644
20		0.5		221.76		19.7678		40.9261
20		0.5		222.08		19.7699		40.9853
20		0.5		222.4		19.7607		41.0403
20		0.5		222.72		19.7684		41.1023
20		0.5		223.04		19.766		41.1618
20		0.5		223.36		19.7625		41.2157
20		0.5		223.68		19.7605		41.2755
20		0.5		224		19.7583		41.3325
20		0.5		224.32		19.7593		41.3859
20		0.5		224.64		19.7602		41.4443
20		0.5		224.96		19.7545		41.4993
20		0.5		225.28		19.7588		41.5631
20		0.5		225.6		19.7637		41.6235
20		0.5		225.92		19.7666		41.6826
20		0.5		226.24		19.7658		41.7421
20		0.5		226.56		19.7738		41.7984
20		0.5		226.88		19.7824		41.8525
20		0.5		227.2		19.7743		41.9102
20		0.5		227.52		19.7709		41.9685
20		0.5		227.84		19.7647		42.0237
20		0.5		228.16		19.7661		42.0855
20		0.5		228.48		19.7779		42.1481
20		0.5		228.8		19.7766		42.2079
20		0.5		229.12		19.7833		42.2714
20		0.5		229.44		19.7979		42.331
20		0.5		229.76		19.7884		42.3921
20		0.5		230.08		19.7954		42.4525
20		0.5		230.4		19.7971		42.515
20		0.5		230.72		19.8009		42.5725
20		0.5		231.04		19.794		42.6308
20		0.5		231.36		19.7967		42.6867
20		0.5		231.68		19.7944		42.7467
20		0.5		232		19.7988		42.8008
20		0.5		232.32		19.7973		42.8607
20		0.5		232.64		19.7987		42.9221
20		0.5		232.96		19.8018		42.9787
20		0.5		233.28		19.8012		43.0354
20		0.5		233.6		19.7982		43.0931
20		0.5		233.92		19.8013		43.1522
20		0.5		234.24		19.8062		43.2109
20		0.5		234.56		19.8019		43.2676
20		0.5		234.88		19.806		43.327
20		0.5		235.2		19.8105		43.3877
20		0.5		235.52		19.8026		43.4482
20		0.5		235.84		19.7984		43.5066
20		0.5		236.16		19.7982		43.5711
20		0.5		236.48		19.8017		43.6314
20		0.5		236.8		19.808		43.6846
20		0.5		237.12		19.8151		43.7398
20		0.5		237.44		19.8157		43.7956
20		0.5		237.76		19.8078		43.8584
20		0.5		238.08		19.8023		43.9126
20		0.5		238.4		19.7958		43.9679
20		0.5		238.72		19.8034		44.0266
20		0.5		239.04		19.8037		44.0866
20		0.5		239.36		19.801		44.1373
20		0.5		239.68		19.8052		44.1923
20		0.5		240		19.7977		44.2521
20		0.5		240.32		19.791		44.3102
20		0.5		240.64		19.7872		44.3666
20		0.5		240.96		19.7913		44.4263
20		0.5		241.28		19.7999		44.4786
20		0.5		241.6		19.7989		44.5368
20		0.5		241.92		19.8067		44.5971
20		0.5		242.24		19.8041		44.6533
20		0.5		242.56		19.798		44.7143
20		0.5		242.88		19.7905		44.779
20		0.5		243.2		19.7851		44.8379
20		0.5		243.52		19.7762		44.8978
20		0.5		243.84		19.779		44.9551
20		0.5		244.16		19.7791		45.0149
20		0.5		244.48		19.7834		45.0768
20		0.5		244.8		19.7763		45.1363
20		0.5		245.12		19.7763		45.1934
20		0.5		245.44		19.7756		45.2511
20		0.5		245.76		19.7692		45.3031
20		0.5		246.08		19.7649		45.3592
20		0.5		246.4		19.7614		45.418
20		0.5		246.72		19.7552		45.4725
20		0.5		247.04		19.7519		45.5334
20		0.5		247.36		19.7554		45.591
20		0.5		247.68		19.761		45.6485
20		0.5		248		19.7626		45.71
20		0.5		248.32		19.7535		45.7671
20		0.5		248.64		19.7485		45.83
20		0.5		248.96		19.7519		45.8961
20		0.5		249.28		19.7604		45.9591
20		0.5		249.6		19.759		46.0163
20		0.5		249.92		19.7635		46.0756
20		0.5		250.24		19.7612		46.1308
20		0.5		250.56		19.7598		46.184
20		0.5		250.88		19.7564		46.2497
20		0.5		251.2		19.7489		46.3054
20		0.5		251.52		19.7457		46.3625
20		0.5		251.84		19.741		46.4181
20		0.5		252.16		19.7421		46.4768
20		0.5		252.48		19.7464		46.5352
20		0.5		252.8		19.7419		46.5913
20		0.5		253.12		19.7416		46.6528
20		0.5		253.44		19.7486		46.7117
20		0.5		253.76		19.7515		46.7692
20		0.5		254.08		19.7568		46.8267
20		0.5		254.4		19.76		46.8847
20		0.5		254.72		19.7706		46.9406
20		0.5		255.04		19.7727		47.0005
20		0.5		255.36		19.7726		47.0564
20		0.5		255.68		19.7725		47.115
20		0.5		256		19.7727		47.1762
20		0.5		256.32		19.7688		47.2341
20		0.5		256.64		19.768		47.2909
20		0.5		256.96		19.767		47.3482
20		0.5		257.28		19.7658		47.4019
20		0.5		257.6		19.7626		47.459
20		0.5		257.92		19.7594		47.5193
20		0.5		258.24		19.7581		47.5827
20		0.5		258.56		19.7601		47.643
20		0.5		258.88		19.7612		47.7039
20		0.5		259.2		19.7572		47.7635
20		0.5		259.52		19.7629		47.8221
20		0.5		259.84		19.7673		47.8786
20		0.5		260.16		19.7701		47.9329
20		0.5		260.48		19.7698		47.9986
20		0.5		260.8		19.7673		48.0632
20		0.5		261.12		19.7627		48.1273
20		0.5		261.44		19.7695		48.1851
20		0.5		261.76		19.7596		48.2432
20		0.5		262.08		19.7623		48.3003
20		0.5		262.4		19.7511		48.3588
20		0.5		262.72		19.7488		48.4168
20		0.5		263.04		19.7517		48.4775
20		0.5		263.36		19.7468		48.5315
20		0.5		263.68		19.7566		48.5905
20		0.5		264		19.7621		48.6499
20		0.5		264.32		19.76		48.7081
20		0.5		264.64		19.7509		48.7667
20		0.5		264.96		19.7502		48.8255
20		0.5		265.28		19.7534		48.8835
20		0.5		265.6		19.758		48.9458
20		0.5		265.92		19.7582		49.0065
20		0.5		266.24		19.7494		49.0662
20		0.5		266.56		19.7435		49.1299
20		0.5		266.88		19.7403		49.1864
20		0.5		267.2		19.7357		49.2435
20		0.5		267.52		19.7393		49.3004
20		0.5		267.84		19.737		49.3594
20		0.5		268.16		19.7379		49.4161
20		0.5		268.48		19.7427		49.4769
20		0.5		268.8		19.7345		49.5359
20		0.5		269.12		19.7385		49.5989
20		0.5		269.44		19.7378		49.6609
20		0.5		269.76		19.7317		49.7224
20		0.5		270.08		19.7371		49.7829
20		0.5		270.4		19.7365		49.8405
20		0.5		270.72		19.7421		49.8992
20		0.5		271.04		19.7362		49.9607
20		0.5		271.36		19.7443		50.0172
20		0.5		271.68		19.7342		50.0799
20		0.5		272		19.7225		50.1323
20		0.5		272.32		19.7236		50.1895
20		0.5		272.64		19.7276		50.2411
20		0.5		272.96		19.7354		50.2989
20		0.5		273.28		19.7298		50.3598
20		0.5		273.6		19.7189		50.4171
20		0.5		273.92		19.7171		50.477
20		0.5		274.24		19.7127		50.5369
20		0.5		274.56		19.7232		50.5947
20		0.5		274.88		19.7054		50.6533
20		0.5		275.2		19.7021		50.7133
20		0.5		275.52		19.7025		50.7694
20		0.5		275.84		19.6998		50.8304
20		0.5		276.16		19.6962		50.8872
20		0.5		276.48		19.703		50.9493
20		0.5		276.8		19.7096		51.0043
20		0.5		277.12		19.713		51.0606
20		0.5		277.44		19.723		51.1203
20		0.5		277.76		19.722		51.1797
20		0.5		278.08		19.7092		51.2427
20		0.5		278.4		19.7162		51.3022
20		0.5		278.72		19.7057		51.3618
20		0.5		279.04		19.7043		51.4206
20		0.5		279.36		19.7102		51.4858
20		0.5		279.68		19.7078		51.5469
20		0.5		280		19.7065		51.6023
20		0.5		280.32		19.7105		51.6615
20		0.5		280.64		19.6992		51.7222
20		0.5		280.96		19.6922		51.7818
20		0.5		281.28		19.6949		51.8437
20		0.5		281.6		19.6962		51.9047
20		0.5		281.92		19.6856		51.9687
20		0.5		282.24		19.6904		52.0309
20		0.5		282.56		19.6866		52.0903
20		0.5		282.88		19.6859		52.1455
20		0.5		283.2		19.6922		52.2016
20		0.5		283.52		19.6938		52.2594
20		0.5		283.84		19.692		52.3221
20		0.5		284.16		19.6955		52.3821
20		0.5		284.48		19.6932		52.4381
20		0.5		284.8		19.6974		52.4948
20		0.5		285.12		19.7		52.5544
20		0.5		285.44		19.7089		52.612
20		0.5		285.76		19.7203		52.6707
20		0.5		286.08		19.7197		52.7261
20		0.5		286.4		19.7212		52.784
20		0.5		286.72		19.7273		52.841
20		0.5		287.04		19.7233		52.9027
20		0.5		287.36		19.7219		52.9595
20		0.5		287.68		19.7119		53.0185
20		0.5		288		19.7054		53.0739
20		0.5		288.32		19.705		53.1321
20		0.5		288.64		19.7092		53.184
20		0.5		288.96		19.7057		53.242
20		0.5		289.28		19.7031		53.3019
20		0.5		289.6		19.6977		53.3568
20		0.5		289.92		19.6947		53.4151
20		0.5		290.24		19.6934		53.4757
20		0.5		290.56		19.696		53.5306
20		0.5		290.88		19.698		53.5893
20		0.5		291.2		19.7036		53.6457
20		0.5		291.52		19.7068		53.7085
20		0.5		291.84		19.7051		53.7691
20		0.5		292.16		19.7016		53.8279
20		0.5		292.48		19.7041		53.8871
20		0.5		292.8		19.7152		53.9432
20		0.5		293.12		19.7196		53.998
20		0.5		293.44		19.7121		54.0578
20		0.5		293.76		19.7156		54.115
20		0.5		294.08		19.7247		54.1765
20		0.5		294.4		19.7253		54.2303
20		0.5		294.72		19.7234		54.2913
20		0.5		295.04		19.7167		54.3489
20		0.5		295.36		19.7155		54.4042
20		0.5		295.68		19.7166		54.4626
20		0.5		296		19.7174		54.5186
20		0.5		296.32		19.7263		54.5797
20		0.5		296.64		19.7211		54.6417
20		0.5		296.96		19.7169		54.7015
20		0.5		297.28		19.7128		54.7623
20		0.5		297.6		19.714		54.8207
20		0.5		297.92		19.712		54.8824
20		0.5		298.24		19.7132		54.9397
20		0.5		298.56		19.7118		54.9942
20		0.5		298.88		19.7085		55.0555
20		0.5		299.2		19.7036		55.1139
20		0.5		299.52		19.6945		55.1726
20		0.5		299.84		19.6977		55.2278
20		0.5		300.16		19.691		55.286
20		0.5		300.48		19.6879		55.3438
20		0.5		300.8		19.6892		55.4059
20		0.5		301.12		19.6833		55.4671
20		0.5		301.44		19.697		55.5303
20		0.5		301.76		19.6978		55.5974
20		0.5		302.08		19.6921		55.6601
20		0.5		302.4		19.6957		55.7177
20		0.5		302.72		19.696		55.7766
20		0.5		303.04		19.698		55.8363
20		0.5		303.36		19.6965		55.8877
20		0.5		303.68		19.6921		55.9457
20		0.5		304		19.688		56.002
20		0.5		304.32		19.6893		56.0601
20		0.5		304.64		19.6858		56.1253
20		0.5		304.96		19.6902		56.1856
20		0.5		305.28		19.6824		56.241
20		0.5		305.6		19.679		56.302
20		0.5		305.92		19.6826		56.3596
20		0.5		306.24		19.6882		56.4154
20		0.5		306.56		19.6916		56.4752
20		0.5		306.88		19.6985		56.5295
20		0.5		307.2		19.6934		56.5895
20		0.5		307.52		19.7026		56.6467
20		0.5		307.84		19.7068		56.7057
20		0.5		308.16		19.7074		56.7654
20		0.5		308.48		19.7085		56.8217
20		0.5		308.8		19.716		56.8747
20		0.5		309.12		19.7185		56.9314
20		0.5		309.44		19.7269		56.9926
20		0.5		309.76		19.7176		57.0456
20		0.5		310.08		19.7225		57.1037
20		0.5		310.4		19.7208		57.1606
20		0.5		310.72		19.7229		57.2178
20		0.5		311.04		19.729		57.2755
20		0.5		311.36		19.7288		57.3325
20		0.5		311.68		19.7273		57.3905
20		0.5		312		19.7271		57.4479
20		0.5		312.32		19.7289		57.5063
20		0.5		312.64		19.7216		57.5653
20		0.5		312.96		19.712		57.629
20		0.5		313.28		19.7038		57.6887
20		0.5		313.6		19.7047		57.7443
20		0.5		313.92		19.7004		57.8017
20		0.5		314.24		19.7015		57.861
20		0.5		314.56		19.6945		57.9247
20		0.5		314.88		19.6926		57.985
20		0.5		315.2		19.703		58.0408
20		0.5		315.52		19.7025		58.1009
20		0.5		315.84		19.6947		58.1585
20		0.5		316.16		19.6876		58.2124
20		0.5		316.48		19.6776		58.2675
20		0.5		316.8		19.6857		58.3262
20		0.5		317.12		19.6859		58.3834
20		0.5		317.44		19.6918		58.4396
20		0.5		317.76		19.6773		58.4984
20		0.5		318.08		19.6741		58.5584
20		0.5		318.4		19.6676		58.6169
20		0.5		318.72		19.6716		58.6781
20		0.5		319.04		19.6757		58.7359
20		0.5		319.36		19.6771		58.7934
20		0.5		319.68		19.68		58.8503
20		0.5		320		19.6784		58.9134
20		0.5		320.32		19.6762		58.9752
20		0.5		320.64		19.6736		59.0327
20		0.5		320.96		19.6666		59.0947
20		0.5		321.28		19.6575		59.1523
20		0.5		321.6		19.6657		59.2091
20		0.5		321.92		19.6844		59.2684
20		0.5		322.24		19.6856		59.3284
20		0.5		322.56		19.6881		59.3851
20		0.5		322.88		19.6757		59.4411
20		0.5		323.2		19.678		59.499
20		0.5		323.52		19.6751		59.5595
20		0.5		323.84		19.6756		59.6172
20		0.5		324.16		19.6792		59.6754
20		0.5		324.48		19.6715		59.7328
20		0.5		324.8		19.6649		59.7922
20		0.5		325.12		19.6589		59.8485
20		0.5		325.44		19.6668		59.9079
20		0.5		325.76		19.6548		59.971
20		0.5		326.08		19.6535		60.0286
20		0.5		326.4		19.653		60.0826
20		0.5		326.72		19.6459		60.1369
20		0.5		327.04		19.6524		60.192
20		0.5		327.36		19.6535		60.2521
20		0.5		327.68		19.649		60.3093
20		0.5		328		19.652		60.3654
20		0.5		328.32		19.6521		60.4272
20		0.5		328.64		19.6572		60.4879
20		0.5		328.96		19.6504		60.547
20		0.5		329.28		19.6483		60.6034
20		0.5		329.6		19.6546		60.6575
20		0.5		329.92		19.6487		60.7151
20		0.5		330.24		19.6468		60.7717
20		0.5		330.56		19.652		60.8345
20		0.5		330.88		19.6498		60.8882
20		0.5		331.2		19.6473		60.9453
20		0.5		331.52		19.6448		61.0006
20		0.5		331.84		19.6438		61.0583
20		0.5		332.16		19.6395		61.1201
20		0.5		332.48		19.6395		61.1763
20		0.5		332.8		19.6426		61.2375
20		0.5		333.12		19.6375		61.2942
20		0.5		333.44		19.6367		61.3519
20		0.5		333.76		19.6306		61.41
20		0.5		334.08		19.6193		61.4636
20		0.5		334.4		19.6197		61.5206
20		0.5		334.72		19.6173		61.5769
20		0.5		335.04		19.6116		61.6356
20		0.5		335.36		19.6005		61.6938
20		0.5		335.68		19.6112		61.7533
20		0.5		336		19.6118		61.81
20		0.5		336.32		19.6003		61.8686
20		0.5		336.64		19.5977		61.9282
20		0.5		336.96		19.5997		61.99
20		0.5		337.28		19.6029		62.0519
20		0.5		337.6		19.6013		62.111
20		0.5		337.92		19.6083		62.1687
20		0.5		338.24		19.612		62.226
20		0.5		338.56		19.6009		62.2807
20		0.5		338.88		19.5896		62.34
20		0.5		339.2		19.5833		62.404
20		0.5		339.52		19.5954		62.4639
20		0.5		339.84		19.5945		62.5295
20		0.5		340.16		19.5999		62.5925
20		0.5		340.48		19.6015		62.6505
20		0.5		340.8		19.6015		62.7081
20		0.5		341.12		19.6001		62.7697
20		0.5		341.44		19.5939		62.8255
20		0.5		341.76		19.5893		62.885
20		0.5		342.08		19.5992		62.942
20		0.5		342.4		19.5969		62.9992
20		0.5		342.72		19.6008		63.055
20		0.5		343.04		19.6057		63.1151
20		0.5		343.36		19.6028		63.173
20		0.5		343.68		19.5973		63.231
20		0.5		344		19.595		63.29
20		0.5		344.32		19.5985		63.3488
20		0.5		344.64		19.6037		63.4068
20		0.5		344.96		19.6062		63.4642
20		0.5		345.28		19.6066		63.523
20		0.5		345.6		19.6133		63.5809
20		0.5		345.92		19.6124		63.6379
20		0.5		346.24		19.6237		63.6923
20		0.5		346.56		19.6263		63.7502
20		0.5		346.88		19.6309		63.8124
20		0.5		347.2		19.6288		63.8705
20		0.5		347.52		19.6317		63.9268
20		0.5		347.84		19.636		63.9875
20		0.5		348.16		19.6391		64.0479
20		0.5		348.48		19.6366		64.1106
20		0.5		348.8		19.643		64.1675
20		0.5		349.12		19.6362		64.2272
20		0.5		349.44		19.6363		64.2883
20		0.5		349.76		19.642		64.3415
20		0.5		350.08		19.6411		64.4011
20		0.5		350.4		19.6402		64.4617
20		0.5		350.72		19.6334		64.5161
20		0.5		351.04		19.6356		64.5728
20		0.5		351.36		19.6437		64.6251
20		0.5		351.68		19.6377		64.6809
20		0.5		352		19.6352		64.7381
20		0.5		352.32		19.6369		64.7967
20		0.5		352.64		19.6411		64.8577
20		0.5		352.96		19.6315		64.9117
20		0.5		353.28		19.6335		64.9689
20		0.5		353.6		19.6324		65.0272
20		0.5		353.92		19.633		65.0809
20		0.5		354.24		19.623		65.1414
20		0.5		354.56		19.6231		65.2011
20		0.5		354.88		19.6233		65.2588
20		0.5		355.2		19.6312		65.3143
20		0.5		355.52		19.6379		65.3732
20		0.5		355.84		19.6362		65.4344
20		0.5		356.16		19.6426		65.4949
20		0.5		356.48		19.644		65.5548
20		0.5		356.8		19.6469		65.6143
20		0.5		357.12		19.6507		65.6751
20		0.5		357.44		19.6506		65.7294
20		0.5		357.76		19.6516		65.7841
20		0.5		358.08		19.6526		65.8411
20		0.5		358.4		19.6536		65.8998
20		0.5		358.72		19.6434		65.9574
20		0.5		359.04		19.6482		66.0127
20		0.5		359.36		19.6452		66.0722
20		0.5		359.68		19.6434		66.1327
20		0.5		360		19.6432		66.1904
20		0.5		360.32		19.6453		66.2494
20		0.5		360.64		19.6481		66.3084
20		0.5		360.96		19.6532		66.3594
20		0.5		361.28		19.6667		66.419
20		0.5		361.6		19.6652		66.478
20		0.5		361.92		19.6643		66.5333
20		0.5		362.24		19.6681		66.5851
20		0.5		362.56		19.674		66.6443
20		0.5		362.88		19.6722		66.7018
20		0.5		363.2		19.6696		66.757
20		0.5		363.52		19.6747		66.8194
20		0.5		363.84		19.6677		66.8798
20		0.5		364.16		19.6706		66.9356
20		0.5		364.48		19.6672		66.9913
20		0.5		364.8		19.6699		67.0462
20		0.5		365.12		19.6654		67.1025
20		0.5		365.44		19.6735		67.1588
20		0.5		365.76		19.6777		67.225
20		0.5		366.08		19.6854		67.2784
20		0.5		366.4		19.6822		67.3382
20		0.5		366.72		19.6829		67.3924
20		0.5		367.04		19.6844		67.4529
20		0.5		367.36		19.6803		67.507
20		0.5		367.68		19.6941		67.5646
20		0.5		368		19.6862		67.6192
20		0.5		368.32		19.6771		67.683
20		0.5		368.64		19.6841		67.7394
20		0.5		368.96		19.6761		67.7954
20		0.5		369.28		19.69		67.8591
20		0.5		369.6		19.6936		67.9133
20		0.5		369.92		19.6984		67.9725
20		0.5		370.24		19.6911		68.0248
20		0.5		370.56		19.6978		68.0818
20		0.5		370.88		19.7036		68.1387
20		0.5		371.2		19.7187		68.1944
20		0.5		371.52		19.7213		68.2546
20		0.5		371.84		19.7207		68.3102
20		0.5		372.16		19.7196		68.3694
20		0.5		372.48		19.7238		68.4252
20		0.5		372.8		19.7255		68.4836
20		0.5		373.12		19.7279		68.5374
20		0.5		373.44		19.7354		68.5948
20		0.5		373.76		19.7299		68.6572
20		0.5		374.08		19.7277		68.7149
20		0.5		374.4		19.7322		68.7787
20		0.5		374.72		19.7299		68.8357
20		0.5		375.04		19.7233		68.8939
20		0.5		375.36		19.7129		68.9544
20		0.5		375.68		19.7109		69.0129
20		0.5		376		19.7094		69.0764
20		0.5		376.32		19.7193		69.134
20		0.5		376.64		19.7142		69.1909
20		0.5		376.96		19.7008		69.2515
20		0.5		377.28		19.6972		69.314
20		0.5		377.6		19.6882		69.3713
20		0.5		377.92		19.6936		69.4243
20		0.5		378.24		19.7041		69.4797
20		0.5		378.56		19.7001		69.5357
20		0.5		378.88		19.6953		69.5943
20		0.5		379.2		19.6916		69.6496
20		0.5		379.52		19.694		69.708
20		0.5		379.84		19.6905		69.7656
20		0.5		380.16		19.6987		69.8242
20		0.5		380.48		19.7059		69.8832
20		0.5		380.8		19.711		69.9431
20		0.5		381.12		19.7026		70.0002
20		0.5		381.44		19.7055		70.0586
20		0.5		381.76		19.7131		70.1175
20		0.5		382.08		19.7205		70.1756
20		0.5		382.4		19.7208		70.2337
20		0.5		382.72		19.7126		70.2937
20		0.5		383.04		19.7113		70.3463
20		0.5		383.36		19.7169		70.405
20		0.5		383.68		19.715		70.4685
20		0.5		384		19.7133		70.5252
20		0.5		384.32		19.7205		70.5806
20		0.5		384.64		19.7191		70.6407
20		0.5		384.96		19.7252		70.6967
20		0.5		385.28		19.7131		70.7585
20		0.5		385.6		19.7168		70.8155
20		0.5		385.92		19.7111		70.8776
20		0.5		386.24		19.7136		70.9323
20		0.5		386.56		19.7		70.9901
20		0.5		386.88		19.7031		71.0507
20		0.5		387.2		19.699		71.1109
20		0.5		387.52		19.6925		71.169
20		0.5		387.84		19.7019		71.2267
20		0.5		388.16		19.7131		71.2797
20		0.5		388.48		19.7149		71.3393
20		0.5		388.8		19.7016		71.3987
20		0.5		389.12		19.6978		71.4586
20		0.5		389.44		19.7046		71.515
20		0.5		389.76		19.7122		71.574
20		0.5		390.08		19.7014		71.634
20		0.5		390.4		19.7025		71.6951
20		0.5		390.72		19.6885		71.7541
20		0.5		391.04		19.697		71.8136
20		0.5		391.36		19.6956		71.8734
20		0.5		391.68		19.6846		71.935
20		0.5		392		19.6843		71.9901
20		0.5		392.32		19.6833		72.0519
20		0.5		392.64		19.6926		72.1133
20		0.5		392.96		19.6959		72.1757
20		0.5		393.28		19.7064		72.2383
20		0.5		393.6		19.7117		72.2959
20		0.5		393.92		19.7147		72.3551
20		0.5		394.24		19.7154		72.4134
20		0.5		394.56		19.7053		72.4717
20		0.5		394.88		19.6885		72.5289
20		0.5		395.2		19.6896		72.5833
20		0.5		395.52		19.6967		72.6418
20		0.5		395.84		19.704		72.697
20		0.5		396.16		19.7061		72.7532
20		0.5		396.48		19.7002		72.8102
20		0.5		396.8		19.7045		72.871
20		0.5		397.12		19.7007		72.9289
20		0.5		397.44		19.7		72.9884
20		0.5		397.76		19.7058		73.044
20		0.5		398.08		19.7151		73.1056
20		0.5		398.4		19.7152		73.1664
20		0.5		398.72		19.7102		73.2256
20		0.5		399.04		19.7141		73.2843
20		0.5		399.36		19.7085		73.3426
20		0.5		399.68		19.7114		73.3994
20		0.5		400		19.7095		73.4596
20		0.5		400.32		19.7068		73.5163
20		0.5		400.64		19.7058		73.5766
20		0.5		400.96		19.7057		73.6335
20		0.5		401.28		19.7031		73.6924
20		0.5		401.6		19.6999		73.7543
20		0.5		401.92		19.6863		73.8085
20		0.5		402.24		19.6843		73.8678
20		0.5		402.56		19.6826		73.9296
20		0.5		402.88		19.6744		73.994
20		0.5		403.2		19.6748		74.0525
20		0.5		403.52		19.6715		74.1103
20		0.5		403.84		19.6701		74.1719
20		0.5		404.16		19.6685		74.2353
20		0.5		404.48		19.6741		74.2963
20		0.5		404.8		19.682		74.3513
20		0.5		405.12		19.677		74.4113
20		0.5		405.44		19.6754		74.4698
20		0.5		405.76		19.6764		74.5199
20		0.5		406.08		19.6672		74.5771
20		0.5		406.4		19.6647		74.6299
20		0.5		406.72		19.6648		74.6909
20		0.5		407.04		19.6698		74.7494
20		0.5		407.36		19.6692		74.805
20		0.5		407.68		19.6575		74.8688
20		0.5		408		19.6561		74.9302
20		0.5		408.32		19.6548		74.9913
20		0.5		408.64		19.6564		75.0468
20		0.5		408.96		19.6699		75.103
20		0.5		409.28		19.6645		75.1589
20		0.5		409.6		19.6725		75.2167
20		0.5		409.92		19.6736		75.2752
20		0.5		410.24		19.6677		75.3339
20		0.5		410.56		19.6577		75.3974
20		0.5		410.88		19.6575		75.4601
20		0.5		411.2		19.657		75.5202
20		0.5		411.52		19.6575		75.5731
20		0.5		411.84		19.6588		75.6325
20		0.5		412.16		19.6522		75.6894
20		0.5		412.48		19.6586		75.7462
20		0.5		412.8		19.6544		75.8052
20		0.5		413.12		19.6523		75.8678
20		0.5		413.44		19.6539		75.9314
20		0.5		413.76		19.6612		75.9916
20		0.5		414.08		19.6575		76.0482
20		0.5		414.4		19.6563		76.1059
20		0.5		414.72		19.6522		76.1655
20		0.5		415.04		19.658		76.2245
20		0.5		415.36		19.6618		76.286
20		0.5		415.68		19.6605		76.3409
20		0.5		416		19.6597		76.3991
20		0.5		416.32		19.6562		76.4569
20		0.5		416.64		19.6569		76.5122
20		0.5		416.96		19.6521		76.5697
20		0.5		417.28		19.6514		76.6242
20		0.5		417.6		19.6432		76.6808
20		0.5		417.92		19.6388		76.7342
20		0.5		418.24		19.6375		76.7897
20		0.5		418.56		19.6314		76.8443
20		0.5		418.88		19.6277		76.901
20		0.5		419.2		19.6218		76.9558
20		0.5		419.52		19.6222		77.0172
20		0.5		419.84		19.6178		77.0813
20		0.5		420.16		19.6187		77.1393
20		0.5		420.48		19.6197		77.1938
20		0.5		420.8		19.6247		77.253
20		0.5		421.12		19.6261		77.3113
20		0.5		421.44		19.6203		77.3685
20		0.5		421.76		19.6226		77.4292
20		0.5		422.08		19.6191		77.4913
20		0.5		422.4		19.6168		77.55
20		0.5		422.72		19.6229		77.6085
20		0.5		423.04		19.616		77.6648
20		0.5		423.36		19.6087		77.7229
20		0.5		423.68		19.6201		77.7783
20		0.5		424		19.6201		77.8367
20		0.5		424.32		19.6273		77.897
20		0.5		424.64		19.6218		77.959
20		0.5		424.96		19.6285		78.0142
20		0.5		425.28		19.6329		78.0761
20		0.5		425.6		19.6344		78.1393
20		0.5		425.92		19.6485		78.1991
20		0.5		426.24		19.6426		78.2575
20		0.5		426.56		19.6408		78.3158
20		0.5		426.88		19.6436		78.373
20		0.5		427.2		19.6352		78.431
20		0.5		427.52		19.6352		78.4837
20		0.5		427.84		19.6371		78.5395
20		0.5		428.16		19.6276		78.5947
20		0.5		428.48		19.6337		78.6551
20		0.5		428.8		19.6281		78.7133
20		0.5		429.12		19.6206		78.7746
20		0.5		429.44		19.6321		78.8326
20		0.5		429.76		19.6385		78.8886
20		0.5		430.08		19.631		78.9487
20		0.5		430.4		19.6414		79.0055
20		0.5		430.72		19.6418		79.0601
20		0.5		431.04		19.6439		79.1172
20		0.5		431.36		19.642		79.1736
20		0.5		431.68		19.6423		79.2292
20		0.5		432		19.6496		79.289
20		0.5		432.32		19.6516		79.3512
20		0.5		432.64		19.6529		79.4104
20		0.5		432.96		19.6517		79.4734
20		0.5		433.28		19.6438		79.5336
20		0.5		433.6		19.6426		79.5878
20		0.5		433.92		19.6413		79.6415
20		0.5		434.24		19.6348		79.7025
20		0.5		434.56		19.6408		79.761
20		0.5		434.88		19.6499		79.821
20		0.5		435.2		19.6512		79.8791
20		0.5		435.52		19.6574		79.9395
20		0.5		435.84		19.6557		79.9955
20		0.5		436.16		19.6563		80.0544
20		0.5		436.48		19.6479		80.1144
20		0.5		436.8		19.6483		80.1766
20		0.5		437.12		19.643		80.2304
20		0.5		437.44		19.6452		80.2909
20		0.5		437.76		19.6407		80.3498
20		0.5		438.08		19.6323		80.4083
20		0.5		438.4		19.6355		80.4723
20		0.5		438.72		19.639		80.5328
20		0.5		439.04		19.6312		80.595
20		0.5		439.36		19.6295		80.6518
20		0.5		439.68		19.625		80.7082
20		0.5		440		19.6271		80.7672
20		0.5		440.32		19.623		80.8269
20		0.5		440.64		19.6317		80.8815
20		0.5		440.96		19.6291		80.9376
20		0.5		441.28		19.6241		80.9978
20		0.5		441.6		19.6236		81.0591
20		0.5		441.92		19.6368		81.1206
20		0.5		442.24		19.6332		81.1851
20		0.5		442.56		19.6386		81.2447
20		0.5		442.88		19.6326		81.3024
20		0.5		443.2		19.6308		81.3629
20		0.5		443.52		19.6245		81.4232
20		0.5		443.84		19.6406		81.4857
20		0.5		444.16		19.6448		81.5462
20		0.5		444.48		19.6469		81.6032
20		0.5		444.8		19.6532		81.6635
20		0.5		445.12		19.6384		81.7212
20		0.5		445.44		19.6325		81.7827
20		0.5		445.76		19.6462		81.841
20		0.5		446.08		19.6453		81.8969
20		0.5		446.4		19.6447		81.9542
20		0.5		446.72		19.6472		82.0153
20		0.5		447.04		19.6593		82.0742
20		0.5		447.36		19.6595		82.1365
20		0.5		447.68		19.6619		82.193
20		0.5		448		19.6622		82.247
20		0.5		448.32		19.6677		82.3019
20		0.5		448.64		19.666		82.3602
20		0.5		448.96		19.6639		82.4222
20		0.5		449.28		19.6616		82.4801
20		0.5		449.6		19.6717		82.5383
20		0.5		449.92		19.6642		82.5955
20		0.5		450.24		19.6678		82.6599
20		0.5		450.56		19.6678		82.7206
20		0.5		450.88		19.6705		82.7767
20		0.5		451.2		19.6778		82.8334
20		0.5		451.52		19.6834		82.8885
20		0.5		451.84		19.6763		82.9477
20		0.5		452.16		19.6852		83.0086
20		0.5		452.48		19.6804		83.0663
20		0.5		452.8		19.6869		83.1227
20		0.5		453.12		19.6918		83.186
20		0.5		453.44		19.6842		83.2412
20		0.5		453.76		19.6947		83.3004
20		0.5		454.08		19.7		83.3564
20		0.5		454.4		19.6963		83.4134
20		0.5		454.72		19.6945		83.4729
20		0.5		455.04		19.6939		83.5325
20		0.5		455.36		19.6859		83.5892
20		0.5		455.68		19.6933		83.6436
20		0.5		456		19.6865		83.6999
20		0.5		456.32		19.6875		83.7583
20		0.5		456.64		19.6897		83.8189
20		0.5		456.96		19.6833		83.8697
20		0.5		457.28		19.6756		83.9273
20		0.5		457.6		19.6713		83.9885
20		0.5		457.92		19.6667		84.0477
20		0.5		458.24		19.6661		84.1064
20		0.5		458.56		19.6648		84.1656
20		0.5		458.88		19.6611		84.2234
20		0.5		459.2		19.6588		84.2813
20		0.5		459.52		19.6506		84.3394
20		0.5		459.84		19.6421		84.3965
20		0.5		460.16		19.6506		84.4462
20		0.5		460.48		19.6526		84.5035
20		0.5		460.8		19.6515		84.5659
20		0.5		461.12		19.6495		84.6216
20		0.5		461.44		19.652		84.6824
20		0.5		461.76		19.6535		84.7436
20		0.5		462.08		19.6516		84.8037
20		0.5		462.4		19.6605		84.8588
20		0.5		462.72		19.6612		84.9216
20		0.5		463.04		19.6553		84.9818
20		0.5		463.36		19.6601		85.0363
20		0.5		463.68		19.6617		85.0907
20		0.5		464		19.6583		85.1506
20		0.5		464.32		19.6643		85.2133
20		0.5		464.64		19.6553		85.2701
20		0.5		464.96		19.6523		85.324
20		0.5		465.28		19.642		85.3873
20		0.5		465.6		19.6416		85.4477
20		0.5		465.92		19.6311		85.5042
20		0.5		466.24		19.6374		85.5628
20		0.5		466.56		19.6315		85.6213
20		0.5		466.88		19.6333		85.6787
20		0.5		467.2		19.6266		85.7355
20		0.5		467.52		19.6173		85.7907
20		0.5		467.84		19.6133		85.8487
20		0.5		468.16		19.6117		85.9096
20		0.5		468.48		19.6113		85.972
20		0.5		468.8		19.6048		86.0294
20		0.5		469.12		19.6155		86.0915
20		0.5		469.44		19.6258		86.1458
20		0.5		469.76		19.6167		86.2043
20		0.5		470.08		19.6248		86.2706
20		0.5		470.4		19.6289		86.3287
20		0.5		470.72		19.6209		86.3873
20		0.5		471.04		19.6209		86.4404
20		0.5		471.36		19.6175		86.5065
20		0.5		471.68		19.62		86.5671
20		0.5		472		19.6189		86.6219
20		0.5		472.32		19.628		86.6834
20		0.5		472.64		19.6311		86.7371
20		0.5		472.96		19.6225		86.7959
20		0.5		473.28		19.6243		86.8581
20		0.5		473.6		19.6132		86.9154
20		0.5		473.92		19.6089		86.9707
20		0.5		474.24		19.615		87.0283
20		0.5		474.56		19.6101		87.0893
20		0.5		474.88		19.6014		87.1469
20		0.5		475.2		19.6075		87.2047
20		0.5		475.52		19.6101		87.2628
20		0.5		475.84		19.6204		87.32
20		0.5		476.16		19.6246		87.3781
20		0.5		476.48		19.6154		87.4342
20		0.5		476.8		19.6159		87.4937
20		0.5		477.12		19.6118		87.55
20		0.5		477.44		19.615		87.611
20		0.5		477.76		19.614		87.6697
20		0.5		478.08		19.6202		87.7238
20		0.5		478.4		19.6208		87.7844
20		0.5		478.72		19.6179		87.8454
20		0.5		479.04		19.6294		87.9052
20		0.5		479.36		19.6192		87.9647
20		0.5		479.68		19.623		88.0239
20		0.5		480		19.6258		88.085
20		0.5		480.32		19.6194		88.1455
20		0.5		480.64		19.622		88.203
20		0.5		480.96		19.6094		88.267
20		0.5		481.28		19.6067		88.3255
20		0.5		481.6		19.6005		88.3852
20		0.5		481.92		19.6049		88.442
20		0.5		482.24		19.6116		88.4954
20		0.5		482.56		19.6096		88.555
20		0.5		482.88		19.5938		88.61
20		0.5		483.2		19.5848		88.6639
20		0.5		483.52		19.5917		88.7196
20		0.5		483.84		19.5882		88.7776
20		0.5		484.16		19.5873		88.8357
20		0.5		484.48		19.5778		88.8909
20		0.5		484.8		19.5828		88.9479
20		0.5		485.12		19.5892		89.0104
20		0.5		485.44		19.5891		89.0665
20		0.5		485.76		19.5802		89.1252
20		0.5		486.08		19.587		89.1782
20		0.5		486.4		19.5808		89.2356
20		0.5		486.72		19.5853		89.2979
20		0.5		487.04		19.589		89.3586
20		0.5		487.36		19.5901		89.4187
20		0.5		487.68		19.5917		89.4753
20		0.5		488		19.5909		89.5319
20		0.5		488.32		19.5907		89.5875
20		0.5		488.64		19.5779		89.6485
20		0.5		488.96		19.5755		89.7156
20		0.5		489.28		19.5783		89.7765
20		0.5		489.6		19.5829		89.8351
20		0.5		489.92		19.5765		89.8941
20		0.5		490.24		19.5694		89.954
20		0.5		490.56		19.5802		90.0099
20		0.5		490.88		19.5772		90.0673
20		0.5		491.2		19.5829		90.1241
20		0.5		491.52		19.5947		90.1785
20		0.5		491.84		19.5931		90.2368
20		0.5		492.16		19.5866		90.2974
20		0.5		492.48		19.585		90.3572
20		0.5		492.8		19.5915		90.4176
20		0.5		493.12		19.5983		90.4745
20		0.5		493.44		19.6036		90.5313
20		0.5		493.76		19.6095		90.5898
20		0.5		494.08		19.6082		90.6489
20		0.5		494.4		19.6051		90.7037
20		0.5		494.72		19.6059		90.761
20		0.5		495.04		19.5961		90.8184
20		0.5		495.36		19.5938		90.8796
20		0.5		495.68		19.5994		90.9373
20		0.5		496		19.5991		90.9957
20		0.5		496.32		19.5944		91.0539
20		0.5		496.64		19.5931		91.1139
20		0.5		496.96		19.5891		91.1706
20		0.5		497.28		19.5838		91.2239
20		0.5		497.6		19.5802		91.2822
20		0.5		497.92		19.5922		91.3376
20		0.5		498.24		19.6046		91.3967
20		0.5		498.56		19.6034		91.4498
20		0.5		498.88		19.6059		91.5128
20		0.5		499.2		19.607		91.5721
20		0.5		499.52		19.6145		91.6354
20		0.5		499.84		19.6103		91.6967
20		0.5		500.16		19.6187		91.7534
20		0.5		500.48		19.6142		91.8138
20		0.5		500.8		19.6071		91.8703
20		0.5		501.12		19.6147		91.9267
20		0.5		501.44		19.6136		91.9843
20		0.5		501.76		19.6031		92.0422
20		0.5		502.08		19.5969		92.1037
20		0.5		502.4		19.6034		92.1608
20		0.5		502.72		19.5966		92.2187
20		0.5		503.04		19.5998		92.2788
20		0.5		503.36		19.5935		92.3374
20		0.5		503.68		19.5854		92.4011
20		0.5		504		19.5856		92.4645
20		0.5		504.32		19.5817		92.5192
20		0.5		504.64		19.5763		92.5783
20		0.5		504.96		19.5802		92.6342
20		0.5		505.28		19.5828		92.6903
20		0.5		505.6		19.5947		92.7486
20		0.5		505.92		19.5947		92.8106
20		0.5		506.24		19.597		92.8686
20		0.5		506.56		19.599		92.9294
20		0.5		506.88		19.601		92.992
20		0.5		507.2		19.5893		93.0539
20		0.5		507.52		19.5924		93.1154
20		0.5		507.84		19.5907		93.1731
20		0.5		508.16		19.6011		93.2377
20		0.5		508.48		19.5948		93.3009
20		0.5		508.8		19.5881		93.3586
20		0.5		509.12		19.5831		93.4187
20		0.5		509.44		19.5767		93.476
20		0.5		509.76		19.5746		93.5403
20		0.5		510.08		19.5669		93.5975
20		0.5		510.4		19.5562		93.6563
20		0.5		510.72		19.563		93.7188
20		0.5		511.04		19.5606		93.7767
20		0.5		511.36		19.5598		93.8306
20		0.5		511.68		19.5595		93.888
20		0.5		512		19.5619		93.9477
20		0.5		512.32		19.5624		94.0067
20		0.5		512.64		19.5558		94.0675
20		0.5		512.96		19.5519		94.1257
20		0.5		513.28		19.5447		94.1797
20		0.5		513.6		19.5441		94.236
20		0.5		513.92		19.5347		94.2974
20		0.5		514.24		19.5335		94.3597
20		0.5		514.56		19.5261		94.4207
20		0.5		514.88		19.522		94.4774
20		0.5		515.2		19.5363		94.529
20		0.5		515.52		19.539		94.5857
20		0.5		515.84		19.5371		94.645
20		0.5		516.16		19.5308		94.7088
20		0.5		516.48		19.5326		94.7695
20		0.5		516.8		19.5398		94.8251
20		0.5		517.12		19.5298		94.8798
20		0.5		517.44		19.5266		94.9405
20		0.5		517.76		19.5243		95.0059
20		0.5		518.08		19.5237		95.0663
20		0.5		518.4		19.5193		95.1292
20		0.5		518.72		19.5283		95.1922
20		0.5		519.04		19.5247		95.2514
20		0.5		519.36		19.5201		95.3075
20		0.5		519.68		19.5202		95.3714
20		0.5		520		19.5264		95.4305
20		0.5		520.32		19.5432		95.4913
20		0.5		520.64		19.5421		95.5452
20		0.5		520.96		19.5474		95.6024
20		0.5		521.28		19.5453		95.662
20		0.5		521.6		19.5367		95.7217
20		0.5		521.92		19.5266		95.7802
20		0.5		522.24		19.5231		95.8428
20		0.5		522.56		19.5351		95.9012
20		0.5		522.88		19.5372		95.9548
20		0.5		523.2		19.5315		96.0132
20		0.5		523.52		19.5291		96.0682
20		0.5		523.84		19.5236		96.128
20		0.5		524.16		19.5185		96.1917
20		0.5		524.48		19.5129		96.2464
20		0.5		524.8		19.512		96.3056
20		0.5		525.12		19.5174		96.3657
20		0.5		525.44		19.5115		96.4255
20		0.5		525.76		19.5098		96.4838
20		0.5		526.08		19.5102		96.5375
20		0.5		526.4		19.5176		96.594
20		0.5		526.72		19.5179		96.6558
20		0.5		527.04		19.5149		96.7128
20		0.5		527.36		19.5099		96.7749
20		0.5		527.68		19.5011		96.8262
20		0.5		528		19.4994		96.8858
20		0.5		528.32		19.5078		96.9406
20		0.5		528.64		19.5083		96.9969
20		0.5		528.96		19.5039		97.0516
20		0.5		529.28		19.5068		97.1087
20		0.5		529.6		19.4991		97.1638
20		0.5		529.92		19.4933		97.2199
20		0.5		530.24		19.5022		97.2821
20		0.5		530.56		19.5035		97.3411
20		0.5		530.88		19.5072		97.3981
20		0.5		531.2		19.5098		97.4517
20		0.5		531.52		19.5143		97.5133
20		0.5		531.84		19.509		97.5705
20		0.5		532.16		19.5047		97.6301
20		0.5		532.48		19.5028		97.6856
20		0.5		532.8		19.5057		97.7481
20		0.5		533.12		19.497		97.8018
20		0.5		533.44		19.5004		97.8599
20		0.5		533.76		19.4969		97.9218
20		0.5		534.08		19.4917		97.9844
20		0.5		534.4		19.4865		98.0438
20		0.5		534.72		19.4954		98.1057
20		0.5		535.04		19.5023		98.1644
20		0.5		535.36		19.4988		98.2282
20		0.5		535.68		19.5018		98.2864
20		0.5		536		19.5038		98.3436
20		0.5		536.32		19.5057		98.4037
20		0.5		536.64		19.5064		98.4618
20		0.5		536.96		19.5035		98.52
20		0.5		537.28		19.5095		98.5781
20		0.5		537.6		19.5124		98.638
20		0.5		537.92		19.5146		98.6955
20		0.5		538.24		19.5173		98.7503
20		0.5		538.56		19.5212		98.8099
20		0.5		538.88		19.5249		98.8683
20		0.5		539.2		19.5247		98.9307
20		0.5		539.52		19.524		98.9937
20		0.5		539.84		19.5281		99.0519
20		0.5		540.16		19.5231		99.1118
20		0.5		540.48		19.5241		99.173
20		0.5		540.8		19.532		99.2267
20		0.5		541.12		19.5333		99.286
20		0.5		541.44		19.5287		99.3449
20		0.5		541.76		19.5301		99.4047
20		0.5		542.08		19.5365		99.4611
20		0.5		542.4		19.5312		99.5205
20		0.5		542.72		19.5313		99.5799
20		0.5		543.04		19.5312		99.6389
20		0.5		543.36		19.5399		99.6972
20		0.5		543.68		19.5416		99.7553
20		0.5		544		19.5395		99.8152
20		0.5		544.32		19.5488		99.8717
20		0.5		544.64		19.5521		99.9256
20		0.5		544.96		19.5491		99.9818
20		0.5		545.28		19.5551		100.037
20		0.5		545.6		19.5634		100.095
20		0.5		545.92		19.5627		100.153
20		0.5		546.24		19.5661		100.214
20		0.5		546.56		19.5639		100.268
20		0.5		546.88		19.5564		100.325
20		0.5		547.2		19.5548		100.382
20		0.5		547.52		19.5544		100.435
20		0.5		547.84		19.5503		100.496
20		0.5		548.16		19.5501		100.556
20		0.5		548.48		19.5478		100.614
20		0.5		548.8		19.5439		100.668
20		0.5		549.12		19.5369		100.726
20		0.5		549.44		19.5292		100.783
20		0.5		549.76		19.5338		100.842
20		0.5		550.08		19.5369		100.904
20		0.5		550.4		19.539		100.966
20		0.5		550.72		19.5321		101.025
20		0.5		551.04		19.5302		101.08
20		0.5		551.36		19.5231		101.14
20		0.5		551.68		19.5092		101.193
20		0.5		552		19.5082		101.253
20		0.5		552.32		19.4949		101.308
20		0.5		552.64		19.4917		101.368
20		0.5		552.96		19.5001		101.424
20		0.5		553.28		19.4982		101.484
20		0.5		553.6		19.4862		101.542
20		0.5		553.92		19.4821		101.598
20		0.5		554.24		19.4848		101.655
20		0.5		554.56		19.4746		101.715
20		0.5		554.88		19.4698		101.775
20		0.5		555.2		19.4749		101.831
20		0.5		555.52		19.4799		101.888
20		0.5		555.84		19.4766		101.943
20		0.5		556.16		19.4726		102.003
20		0.5		556.48		19.4841		102.06
20		0.5		556.8		19.4928		102.114
20		0.5		557.12		19.4949		102.174
20		0.5		557.44		19.4923		102.23
20		0.5		557.76		19.4804		102.29
20		0.5		558.08		19.4675		102.347
20		0.5		558.4		19.4607		102.401
20		0.5		558.72		19.4593		102.458
20		0.5		559.04		19.4578		102.527
20		0.5		559.36		19.4657		102.588
20		0.5		559.68		19.4576		102.645
20		0.5		560		19.4525		102.707
20		0.5		560.32		19.4461		102.769
20		0.5		560.64		19.4492		102.828
20		0.5		560.96		19.4453		102.893
20		0.5		561.28		19.4481		102.951
20		0.5		561.6		19.4549		103.008
20		0.5		561.92		19.4588		103.064
20		0.5		562.24		19.4596		103.123
20		0.5		562.56		19.4557		103.179
20		0.5		562.88		19.4556		103.238
20		0.5		563.2		19.4604		103.298
20		0.5		563.52		19.4569		103.36
20		0.5		563.84		19.4632		103.421
20		0.5		564.16		19.4632		103.476
20		0.5		564.48		19.4504		103.533
20		0.5		564.8		19.4535		103.593
20		0.5		565.12		19.4565		103.655
20		0.5		565.44		19.4488		103.717
20		0.5		565.76		19.4439		103.78
20		0.5		566.08		19.4507		103.841
20		0.5		566.4		19.4547		103.903
20		0.5		566.72		19.4592		103.968
20		0.5		567.04		19.4614		104.024
20		0.5		567.36		19.4582		104.074
20		0.5		567.68		19.4611		104.132
20		0.5		568		19.4588		104.192
20		0.5		568.32		19.4607		104.253
20		0.5		568.64		19.4623		104.316
20		0.5		568.96		19.4539		104.375
20		0.5		569.28		19.453		104.441
20		0.5		569.6		19.4492		104.497
20		0.5		569.92		19.446		104.554
20		0.5		570.24		19.4451		104.614
20		0.5		570.56		19.4443		104.672
20		0.5		570.88		19.4478		104.732
20		0.5		571.2		19.4526		104.797
20		0.5		571.52		19.4584		104.851
20		0.5		571.84		19.4638		104.907
20		0.5		572.16		19.4559		104.964
20		0.5		572.48		19.451		105.025
20		0.5		572.8		19.4446		105.084
20		0.5		573.12		19.436		105.144
20		0.5		573.44		19.4311		105.203
20		0.5		573.76		19.4374		105.26
20		0.5		574.08		19.4413		105.316
20		0.5		574.4		19.434		105.378
20		0.5		574.72		19.4307		105.431
20		0.5		575.04		19.4259		105.488
20		0.5		575.36		19.424		105.547
20		0.5		575.68		19.4305		105.604
20		0.5		576		19.4193		105.663
20		0.5		576.32		19.4345		105.722
20		0.5		576.64		19.4217		105.783
20		0.5		576.96		19.4343		105.84
20		0.5		577.28		19.429		105.899
20		0.5		577.6		19.432		105.959
20		0.5		577.92		19.4341		106.015
20		0.5		578.24		19.4338		106.071
20		0.5		578.56		19.4275		106.134
20		0.5		578.88		19.4126		106.191
20		0.5		579.2		19.4064		106.246
20		0.5		579.52		19.4057		106.303
20		0.5		579.84		19.4016		106.359
20		0.5		580.16		19.3901		106.421
20		0.5		580.48		19.386		106.48
20		0.5		580.8		19.3909		106.537
20		0.5		581.12		19.3961		106.593
20		0.5		581.44		19.4001		106.65
20		0.5		581.76		19.4085		106.709
20		0.5		582.08		19.4172		106.768
20		0.5		582.4		19.4225		106.823
20		0.5		582.72		19.4237		106.879
20		0.5		583.04		19.4264		106.933
20		0.5		583.36		19.4161		106.994
20		0.5		583.68		19.4103		107.054
20		0.5		584		19.4147		107.11
20		0.5		584.32		19.4246		107.173
20		0.5		584.64		19.4268		107.228
20		0.5		584.96		19.434		107.286
20		0.5		585.28		19.441		107.351
20		0.5		585.6		19.4372		107.404
20		0.5		585.92		19.4338		107.461
20		0.5		586.24		19.4363		107.521
20		0.5		586.56		19.4367		107.572
20		0.5		586.88		19.4406		107.63
20		0.5		587.2		19.4264		107.69
20		0.5		587.52		19.4327		107.752
20		0.5		587.84		19.4329		107.813
20		0.5		588.16		19.4276		107.874
20		0.5		588.48		19.4377		107.929
20		0.5		588.8		19.4454		107.984
20		0.5		589.12		19.4493		108.039
20		0.5		589.44		19.4481		108.102
20		0.5		589.76		19.4464		108.158
20		0.5		590.08		19.4336		108.217
20		0.5		590.4		19.431		108.272
20		0.5		590.72		19.4283		108.334
20		0.5		591.04		19.4305		108.387
20		0.5		591.36		19.4317		108.447
20		0.5		591.68		19.4374		108.501
20		0.5		592		19.434		108.559
20		0.5		592.32		19.428		108.621
20		0.5		592.64		19.4225		108.679
20		0.5		592.96		19.4233		108.741
20		0.5		593.28		19.4221		108.803
20		0.5		593.6		19.4248		108.862
20		0.5		593.92		19.4215		108.917
20		0.5		594.24		19.424		108.976
20		0.5		594.56		19.4198		109.035
20		0.5		594.88		19.417		109.097
20		0.5		595.2		19.4184		109.151
20		0.5		595.52		19.4252		109.209
20		0.5		595.84		19.4224		109.268
20		0.5		596.16		19.419		109.326
20		0.5		596.48		19.4128		109.386
20		0.5		596.8		19.4116		109.444
20		0.5		597.12		19.4122		109.505
20		0.5		597.44		19.4108		109.566
20		0.5		597.76		19.4069		109.624
20		0.5		598.08		19.4092		109.679
20		0.5		598.4		19.4175		109.739
20		0.5		598.72		19.417		109.793
20		0.5		599.04		19.4106		109.855
20		0.5		599.36		19.4018		109.912
20		0.5		599.68		19.4049		109.969
20		0.5		600		19.4062		110.022
20		0.5		600.32		19.3992		110.077
20		0.5		600.64		19.412		110.136
20		0.5		600.96		19.4102		110.195
20		0.5		601.28		19.4164		110.251
20		0.5		601.6		19.415		110.314
20		0.5		601.92		19.421		110.369
20		0.5		602.24		19.4225		110.428
20		0.5		602.56		19.4375		110.487
20		0.5		602.88		19.4403		110.545
20		0.5		603.2		19.4351		110.603
20		0.5		603.52		19.4475		110.658
20		0.5		603.84		19.4468		110.717
20		0.5		604.16		19.4412		110.774
20		0.5		604.48		19.4453		110.835
20		0.5		604.8		19.4509		110.899
20		0.5		605.12		19.4503		110.955
20		0.5		605.44		19.449		111.015
20		0.5		605.76		19.4478		111.077
20		0.5		606.08		19.4355		111.136
20		0.5		606.4		19.4341		111.196
20		0.5		606.72		19.437		111.254
20		0.5		607.04		19.4403		111.315
20		0.5		607.36		19.435		111.376
20		0.5		607.68		19.4271		111.433
20		0.5		608		19.4313		111.494
20		0.5		608.32		19.4325		111.553
20		0.5		608.64		19.4255		111.61
20		0.5		608.96		19.4274		111.667
20		0.5		609.28		19.4241		111.723
20		0.5		609.6		19.4256		111.782
20		0.5		609.92		19.4311		111.838
20		0.5		610.24		19.435		111.901
20		0.5		610.56		19.4414		111.957
20		0.5		610.88		19.4414		112.017
20		0.5		611.2		19.4392		112.072
20		0.5		611.52		19.4508		112.134
20		0.5		611.84		19.4438		112.191
20		0.5		612.16		19.441		112.253
20		0.5		612.48		19.4385		112.308
20		0.5		612.8		19.442		112.366
20		0.5		613.12		19.4473		112.428
20		0.5		613.44		19.448		112.486
20		0.5		613.76		19.4568		112.548
20		0.5		614.08		19.457		112.603
20		0.5		614.4		19.4534		112.658
20		0.5		614.72		19.4535		112.721
20		0.5		615.04		19.4464		112.78
20		0.5		615.36		19.4388		112.847
20		0.5		615.68		19.4411		112.903
20		0.5		616		19.4517		112.956
20		0.5		616.32		19.4535		113.016
20		0.5		616.64		19.4619		113.079
20		0.5		616.96		19.453		113.139
20		0.5		617.28		19.4442		113.199
20		0.5		617.6		19.4471		113.259
20		0.5		617.92		19.4498		113.316
20		0.5		618.24		19.4508		113.374
20		0.5		618.56		19.4578		113.432
20		0.5		618.88		19.4704		113.492
20		0.5		619.2		19.4729		113.555
20		0.5		619.52		19.4716		113.611
20		0.5		619.84		19.477		113.667
20		0.5		620.16		19.4635		113.724
20		0.5		620.48		19.4578		113.784
20		0.5		620.8		19.4577		113.839
20		0.5		621.12		19.4607		113.899
20		0.5		621.44		19.4644		113.965
20		0.5		621.76		19.468		114.028
20		0.5		622.08		19.4649		114.083
20		0.5		622.4		19.4659		114.14
20		0.5		622.72		19.4695		114.199
20		0.5		623.04		19.4624		114.254
20		0.5		623.36		19.4667		114.312
20		0.5		623.68		19.4636		114.371
20		0.5		624		19.4557		114.429
20		0.5		624.32		19.461		114.489
20		0.5		624.64		19.4656		114.55
20		0.5		624.96		19.469		114.605
20		0.5		625.28		19.4724		114.66
20		0.5		625.6		19.4669		114.718
20		0.5		625.92		19.4657		114.775
20		0.5		626.24		19.4714		114.835
20		0.5		626.56		19.4688		114.897
20		0.5		626.88		19.4602		114.955
20		0.5		627.2		19.4544		115.007
20		0.5		627.52		19.4529		115.061
20		0.5		627.84		19.4479		115.12
20		0.5		628.16		19.4449		115.177
20		0.5		628.48		19.4453		115.239
20		0.5		628.8		19.4417		115.296
20		0.5		629.12		19.4412		115.352
20		0.5		629.44		19.4367		115.412
20		0.5		629.76		19.4247		115.474
20		0.5		630.08		19.4315		115.534
20		0.5		630.4		19.446		115.588
20		0.5		630.72		19.4456		115.646
20		0.5		631.04		19.4556		115.704
20		0.5		631.36		19.4573		115.766
20		0.5		631.68		19.4589		115.823
20		0.5		632		19.463		115.884
20		0.5		632.32		19.4601		115.945
20		0.5		632.64		19.469		116.004
20		0.5		632.96		19.4575		116.062
20		0.5		633.28		19.4656		116.121
20		0.5		633.6		19.4692		116.185
20		0.5		633.92		19.4724		116.237
20		0.5		634.24		19.4627		116.296
20		0.5		634.56		19.4606		116.358
20		0.5		634.88		19.4642		116.418
20		0.5		635.2		19.4525		116.474
20		0.5		635.52		19.4542		116.53
20		0.5		635.84		19.4591		116.583
20		0.5		636.16		19.4534		116.643
20		0.5		636.48		19.4494		116.698
20		0.5		636.8		19.4457		116.761
20		0.5		637.12		19.4506		116.818
20		0.5		637.44		19.4454		116.878
20		0.5		637.76		19.45		116.94
20		0.5		638.08		19.4389		116.998
20		0.5		638.4		19.4454		117.054
20		0.5		638.72		19.4346		117.115
20		0.5		639.04		19.4324		117.174
20		0.5		639.36		19.4402		117.233
20		0.5		639.68		19.4386		117.288
20		0.5		640		19.4369		117.349
20		0.5		640.32		19.4368		117.411
20		0.5		640.64		19.4378		117.465
20		0.5		640.96		19.4345		117.524
20		0.5		641.28		19.4279		117.581
20		0.5		641.6		19.4272		117.641
20		0.5		641.92		19.4228		117.7
20		0.5		642.24		19.4295		117.757
20		0.5		642.56		19.4263		117.816
20		0.5		642.88		19.4352		117.871
20		0.5		643.2		19.4317		117.93
20		0.5		643.52		19.43		117.992
20		0.5		643.84		19.4403		118.049
20		0.5		644.16		19.4422		118.104
20		0.5		644.48		19.449		118.163
20		0.5		644.8		19.4485		118.222
20		0.5		645.12		19.4417		118.283
20		0.5		645.44		19.4347		118.344
20		0.5		645.76		19.4398		118.397
20		0.5		646.08		19.4323		118.454
20		0.5		646.4		19.4372		118.51
20		0.5		646.72		19.4412		118.568
20		0.5		647.04		19.4419		118.625
20		0.5		647.36		19.4385		118.684
20		0.5		647.68		19.4308		118.743
20		0.5		648		19.4317		118.804
20		0.5		648.32		19.4286		118.863
20		0.5		648.64		19.4298		118.918
20		0.5		648.96		19.4343		118.975
20		0.5		649.28		19.4305		119.027
20		0.5		649.6		19.4359		119.09
20		0.5		649.92		19.4419		119.146
20		0.5		650.24		19.4447		119.205
20		0.5		650.56		19.4565		119.266
20		0.5		650.88		19.4616		119.327
20		0.5		651.2		19.4606		119.386
20		0.5		651.52		19.4567		119.446
20		0.5		651.84		19.4587		119.503
20		0.5		652.16		19.4603		119.561
20		0.5		652.48		19.4667		119.619
20		0.5		652.8		19.4612		119.677
20		0.5		653.12		19.4624		119.733
20		0.5		653.44		19.454		119.79
20		0.5		653.76		19.4477		119.852
20		0.5		654.08		19.4366		119.914
20		0.5		654.4		19.4306		119.97
20		0.5		654.72		19.4289		120.03
20		0.5		655.04		19.4304		120.087
20		0.5		655.36		19.4347		120.146
20		0.5		655.68		19.4363		120.21
20		0.5		656		19.4415		120.268
20		0.5		656.32		19.445		120.327
20		0.5		656.64		19.4372		120.385
20		0.5		656.96		19.4355		120.441
20		0.5		657.28		19.443		120.505
20		0.5		657.6		19.4415		120.567
20		0.5		657.92		19.4421		120.62
20		0.5		658.24		19.4434		120.678
20		0.5		658.56		19.4394		120.74
20		0.5		658.88		19.4392		120.797
20		0.5		659.2		19.4385		120.857
20		0.5		659.52		19.4369		120.917
20		0.5		659.84		19.4366		120.974
20		0.5		660.16		19.4291		121.032
20		0.5		660.48		19.4204		121.096
20		0.5		660.8		19.4196		121.155
20		0.5		661.12		19.4212		121.213
20		0.5		661.44		19.4198		121.271
20		0.5		661.76		19.4113		121.324
20		0.5		662.08		19.4034		121.382
20		0.5		662.4		19.4028		121.442
20		0.5		662.72		19.4005		121.504
20		0.5		663.04		19.4046		121.562
20		0.5		663.36		19.4012		121.621
20		0.5		663.68		19.3933		121.676
20		0.5		664		19.394		121.738
20		0.5		664.32		19.3825		121.793
20		0.5		664.64		19.3943		121.854
20		0.5		664.96		19.3909		121.912
20		0.5		665.28		19.3898		121.968
20		0.5		665.6		19.3826		122.024
20		0.5		665.92		19.3755		122.085
20		0.5		666.24		19.3844		122.142
20		0.5		666.56		19.3832		122.2
20		0.5		666.88		19.3694		122.26
20		0.5		667.2		19.3703		122.318
20		0.5		667.52		19.3607		122.372
20		0.5		667.84		19.3675		122.431
20		0.5		668.16		19.3634		122.494
20		0.5		668.48		19.376		122.553
20		0.5		668.8		19.3813		122.605
20		0.5		669.12		19.3858		122.666
20		0.5		669.44		19.3693		122.726
20		0.5		669.76		19.3578		122.789
20		0.5		670.08		19.3614		122.85
20		0.5		670.4		19.3581		122.909
20		0.5		670.72		19.3567		122.966
20		0.5		671.04		19.3643		123.021
20		0.5		671.36		19.3666		123.079
20		0.5		671.68		19.3622		123.141
20		0.5		672		19.3704		123.201
20		0.5		672.32		19.3725		123.256
20		0.5		672.64		19.3678		123.313
20		0.5		672.96		19.3624		123.373
20		0.5		673.28		19.3613		123.431
20		0.5		673.6		19.3677		123.489
20		0.5		673.92		19.3657		123.551
20		0.5		674.24		19.3674		123.607
20		0.5		674.56		19.3605		123.666
20		0.5		674.88		19.3603		123.723
20		0.5		675.2		19.3708		123.774
20		0.5		675.52		19.3697		123.836
20		0.5		675.84		19.362		123.896
20		0.5		676.16		19.3524		123.955
20		0.5		676.48		19.3449		124.012
20		0.5		676.8		19.3482		124.069
20		0.5		677.12		19.3535		124.131
20		0.5		677.44		19.3513		124.191
20		0.5		677.76		19.348		124.244
20		0.5		678.08		19.3427		124.301
20		0.5		678.4		19.3521		124.362
20		0.5		678.72		19.3472		124.419
20		0.5		679.04		19.3531		124.475
20		0.5		679.36		19.342		124.532
20		0.5		679.68		19.3462		124.594
20		0.5		680		19.3439		124.654
20		0.5		680.32		19.3409		124.709
20		0.5		680.64		19.3466		124.768
20		0.5		680.96		19.347		124.826
20		0.5		681.28		19.3435		124.885
20		0.5		681.6		19.3381		124.945
20		0.5		681.92		19.329		125.004
20		0.5		682.24		19.335		125.067
20		0.5		682.56		19.3389		125.127
20		0.5		682.88		19.3424		125.186
20		0.5		683.2		19.3412		125.242
20		0.5		683.52		19.3379		125.304
20		0.5		683.84		19.3312		125.365
20		0.5		684.16		19.3296		125.424
20		0.5		684.48		19.3144		125.486
20		0.5		684.8		19.3176		125.547
20		0.5		685.12		19.3258		125.607
20		0.5		685.44		19.3133		125.66
20		0.5		685.76		19.3253		125.719
20		0.5		686.08		19.3225		125.776
20		0.5		686.4		19.3204		125.837
20		0.5		686.72		19.3236		125.895
20		0.5		687.04		19.3262		125.957
20		0.5		687.36		19.3323		126.016
20		0.5		687.68		19.3273		126.07
20		0.5		688		19.3318		126.129
20		0.5		688.32		19.3255		126.187
20		0.5		688.64		19.3319		126.25
20		0.5		688.96		19.3273		126.305
20		0.5		689.28		19.3235		126.363
20		0.5		689.6		19.3177		126.42
20		0.5		689.92		19.3099		126.485
20		0.5		690.24		19.3054		126.542
20		0.5		690.56		19.3103		126.603
20		0.5		690.88		19.3055		126.661
20		0.5		691.2		19.3062		126.72
20		0.5		691.52		19.3038		126.779
20		0.5		691.84		19.296		126.838
20		0.5		692.16		19.2942		126.896
20		0.5		692.48		19.292		126.95
20		0.5		692.8		19.2854		127.009
20		0.5		693.12		19.2817		127.069
20		0.5		693.44		19.2721		127.127
20		0.5		693.76		19.2747		127.184
20		0.5		694.08		19.2791		127.24
20		0.5		694.4		19.2818		127.3
20		0.5		694.72		19.295		127.366
20		0.5		695.04		19.3054		127.429
20		0.5		695.36		19.306		127.485
20		0.5		695.68		19.304		127.543
20		0.5		696		19.3056		127.6
20		0.5		696.32		19.3109		127.66
20		0.5		696.64		19.3066		127.715
20		0.5		696.96		19.3095		127.774
20		0.5		697.28		19.3083		127.831
20		0.5		697.6		19.311		127.886
20		0.5		697.92		19.3077		127.938
20		0.5		698.24		19.3054		127.994
20		0.5		698.56		19.3066		128.049
20		0.5		698.88		19.3155		128.112
20		0.5		699.2		19.3233		128.173
20		0.5		699.52		19.3279		128.231
20		0.5		699.84		19.3245		128.291
20		0.5		700.16		19.3185		128.349
20		0.5		700.48		19.3156		128.406
20		0.5		700.8		19.317		128.465
20		0.5		701.12		19.3103		128.518
20		0.5		701.44		19.3077		128.578
20		0.5		701.76		19.3089		128.641
20		0.5		702.08		19.3144		128.7
20		0.5		702.4		19.3225		128.759
20		0.5		702.72		19.315		128.817
20		0.5		703.04		19.3105		128.876
20		0.5		703.36		19.3076		128.931
20		0.5		703.68		19.2954		128.99
20		0.5		704		19.3003		129.044
20		0.5		704.32		19.3112		129.107
20		0.5		704.64		19.3127		129.162
20		0.5		704.96		19.3068		129.224
20		0.5		705.28		19.3056		129.286
20		0.5		705.6		19.3023		129.34
20		0.5		705.92		19.2905		129.402
20		0.5		706.24		19.3001		129.462
20		0.5		706.56		19.3114		129.518
20		0.5		706.88		19.3128		129.581
20		0.5		707.2		19.3162		129.639
20		0.5		707.52		19.3048		129.701
20		0.5		707.84		19.3052		129.76
20		0.5		708.16		19.3009		129.82
20		0.5		708.48		19.3025		129.879
20		0.5		708.8		19.3095		129.935
20		0.5		709.12		19.3155		129.993
20		0.5		709.44		19.3193		130.05
20		0.5		709.76		19.3248		130.106
20		0.5		710.08		19.3317		130.164
20		0.5		710.4		19.3392		130.223
20		0.5		710.72		19.3447		130.28
20		0.5		711.04		19.3437		130.339
20		0.5		711.36		19.34		130.396
20		0.5		711.68		19.3326		130.457
20		0.5		712		19.334		130.517
20		0.5		712.32		19.3436		130.573
20		0.5		712.64		19.3501		130.63
20		0.5		712.96		19.3524		130.69
20		0.5		713.28		19.3482		130.752
20		0.5		713.6		19.351		130.81
20		0.5		713.92		19.3471		130.87
20		0.5		714.24		19.3477		130.931
20		0.5		714.56		19.3446		130.989
20		0.5		714.88		19.3427		131.05
20		0.5		715.2		19.3442		131.108
20		0.5		715.52		19.3414		131.165
20		0.5		715.84		19.3348		131.223
20		0.5		716.16		19.3237		131.279
20		0.5		716.48		19.3225		131.337
20		0.5		716.8		19.3199		131.398
20		0.5		717.12		19.3174		131.458
20		0.5		717.44		19.3163		131.519
20		0.5		717.76		19.3214		131.58
20		0.5		718.08		19.3305		131.641
20		0.5		718.4		19.3176		131.703
20		0.5		718.72		19.3263		131.76
20		0.5		719.04		19.3236		131.821
20		0.5		719.36		19.313		131.883
20		0.5		719.68		19.3132		131.941
20		0.5		720		19.3084		131.999
20		0.5		720.32		19.3118		132.056
20		0.5		720.64		19.3106		132.11
20		0.5		720.96		19.3039		132.169
20		0.5		721.28		19.2957		132.224
20		0.5		721.6		19.2885		132.287
20		0.5		721.92		19.2874		132.344
20		0.5		722.24		19.2869		132.404
20		0.5		722.56		19.2972		132.46
20		0.5		722.88		19.2989		132.519
20		0.5		723.2		19.2993		132.58
20		0.5		723.52		19.3016		132.64
20		0.5		723.84		19.3033		132.697
20		0.5		724.16		19.3016		132.76
20		0.5		724.48		19.3134		132.822
20		0.5		724.8		19.3075		132.881
20		0.5		725.12		19.3135		132.94
20		0.5		725.44		19.3016		132.995
20		0.5		725.76		19.3089		133.056
20		0.5		726.08		19.3091		133.112
20		0.5		726.4		19.3123		133.167
20		0.5		726.72		19.328		133.222
20		0.5		727.04		19.3171		133.282
20		0.5		727.36		19.3163		133.343
20		0.5		727.68		19.3202		133.399
20		0.5		728		19.323		133.457
20		0.5		728.32		19.3243		133.515
20		0.5		728.64		19.32		133.574
20		0.5		728.96		19.3227		133.635
20		0.5		729.28		19.3261		133.697
20		0.5		729.6		19.3195		133.757
20		0.5		729.92		19.3253		133.82
20		0.5		730.24		19.3304		133.876
20		0.5		730.56		19.3348		133.934
20		0.5		730.88		19.3384		133.99
20		0.5		731.2		19.3443		134.051
20		0.5		731.52		19.3467		134.115
20		0.5		731.84		19.3534		134.174
20		0.5		732.16		19.3442		134.233
20		0.5		732.48		19.3494		134.287
20		0.5		732.8		19.3455		134.344
20		0.5		733.12		19.3415		134.404
20		0.5		733.44		19.3451		134.46
20		0.5		733.76		19.3531		134.517
20		0.5		734.08		19.3592		134.575
20		0.5		734.4		19.3626		134.637
20		0.5		734.72		19.3683		134.695
20		0.5		735.04		19.3772		134.755
20		0.5		735.36		19.3885		134.817
20		0.5		735.68		19.3839		134.877
20		0.5		736		19.3779		134.934
20		0.5		736.32		19.3806		134.992
20		0.5		736.64		19.3797		135.054
20		0.5		736.96		19.3773		135.112
20		0.5		737.28		19.3814		135.173
20		0.5		737.6		19.3891		135.232
20		0.5		737.92		19.3859		135.292
20		0.5		738.24		19.3771		135.348
20		0.5		738.56		19.3854		135.405
20		0.5		738.88		19.3741		135.463
20		0.5		739.2		19.3779		135.519
20		0.5		739.52		19.3787		135.582
20		0.5		739.84		19.3687		135.644
20		0.5		740.16		19.3718		135.704
20		0.5		740.48		19.3706		135.764
20		0.5		740.8		19.3679		135.823
20		0.5		741.12		19.3632		135.885
20		0.5		741.44		19.3507		135.944
20		0.5		741.76		19.3522		136.008
20		0.5		742.08		19.3562		136.066
20		0.5		742.4		19.3571		136.123
20		0.5		742.72		19.3553		136.183
20		0.5		743.04		19.3613		136.242
20		0.5		743.36		19.3632		136.3
20		0.5		743.68		19.3572		136.36
20		0.5		744		19.3532		136.419
20		0.5		744.32		19.3542		136.475
20		0.5		744.64		19.3473		136.534
20		0.5		744.96		19.3545		136.592
20		0.5		745.28		19.3512		136.649
20		0.5		745.6		19.3564		136.704
20		0.5		745.92		19.3551		136.764
20		0.5		746.24		19.3504		136.819
20		0.5		746.56		19.3434		136.878
20		0.5		746.88		19.3372		136.937
20		0.5		747.2		19.3319		136.992
20		0.5		747.52		19.3375		137.048
20		0.5		747.84		19.3332		137.11
20		0.5		748.16		19.3353		137.166
20		0.5		748.48		19.3315		137.225
20		0.5		748.8		19.3361		137.285
20		0.5		749.12		19.335		137.346
20		0.5		749.44		19.3332		137.409
20		0.5		749.76		19.3361		137.468
20		0.5		750.08		19.335		137.528
20		0.5		750.4		19.3267		137.586
20		0.5		750.72		19.3094		137.646
20		0.5		751.04		19.32		137.704
20		0.5		751.36		19.3323		137.762
20		0.5		751.68		19.3289		137.822
20		0.5		752		19.328		137.881
20		0.5		752.32		19.3298		137.939
20		0.5		752.64		19.3307		138
20		0.5		752.96		19.3171		138.054
20		0.5		753.28		19.3195		138.115
20		0.5		753.6		19.3184		138.172
20		0.5		753.92		19.3206		138.227
20		0.5		754.24		19.3264		138.286
20		0.5		754.56		19.3228		138.343
20		0.5		754.88		19.3266		138.395
20		0.5		755.2		19.3316		138.453
20		0.5		755.52		19.3218		138.517
20		0.5		755.84		19.3237		138.575
20		0.5		756.16		19.3248		138.63
20		0.5		756.48		19.3207		138.689
20		0.5		756.8		19.3266		138.748
20		0.5		757.12		19.3227		138.806
20		0.5		757.44		19.3118		138.862
20		0.5		757.76		19.3128		138.923
20		0.5		758.08		19.3263		138.98
20		0.5		758.4		19.3267		139.042
20		0.5		758.72		19.3273		139.1
20		0.5		759.04		19.3203		139.157
20		0.5		759.36		19.33		139.215
20		0.5		759.68		19.3387		139.276
20		0.5		760		19.3433		139.332
20		0.5		760.32		19.3499		139.393
20		0.5		760.64		19.3511		139.449
20		0.5		760.96		19.3389		139.509
20		0.5		761.28		19.3468		139.562
20		0.5		761.6		19.3532		139.622
20		0.5		761.92		19.3604		139.68
20		0.5		762.24		19.3553		139.738
20		0.5		762.56		19.3517		139.798
20		0.5		762.88		19.3376		139.855
20		0.5		763.2		19.3304		139.912
20		0.5		763.52		19.3312		139.973
20		0.5		763.84		19.3337		140.031
20		0.5		764.16		19.3436		140.095
20		0.5		764.48		19.3429		140.148
20		0.5		764.8		19.333		140.206
20		0.5		765.12		19.3396		140.259
20		0.5		765.44		19.3384		140.315
20		0.5		765.76		19.3474		140.373
20		0.5		766.08		19.344		140.432
20		0.5		766.4		19.3377		140.488
20		0.5		766.72		19.3346		140.547
20		0.5		767.04		19.339		140.603
20		0.5		767.36		19.3356		140.661
20		0.5		767.68		19.3399		140.724
20		0.5		768		19.3402		140.78
20		0.5		768.32		19.3408		140.837
20		0.5		768.64		19.343		140.893
20		0.5		768.96		19.3422		140.949
20		0.5		769.28		19.338		141.005
20		0.5		769.6		19.3426		141.059
20		0.5		769.92		19.3478		141.119
20		0.5		770.24		19.3457		141.179
20		0.5		770.56		19.3489		141.237
20		0.5		770.88		19.3457		141.294
20		0.5		771.2		19.3362		141.35
20		0.5		771.52		19.3316		141.41
20		0.5		771.84		19.3149		141.471
20		0.5		772.16		19.3242		141.533
20		0.5		772.48		19.3237		141.591
20		0.5		772.8		19.3266		141.651
20		0.5		773.12		19.3195		141.711
20		0.5		773.44		19.3221		141.762
20		0.5		773.76		19.3284		141.812
20		0.5		774.08		19.3329		141.871
20		0.5		774.4		19.3329		141.93
20		0.5		774.72		19.3364		141.993
20		0.5		775.04		19.3314		142.05
20		0.5		775.36		19.3371		142.106
20		0.5		775.68		19.3273		142.16
20		0.5		776		19.3189		142.22
20		0.5		776.32		19.3193		142.281
20		0.5		776.64		19.3147		142.341
20		0.5		776.96		19.3148		142.399
20		0.5		777.28		19.3157		142.457
20		0.5		777.6		19.3142		142.512
20		0.5		777.92		19.316		142.564
20		0.5		778.24		19.3044		142.622
20		0.5		778.56		19.3135		142.68
20		0.5		778.88		19.3125		142.74
20		0.5		779.2		19.314		142.797
20		0.5		779.52		19.3089		142.858
20		0.5		779.84		19.3157		142.918
20		0.5		780.16		19.3093		142.978
20		0.5		780.48		19.3141		143.036
20		0.5		780.8		19.3094		143.099
20		0.5		781.12		19.3089		143.159
20		0.5		781.44		19.311		143.215
20		0.5		781.76		19.2997		143.275
20		0.5		782.08		19.2989		143.33
20		0.5		782.4		19.3007		143.392
20		0.5		782.72		19.3077		143.447
20		0.5		783.04		19.3021		143.505
20		0.5		783.36		19.3014		143.563
20		0.5		783.68		19.2996		143.622
20		0.5		784		19.2982		143.678
20		0.5		784.32		19.2972		143.739
20		0.5		784.64		19.3082		143.794
20		0.5		784.96		19.3083		143.849
20		0.5		785.28		19.2992		143.912
20		0.5		785.6		19.3008		143.968
20		0.5		785.92		19.3077		144.022
20		0.5		786.24		19.3027		144.081
20		0.5		786.56		19.3078		144.138
20		0.5		786.88		19.312		144.201
20		0.5		787.2		19.3059		144.264
20		0.5		787.52		19.3039		144.326
20		0.5		787.84		19.31		144.386
20		0.5		788.16		19.3138		144.443
20		0.5		788.48		19.3141		144.504
20		0.5		788.8		19.3177		144.563
20		0.5		789.12		19.3292		144.62
20		0.5		789.44		19.3273		144.675
20		0.5		789.76		19.3274		144.733
20		0.5		790.08		19.3245		144.789
20		0.5		790.4		19.3166		144.844
20		0.5		790.72		19.3203		144.9
20		0.5		791.04		19.3262		144.955
20		0.5		791.36		19.3286		145.013
20		0.5		791.68		19.3311		145.072
20		0.5		792		19.3331		145.131
20		0.5		792.32		19.3412		145.19
20		0.5		792.64		19.3549		145.246
20		0.5		792.96		19.3534		145.304
20		0.5		793.28		19.3422		145.359
20		0.5		793.6		19.342		145.42
20		0.5		793.92		19.3377		145.482
20		0.5		794.24		19.3248		145.54
20		0.5		794.56		19.3322		145.602
20		0.5		794.88		19.3505		145.666
20		0.5		795.2		19.3601		145.724
20		0.5		795.52		19.3575		145.79
20		0.5		795.84		19.3668		145.856
20		0.5		796.16		19.3607		145.922
20		0.5		796.48		19.3721		145.985
20		0.5		796.8		19.3685		146.047
20		0.5		797.05		19.3603		146.1
