#########################################################################
#Electron Drift Line StepTime=0.32us at rIN=20cm				#
#rIN_cm		zIN_cm		DriftTimeIN_us	rOUT_cm		z_OUT_cm#
#########################################################################
20		0.5		0.32		20.0074		0.559906
20		0.5		0.64		20.0105		0.616715
20		0.5		0.96		20.0058		0.674675
20		0.5		1.28		20.0088		0.734933
20		0.5		1.6		19.9988		0.794468
20		0.5		1.92		19.9958		0.850354
20		0.5		2.24		19.9969		0.911245
20		0.5		2.56		20.0019		0.971146
20		0.5		2.88		19.9996		1.02706
20		0.5		3.2		19.994		1.08767
20		0.5		3.52		19.9929		1.14647
20		0.5		3.84		19.9927		1.20824
20		0.5		4.16		19.9972		1.2671
20		0.5		4.48		19.9906		1.32789
20		0.5		4.8		19.9756		1.38816
20		0.5		5.12		19.9703		1.44882
20		0.5		5.44		19.9736		1.50988
20		0.5		5.76		19.9618		1.56578
20		0.5		6.08		19.9567		1.62559
20		0.5		6.4		19.9545		1.67861
20		0.5		6.72		19.9533		1.73539
20		0.5		7.04		19.9441		1.79306
20		0.5		7.36		19.9381		1.84753
20		0.5		7.68		19.9512		1.90414
20		0.5		8		19.9598		1.95794
20		0.5		8.32		19.9614		2.01776
20		0.5		8.64		19.9623		2.07387
20		0.5		8.96		19.957		2.13584
20		0.5		9.28		19.9604		2.19606
20		0.5		9.6		19.959		2.25442
20		0.5		9.92		19.9565		2.31692
20		0.5		10.24		19.9608		2.37658
20		0.5		10.56		19.9645		2.43715
20		0.5		10.88		19.9583		2.4933
20		0.5		11.2		19.956		2.54981
20		0.5		11.52		19.9552		2.61035
20		0.5		11.84		19.9554		2.66824
20		0.5		12.16		19.9487		2.72355
20		0.5		12.48		19.9452		2.77787
20		0.5		12.8		19.9477		2.83301
20		0.5		13.12		19.9446		2.892
20		0.5		13.44		19.938		2.95036
20		0.5		13.76		19.9319		3.00718
20		0.5		14.08		19.9336		3.06467
20		0.5		14.4		19.9329		3.12237
20		0.5		14.72		19.9257		3.18635
20		0.5		15.04		19.9241		3.24568
20		0.5		15.36		19.9254		3.30855
20		0.5		15.68		19.9355		3.36662
20		0.5		16		19.9335		3.42479
20		0.5		16.32		19.9353		3.4813
20		0.5		16.64		19.931		3.53485
20		0.5		16.96		19.9262		3.59634
20		0.5		17.28		19.9243		3.65288
20		0.5		17.6		19.9294		3.71218
20		0.5		17.92		19.9241		3.76934
20		0.5		18.24		19.9171		3.82572
20		0.5		18.56		19.9137		3.88555
20		0.5		18.88		19.9162		3.94105
20		0.5		19.2		19.923		3.99823
20		0.5		19.52		19.9253		4.05934
20		0.5		19.84		19.932		4.11516
20		0.5		20.16		19.939		4.17214
20		0.5		20.48		19.9353		4.22483
20		0.5		20.8		19.9314		4.2868
20		0.5		21.12		19.9272		4.34618
20		0.5		21.44		19.9162		4.40611
20		0.5		21.76		19.9028		4.46357
20		0.5		22.08		19.8908		4.52074
20		0.5		22.4		19.8909		4.58073
20		0.5		22.72		19.8974		4.63513
20		0.5		23.04		19.892		4.6902
20		0.5		23.36		19.8936		4.74572
20		0.5		23.68		19.9025		4.8046
20		0.5		24		19.8927		4.86473
20		0.5		24.32		19.8958		4.92408
20		0.5		24.64		19.8958		4.98095
20		0.5		24.96		19.8997		5.03893
20		0.5		25.28		19.8939		5.09245
20		0.5		25.6		19.8978		5.15266
20		0.5		25.92		19.8987		5.21063
20		0.5		26.24		19.8917		5.267
20		0.5		26.56		19.9028		5.32315
20		0.5		26.88		19.9017		5.38211
20		0.5		27.2		19.9009		5.44537
20		0.5		27.52		19.8955		5.50138
20		0.5		27.84		19.8968		5.55923
20		0.5		28.16		19.8818		5.61841
20		0.5		28.48		19.8878		5.67537
20		0.5		28.8		19.8917		5.72896
20		0.5		29.12		19.8848		5.78605
20		0.5		29.44		19.8843		5.83875
20		0.5		29.76		19.8737		5.90003
20		0.5		30.08		19.8807		5.95846
20		0.5		30.4		19.8881		6.01494
20		0.5		30.72		19.8828		6.07403
20		0.5		31.04		19.8829		6.12976
20		0.5		31.36		19.8814		6.19042
20		0.5		31.68		19.8841		6.24561
20		0.5		32		19.8747		6.30425
20		0.5		32.32		19.8785		6.36119
20		0.5		32.64		19.8715		6.42179
20		0.5		32.96		19.8629		6.48167
20		0.5		33.28		19.8535		6.5391
20		0.5		33.6		19.8572		6.59344
20		0.5		33.92		19.8657		6.6513
20		0.5		34.24		19.8677		6.71114
20		0.5		34.56		19.8566		6.76999
20		0.5		34.88		19.8484		6.82701
20		0.5		35.2		19.8451		6.88642
20		0.5		35.52		19.8532		6.93516
20		0.5		35.84		19.8551		6.99116
20		0.5		36.16		19.8574		7.05193
20		0.5		36.48		19.8627		7.11432
20		0.5		36.8		19.8742		7.17122
20		0.5		37.12		19.8712		7.22665
20		0.5		37.44		19.8723		7.29232
20		0.5		37.76		19.8769		7.3528
20		0.5		38.08		19.8747		7.41102
20		0.5		38.4		19.8781		7.47085
20		0.5		38.72		19.8804		7.5274
20		0.5		39.04		19.8793		7.58692
20		0.5		39.36		19.8826		7.63844
20		0.5		39.68		19.8862		7.69604
20		0.5		40		19.8794		7.75513
20		0.5		40.32		19.8762		7.81486
20		0.5		40.64		19.873		7.87555
20		0.5		40.96		19.8689		7.932
20		0.5		41.28		19.8791		7.99293
20		0.5		41.6		19.877		8.04804
20		0.5		41.92		19.8743		8.10526
20		0.5		42.24		19.8747		8.16532
20		0.5		42.56		19.872		8.22351
20		0.5		42.88		19.8772		8.2845
20		0.5		43.2		19.8773		8.34169
20		0.5		43.52		19.8778		8.39956
20		0.5		43.84		19.8733		8.45281
20		0.5		44.16		19.8705		8.51078
20		0.5		44.48		19.8738		8.56583
20		0.5		44.8		19.8751		8.62478
20		0.5		45.12		19.8787		8.67961
20		0.5		45.44		19.8739		8.73375
20		0.5		45.76		19.877		8.79362
20		0.5		46.08		19.877		8.85232
20		0.5		46.4		19.8786		8.91067
20		0.5		46.72		19.8699		8.96976
20		0.5		47.04		19.8657		9.02454
20		0.5		47.36		19.8672		9.08296
20		0.5		47.68		19.8622		9.14247
20		0.5		48		19.8603		9.20887
20		0.5		48.32		19.8653		9.26813
20		0.5		48.64		19.8693		9.32859
20		0.5		48.96		19.8666		9.39112
20		0.5		49.28		19.8634		9.45248
20		0.5		49.6		19.861		9.51195
20		0.5		49.92		19.8626		9.5696
20		0.5		50.24		19.8727		9.63046
20		0.5		50.56		19.864		9.69105
20		0.5		50.88		19.8693		9.7465
20		0.5		51.2		19.8737		9.8053
20		0.5		51.52		19.8726		9.86564
20		0.5		51.84		19.869		9.92312
20		0.5		52.16		19.8698		9.98425
20		0.5		52.48		19.8622		10.0387
20		0.5		52.8		19.8478		10.103
20		0.5		53.12		19.843		10.1601
20		0.5		53.44		19.8524		10.2155
20		0.5		53.76		19.8447		10.271
20		0.5		54.08		19.8468		10.3296
20		0.5		54.4		19.8486		10.3884
20		0.5		54.72		19.8482		10.4511
20		0.5		55.04		19.8497		10.5123
20		0.5		55.36		19.8556		10.5736
20		0.5		55.68		19.8515		10.6308
20		0.5		56		19.8543		10.6857
20		0.5		56.32		19.849		10.742
20		0.5		56.64		19.844		10.7984
20		0.5		56.96		19.8483		10.8574
20		0.5		57.28		19.8576		10.9117
20		0.5		57.6		19.8551		10.9711
20		0.5		57.92		19.8591		11.0325
20		0.5		58.24		19.8599		11.0888
20		0.5		58.56		19.8679		11.1464
20		0.5		58.88		19.864		11.204
20		0.5		59.2		19.8583		11.2644
20		0.5		59.52		19.8537		11.3179
20		0.5		59.84		19.86		11.3693
20		0.5		60.16		19.8551		11.4306
20		0.5		60.48		19.8592		11.4863
20		0.5		60.8		19.8533		11.541
20		0.5		61.12		19.8673		11.5981
20		0.5		61.44		19.8647		11.656
20		0.5		61.76		19.86		11.7121
20		0.5		62.08		19.8512		11.7684
20		0.5		62.4		19.8491		11.8296
20		0.5		62.72		19.8483		11.8844
20		0.5		63.04		19.8384		11.9447
20		0.5		63.36		19.8182		12.0051
20		0.5		63.68		19.8103		12.0661
20		0.5		64		19.8067		12.1294
20		0.5		64.32		19.809		12.1881
20		0.5		64.64		19.8193		12.2465
20		0.5		64.96		19.8141		12.3073
20		0.5		65.28		19.8055		12.3674
20		0.5		65.6		19.7999		12.4247
20		0.5		65.92		19.7883		12.4807
20		0.5		66.24		19.7938		12.5418
20		0.5		66.56		19.7902		12.5978
20		0.5		66.88		19.795		12.6567
20		0.5		67.2		19.803		12.7137
20		0.5		67.52		19.7999		12.7722
20		0.5		67.84		19.7931		12.8307
20		0.5		68.16		19.7929		12.8854
20		0.5		68.48		19.7941		12.9486
20		0.5		68.8		19.7937		13.0076
20		0.5		69.12		19.8046		13.0631
20		0.5		69.44		19.8138		13.1206
20		0.5		69.76		19.8047		13.1788
20		0.5		70.08		19.797		13.2375
20		0.5		70.4		19.7984		13.2943
20		0.5		70.72		19.7928		13.3524
20		0.5		71.04		19.7919		13.4069
20		0.5		71.36		19.7795		13.4761
20		0.5		71.68		19.7848		13.532
20		0.5		72		19.7848		13.5936
20		0.5		72.32		19.7838		13.6519
20		0.5		72.64		19.7851		13.7107
20		0.5		72.96		19.7851		13.7677
20		0.5		73.28		19.785		13.8216
20		0.5		73.6		19.7838		13.885
20		0.5		73.92		19.7915		13.9459
20		0.5		74.24		19.783		14.0028
20		0.5		74.56		19.7907		14.059
20		0.5		74.88		19.7935		14.1163
20		0.5		75.2		19.7973		14.1693
20		0.5		75.52		19.8029		14.2249
20		0.5		75.84		19.8056		14.2798
20		0.5		76.16		19.8		14.3373
20		0.5		76.48		19.7969		14.3942
20		0.5		76.8		19.798		14.4543
20		0.5		77.12		19.7934		14.5142
20		0.5		77.44		19.7766		14.5723
20		0.5		77.76		19.785		14.6327
20		0.5		78.08		19.7976		14.6902
20		0.5		78.4		19.7958		14.75
20		0.5		78.72		19.79		14.8108
20		0.5		79.04		19.7865		14.8709
20		0.5		79.36		19.7829		14.93
20		0.5		79.68		19.7809		14.9878
20		0.5		80		19.7749		15.0509
20		0.5		80.32		19.7656		15.1105
20		0.5		80.64		19.7618		15.165
20		0.5		80.96		19.7649		15.2262
20		0.5		81.28		19.7683		15.2867
20		0.5		81.6		19.7781		15.3451
20		0.5		81.92		19.77		15.3981
20		0.5		82.24		19.7671		15.4588
20		0.5		82.56		19.778		15.5185
20		0.5		82.88		19.7788		15.5795
20		0.5		83.2		19.7691		15.6412
20		0.5		83.52		19.7768		15.6988
20		0.5		83.84		19.7759		15.758
20		0.5		84.16		19.7807		15.8127
20		0.5		84.48		19.785		15.8711
20		0.5		84.8		19.7906		15.925
20		0.5		85.12		19.7961		15.9811
20		0.5		85.44		19.7891		16.0395
20		0.5		85.76		19.7904		16.0981
20		0.5		86.08		19.7822		16.158
20		0.5		86.4		19.7762		16.2154
20		0.5		86.72		19.7839		16.2739
20		0.5		87.04		19.7854		16.3326
20		0.5		87.36		19.797		16.3961
20		0.5		87.68		19.797		16.4585
20		0.5		88		19.8092		16.5133
20		0.5		88.32		19.8056		16.5692
20		0.5		88.64		19.8051		16.6301
20		0.5		88.96		19.8142		16.6952
20		0.5		89.28		19.8222		16.754
20		0.5		89.6		19.8217		16.8071
20		0.5		89.92		19.828		16.8629
20		0.5		90.24		19.826		16.9227
20		0.5		90.56		19.8271		16.9799
20		0.5		90.88		19.8191		17.0425
20		0.5		91.2		19.8253		17.098
20		0.5		91.52		19.829		17.1554
20		0.5		91.84		19.8348		17.2129
20		0.5		92.16		19.8304		17.2711
20		0.5		92.48		19.8372		17.3282
20		0.5		92.8		19.8483		17.3895
20		0.5		93.12		19.8469		17.4455
20		0.5		93.44		19.8468		17.5061
20		0.5		93.76		19.8531		17.561
20		0.5		94.08		19.8516		17.6241
20		0.5		94.4		19.8511		17.6842
20		0.5		94.72		19.8452		17.7402
20		0.5		95.04		19.835		17.7957
20		0.5		95.36		19.8355		17.8525
20		0.5		95.68		19.8457		17.9092
20		0.5		96		19.8347		17.9693
20		0.5		96.32		19.842		18.0263
20		0.5		96.64		19.8497		18.0871
20		0.5		96.96		19.8483		18.1448
20		0.5		97.28		19.8551		18.2055
20		0.5		97.6		19.8508		18.2636
20		0.5		97.92		19.8532		18.3221
20		0.5		98.24		19.8465		18.3798
20		0.5		98.56		19.8463		18.4342
20		0.5		98.88		19.8484		18.4971
20		0.5		99.2		19.847		18.563
20		0.5		99.52		19.8498		18.624
20		0.5		99.84		19.8538		18.6834
20		0.5		100.16		19.8572		18.7388
20		0.5		100.48		19.8477		18.7964
20		0.5		100.8		19.8505		18.8506
20		0.5		101.12		19.8486		18.9087
20		0.5		101.44		19.8503		18.9667
20		0.5		101.76		19.8464		19.0307
20		0.5		102.08		19.8518		19.0893
20		0.5		102.4		19.8413		19.1489
20		0.5		102.72		19.84		19.2106
20		0.5		103.04		19.8388		19.2703
20		0.5		103.36		19.8384		19.33
20		0.5		103.68		19.8469		19.3872
20		0.5		104		19.8403		19.4473
20		0.5		104.32		19.8459		19.5048
20		0.5		104.64		19.8353		19.5616
20		0.5		104.96		19.8425		19.6156
20		0.5		105.28		19.8525		19.6743
20		0.5		105.6		19.8547		19.7292
20		0.5		105.92		19.847		19.7876
20		0.5		106.24		19.8518		19.8434
20		0.5		106.56		19.8481		19.9055
20		0.5		106.88		19.8459		19.9698
20		0.5		107.2		19.8443		20.0299
20		0.5		107.52		19.8447		20.0952
20		0.5		107.84		19.8528		20.1586
20		0.5		108.16		19.849		20.2204
20		0.5		108.48		19.8388		20.2778
20		0.5		108.8		19.8408		20.3338
20		0.5		109.12		19.8494		20.3867
20		0.5		109.44		19.8428		20.4423
20		0.5		109.76		19.8428		20.4982
20		0.5		110.08		19.8396		20.5532
20		0.5		110.4		19.835		20.615
20		0.5		110.72		19.8306		20.669
20		0.5		111.04		19.832		20.7287
20		0.5		111.36		19.837		20.7875
20		0.5		111.68		19.8442		20.846
20		0.5		112		19.8414		20.9032
20		0.5		112.32		19.8312		20.9605
20		0.5		112.64		19.8326		21.0209
20		0.5		112.96		19.845		21.075
20		0.5		113.28		19.8457		21.1332
20		0.5		113.6		19.8439		21.1957
20		0.5		113.92		19.8497		21.2537
20		0.5		114.24		19.8466		21.311
20		0.5		114.56		19.8455		21.3689
20		0.5		114.88		19.8429		21.4276
20		0.5		115.2		19.8404		21.4904
20		0.5		115.52		19.8401		21.5429
20		0.5		115.84		19.8324		21.5984
20		0.5		116.16		19.8398		21.6567
20		0.5		116.48		19.8403		21.7124
20		0.5		116.8		19.8372		21.7709
20		0.5		117.12		19.8387		21.8317
20		0.5		117.44		19.852		21.8893
20		0.5		117.76		19.8506		21.9467
20		0.5		118.08		19.8508		22.0015
20		0.5		118.4		19.8445		22.0639
20		0.5		118.72		19.8351		22.1199
20		0.5		119.04		19.8298		22.1809
20		0.5		119.36		19.8265		22.2406
20		0.5		119.68		19.8215		22.2988
20		0.5		120		19.8245		22.3577
20		0.5		120.32		19.8128		22.4132
20		0.5		120.64		19.8033		22.4742
20		0.5		120.96		19.7963		22.5355
20		0.5		121.28		19.7869		22.5961
20		0.5		121.6		19.7824		22.6549
20		0.5		121.92		19.7786		22.7102
20		0.5		122.24		19.768		22.7665
20		0.5		122.56		19.7787		22.8229
20		0.5		122.88		19.7696		22.8847
20		0.5		123.2		19.7659		22.9427
20		0.5		123.52		19.7658		23.0042
20		0.5		123.84		19.765		23.0656
20		0.5		124.16		19.755		23.122
20		0.5		124.48		19.7569		23.1799
20		0.5		124.8		19.7565		23.2392
20		0.5		125.12		19.7422		23.2987
20		0.5		125.44		19.7388		23.358
20		0.5		125.76		19.7332		23.4157
20		0.5		126.08		19.7224		23.4706
20		0.5		126.4		19.7241		23.529
20		0.5		126.72		19.7302		23.5841
20		0.5		127.04		19.7374		23.6404
20		0.5		127.36		19.739		23.6976
20		0.5		127.68		19.7306		23.7485
20		0.5		128		19.7318		23.8085
20		0.5		128.32		19.7315		23.8673
20		0.5		128.64		19.7277		23.9226
20		0.5		128.96		19.7237		23.9826
20		0.5		129.28		19.7157		24.042
20		0.5		129.6		19.7096		24.0978
20		0.5		129.92		19.7003		24.1544
20		0.5		130.24		19.7079		24.2161
20		0.5		130.56		19.7139		24.276
20		0.5		130.88		19.7124		24.335
20		0.5		131.2		19.7101		24.3942
20		0.5		131.52		19.7089		24.4531
20		0.5		131.84		19.7145		24.5071
20		0.5		132.16		19.7164		24.5609
20		0.5		132.48		19.7143		24.6209
20		0.5		132.8		19.7058		24.6808
20		0.5		133.12		19.7008		24.7388
20		0.5		133.44		19.6953		24.7935
20		0.5		133.76		19.6985		24.8476
20		0.5		134.08		19.6999		24.9078
20		0.5		134.4		19.7041		24.9679
20		0.5		134.72		19.7052		25.0277
20		0.5		135.04		19.7218		25.0869
20		0.5		135.36		19.7292		25.1462
20		0.5		135.68		19.7285		25.2025
20		0.5		136		19.7251		25.2663
20		0.5		136.32		19.7369		25.326
20		0.5		136.64		19.747		25.3819
20		0.5		136.96		19.7414		25.444
20		0.5		137.28		19.7467		25.4991
20		0.5		137.6		19.7554		25.5629
20		0.5		137.92		19.751		25.6185
20		0.5		138.24		19.7512		25.6741
20		0.5		138.56		19.7469		25.7328
20		0.5		138.88		19.7485		25.7896
20		0.5		139.2		19.7591		25.8482
20		0.5		139.52		19.7619		25.904
20		0.5		139.84		19.763		25.96
20		0.5		140.16		19.7671		26.0171
20		0.5		140.48		19.7681		26.0771
20		0.5		140.8		19.7574		26.135
20		0.5		141.12		19.7626		26.1927
20		0.5		141.44		19.7745		26.2528
20		0.5		141.76		19.7784		26.3079
20		0.5		142.08		19.7749		26.3722
20		0.5		142.4		19.7703		26.4304
20		0.5		142.72		19.7716		26.4881
20		0.5		143.04		19.7735		26.5466
20		0.5		143.36		19.7677		26.6072
20		0.5		143.68		19.7736		26.6664
20		0.5		144		19.7792		26.726
20		0.5		144.32		19.7814		26.782
20		0.5		144.64		19.7767		26.8414
20		0.5		144.96		19.7796		26.9052
20		0.5		145.28		19.7912		26.961
20		0.5		145.6		19.7855		27.023
20		0.5		145.92		19.7869		27.0798
20		0.5		146.24		19.791		27.1433
20		0.5		146.56		19.7935		27.2017
20		0.5		146.88		19.7964		27.2636
20		0.5		147.2		19.7911		27.3246
20		0.5		147.52		19.7882		27.3772
20		0.5		147.84		19.7983		27.4358
20		0.5		148.16		19.7951		27.4935
20		0.5		148.48		19.7951		27.5465
20		0.5		148.8		19.7992		27.5989
20		0.5		149.12		19.7957		27.6508
20		0.5		149.44		19.7934		27.7078
20		0.5		149.76		19.7927		27.7703
20		0.5		150.08		19.8005		27.8282
20		0.5		150.4		19.7993		27.8859
20		0.5		150.72		19.7916		27.9392
20		0.5		151.04		19.7835		27.9975
20		0.5		151.36		19.7905		28.0577
20		0.5		151.68		19.7979		28.1165
20		0.5		152		19.8042		28.1735
20		0.5		152.32		19.7965		28.232
20		0.5		152.64		19.7931		28.2913
20		0.5		152.96		19.7991		28.3504
20		0.5		153.28		19.8087		28.4107
20		0.5		153.6		19.8142		28.4694
20		0.5		153.92		19.8269		28.526
20		0.5		154.24		19.8274		28.5877
20		0.5		154.56		19.8272		28.6514
20		0.5		154.88		19.8218		28.7063
20		0.5		155.2		19.8189		28.7618
20		0.5		155.52		19.8273		28.8205
20		0.5		155.84		19.8221		28.8797
20		0.5		156.16		19.8216		28.937
20		0.5		156.48		19.836		28.9961
20		0.5		156.8		19.8459		29.0543
20		0.5		157.12		19.848		29.1164
20		0.5		157.44		19.8312		29.1733
20		0.5		157.76		19.8186		29.2308
20		0.5		158.08		19.8189		29.29
20		0.5		158.4		19.8261		29.3477
20		0.5		158.72		19.8276		29.4056
20		0.5		159.04		19.8318		29.4614
20		0.5		159.36		19.8187		29.5204
20		0.5		159.68		19.8289		29.5781
20		0.5		160		19.823		29.6372
20		0.5		160.32		19.8378		29.6986
20		0.5		160.64		19.8405		29.7539
20		0.5		160.96		19.8381		29.8121
20		0.5		161.28		19.8403		29.8683
20		0.5		161.6		19.8353		29.9247
20		0.5		161.92		19.8382		29.9837
20		0.5		162.24		19.8439		30.0398
20		0.5		162.56		19.8382		30.0974
20		0.5		162.88		19.8375		30.1554
20		0.5		163.2		19.8378		30.2114
20		0.5		163.52		19.8376		30.2634
20		0.5		163.84		19.8336		30.3196
20		0.5		164.16		19.8419		30.3828
20		0.5		164.48		19.8489		30.4387
20		0.5		164.8		19.8529		30.4979
20		0.5		165.12		19.8397		30.5581
20		0.5		165.44		19.8468		30.6157
20		0.5		165.76		19.8522		30.6742
20		0.5		166.08		19.8529		30.7297
20		0.5		166.4		19.8625		30.7879
20		0.5		166.72		19.8711		30.8464
20		0.5		167.04		19.8652		30.9049
20		0.5		167.36		19.8728		30.9617
20		0.5		167.68		19.8811		31.0176
20		0.5		168		19.883		31.0759
20		0.5		168.32		19.8838		31.1334
20		0.5		168.64		19.8747		31.1937
20		0.5		168.96		19.8829		31.2548
20		0.5		169.28		19.8764		31.3136
20		0.5		169.6		19.874		31.3723
20		0.5		169.92		19.8708		31.4321
20		0.5		170.24		19.8678		31.4928
20		0.5		170.56		19.8681		31.5527
20		0.5		170.88		19.8619		31.6068
20		0.5		171.2		19.8603		31.6635
20		0.5		171.52		19.8671		31.7189
20		0.5		171.84		19.8685		31.771
20		0.5		172.16		19.8649		31.833
20		0.5		172.48		19.8638		31.889
20		0.5		172.8		19.8781		31.9456
20		0.5		173.12		19.8724		32.0051
20		0.5		173.44		19.8697		32.063
20		0.5		173.76		19.8682		32.1185
20		0.5		174.08		19.8622		32.1795
20		0.5		174.4		19.8589		32.2377
20		0.5		174.72		19.8666		32.2954
20		0.5		175.04		19.8691		32.3523
20		0.5		175.36		19.8762		32.403
20		0.5		175.68		19.8759		32.4601
20		0.5		176		19.878		32.5196
20		0.5		176.32		19.8812		32.5795
20		0.5		176.64		19.8828		32.6375
20		0.5		176.96		19.8882		32.696
20		0.5		177.28		19.8885		32.7542
20		0.5		177.6		19.8856		32.8137
20		0.5		177.92		19.8736		32.8742
20		0.5		178.24		19.8778		32.9332
20		0.5		178.56		19.8763		32.993
20		0.5		178.88		19.8786		33.05
20		0.5		179.2		19.8821		33.1105
20		0.5		179.52		19.8939		33.1734
20		0.5		179.84		19.8867		33.2298
20		0.5		180.16		19.8914		33.2911
20		0.5		180.48		19.8941		33.3482
20		0.5		180.8		19.9013		33.4082
20		0.5		181.12		19.9005		33.4691
20		0.5		181.44		19.9065		33.5263
20		0.5		181.76		19.8918		33.587
20		0.5		182.08		19.8788		33.6479
20		0.5		182.4		19.8734		33.7093
20		0.5		182.72		19.872		33.7673
20		0.5		183.04		19.8636		33.8223
20		0.5		183.36		19.8637		33.8837
20		0.5		183.68		19.8622		33.9388
20		0.5		184		19.8609		33.9942
20		0.5		184.32		19.8552		34.0559
20		0.5		184.64		19.86		34.1133
20		0.5		184.96		19.8538		34.1685
20		0.5		185.28		19.8513		34.2255
20		0.5		185.6		19.8592		34.2878
20		0.5		185.92		19.865		34.344
20		0.5		186.24		19.8644		34.4022
20		0.5		186.56		19.871		34.457
20		0.5		186.88		19.8684		34.5139
20		0.5		187.2		19.8661		34.5712
20		0.5		187.52		19.8583		34.6316
20		0.5		187.84		19.851		34.6933
20		0.5		188.16		19.8559		34.7498
20		0.5		188.48		19.852		34.8037
20		0.5		188.8		19.8489		34.8627
20		0.5		189.12		19.8458		34.9261
20		0.5		189.44		19.8436		34.9828
20		0.5		189.76		19.8542		35.0409
20		0.5		190.08		19.8487		35.0992
20		0.5		190.4		19.8545		35.1556
20		0.5		190.72		19.8648		35.2096
20		0.5		191.04		19.8674		35.2714
20		0.5		191.36		19.8692		35.3335
20		0.5		191.68		19.8662		35.3871
20		0.5		192		19.8656		35.4413
20		0.5		192.32		19.8709		35.4939
20		0.5		192.64		19.8591		35.5532
20		0.5		192.96		19.8553		35.6129
20		0.5		193.28		19.8585		35.67
20		0.5		193.6		19.8545		35.7244
20		0.5		193.92		19.8581		35.7837
20		0.5		194.24		19.8499		35.8464
20		0.5		194.56		19.8423		35.9046
20		0.5		194.88		19.8483		35.9652
20		0.5		195.2		19.8393		36.0202
20		0.5		195.52		19.8394		36.0809
20		0.5		195.84		19.8312		36.1392
20		0.5		196.16		19.8393		36.1998
20		0.5		196.48		19.8433		36.2563
20		0.5		196.8		19.8484		36.3136
20		0.5		197.12		19.8506		36.3688
20		0.5		197.44		19.8544		36.4286
20		0.5		197.76		19.8579		36.4877
20		0.5		198.08		19.8597		36.5459
20		0.5		198.4		19.8593		36.6008
20		0.5		198.72		19.8672		36.6606
20		0.5		199.04		19.8617		36.7194
20		0.5		199.36		19.8508		36.7768
20		0.5		199.68		19.849		36.8327
20		0.5		200		19.8468		36.8894
20		0.5		200.32		19.8375		36.951
20		0.5		200.64		19.8365		37.0112
20		0.5		200.96		19.8411		37.0678
20		0.5		201.28		19.847		37.1295
20		0.5		201.6		19.8511		37.1886
20		0.5		201.92		19.851		37.2462
20		0.5		202.24		19.8539		37.2999
20		0.5		202.56		19.8543		37.3616
20		0.5		202.88		19.8643		37.4193
20		0.5		203.2		19.8663		37.4756
20		0.5		203.52		19.8668		37.5355
20		0.5		203.84		19.8596		37.5919
20		0.5		204.16		19.8572		37.6506
20		0.5		204.48		19.8603		37.7088
20		0.5		204.8		19.8611		37.7719
20		0.5		205.12		19.8646		37.8274
20		0.5		205.44		19.8582		37.8924
20		0.5		205.76		19.8657		37.9507
20		0.5		206.08		19.8623		38.004
20		0.5		206.4		19.8616		38.0693
20		0.5		206.72		19.8545		38.1304
20		0.5		207.04		19.856		38.1921
20		0.5		207.36		19.8625		38.2534
20		0.5		207.68		19.8682		38.3062
20		0.5		208		19.8699		38.3638
20		0.5		208.32		19.8689		38.421
20		0.5		208.64		19.8676		38.4732
20		0.5		208.96		19.8798		38.5296
20		0.5		209.28		19.8825		38.5866
20		0.5		209.6		19.8742		38.6444
20		0.5		209.92		19.867		38.7068
20		0.5		210.24		19.8603		38.7651
20		0.5		210.56		19.8611		38.83
20		0.5		210.88		19.8538		38.8915
20		0.5		211.2		19.8585		38.9462
20		0.5		211.52		19.8655		39.0027
20		0.5		211.84		19.8666		39.061
20		0.5		212.16		19.8708		39.1221
20		0.5		212.48		19.8705		39.1787
20		0.5		212.8		19.8551		39.2352
20		0.5		213.12		19.8525		39.2901
20		0.5		213.44		19.8623		39.3519
20		0.5		213.76		19.8557		39.4129
20		0.5		214.08		19.848		39.4702
20		0.5		214.4		19.843		39.5302
20		0.5		214.72		19.8429		39.5826
20		0.5		215.04		19.8483		39.6454
20		0.5		215.36		19.8433		39.711
20		0.5		215.68		19.8301		39.769
20		0.5		216		19.8264		39.8254
20		0.5		216.32		19.8228		39.8892
20		0.5		216.64		19.8254		39.9502
20		0.5		216.96		19.8298		40.0077
20		0.5		217.28		19.8158		40.0711
20		0.5		217.6		19.8101		40.1328
20		0.5		217.92		19.8009		40.1916
20		0.5		218.24		19.7953		40.2494
20		0.5		218.56		19.7925		40.3062
20		0.5		218.88		19.7975		40.3683
20		0.5		219.2		19.7991		40.4345
20		0.5		219.52		19.7917		40.4905
20		0.5		219.84		19.7977		40.5461
20		0.5		220.16		19.798		40.6027
20		0.5		220.48		19.802		40.6631
20		0.5		220.8		19.7976		40.7193
20		0.5		221.12		19.7971		40.78
20		0.5		221.44		19.7938		40.8379
20		0.5		221.76		19.7842		40.8969
20		0.5		222.08		19.7906		40.9559
20		0.5		222.4		19.7894		41.0134
20		0.5		222.72		19.7852		41.0713
20		0.5		223.04		19.784		41.1244
20		0.5		223.36		19.7846		41.1799
20		0.5		223.68		19.7863		41.24
20		0.5		224		19.7838		41.3
20		0.5		224.32		19.7793		41.3609
20		0.5		224.64		19.7805		41.4159
20		0.5		224.96		19.7764		41.4737
20		0.5		225.28		19.7691		41.5287
20		0.5		225.6		19.7713		41.5864
20		0.5		225.92		19.7709		41.6491
20		0.5		226.24		19.7748		41.7069
20		0.5		226.56		19.7712		41.7658
20		0.5		226.88		19.7671		41.8223
20		0.5		227.2		19.7817		41.878
20		0.5		227.52		19.7838		41.9373
20		0.5		227.84		19.7829		41.9953
20		0.5		228.16		19.7875		42.052
20		0.5		228.48		19.7871		42.1075
20		0.5		228.8		19.7931		42.1611
20		0.5		229.12		19.7806		42.219
20		0.5		229.44		19.7768		42.2835
20		0.5		229.76		19.7765		42.3438
20		0.5		230.08		19.7731		42.4064
20		0.5		230.4		19.776		42.4643
20		0.5		230.72		19.7662		42.5227
20		0.5		231.04		19.7728		42.5792
20		0.5		231.36		19.7688		42.6348
20		0.5		231.68		19.7773		42.693
20		0.5		232		19.767		42.7546
20		0.5		232.32		19.7701		42.8152
20		0.5		232.64		19.777		42.8711
20		0.5		232.96		19.7838		42.9311
20		0.5		233.28		19.789		42.9866
20		0.5		233.6		19.7902		43.0427
20		0.5		233.92		19.7886		43.1013
20		0.5		234.24		19.7876		43.1576
20		0.5		234.56		19.7927		43.2112
20		0.5		234.88		19.7905		43.2728
20		0.5		235.2		19.7924		43.3304
20		0.5		235.52		19.7908		43.3881
20		0.5		235.84		19.7833		43.4463
20		0.5		236.16		19.7827		43.5059
20		0.5		236.48		19.7862		43.5695
20		0.5		236.8		19.7892		43.6232
20		0.5		237.12		19.7861		43.6847
20		0.5		237.44		19.7853		43.7419
20		0.5		237.76		19.7938		43.8074
20		0.5		238.08		19.7998		43.8664
20		0.5		238.4		19.8011		43.9251
20		0.5		238.72		19.8029		43.9821
20		0.5		239.04		19.8056		44.0365
20		0.5		239.36		19.8125		44.0953
20		0.5		239.68		19.8149		44.1536
20		0.5		240		19.806		44.2126
20		0.5		240.32		19.8104		44.2683
20		0.5		240.64		19.8083		44.3271
20		0.5		240.96		19.8121		44.3819
20		0.5		241.28		19.8097		44.439
20		0.5		241.6		19.8172		44.4961
20		0.5		241.92		19.8101		44.5571
20		0.5		242.24		19.8035		44.6197
20		0.5		242.56		19.799		44.6751
20		0.5		242.88		19.7998		44.736
20		0.5		243.2		19.7961		44.7874
20		0.5		243.52		19.7835		44.8412
20		0.5		243.84		19.7895		44.901
20		0.5		244.16		19.7916		44.9596
20		0.5		244.48		19.7946		45.0172
20		0.5		244.8		19.7954		45.0777
20		0.5		245.12		19.7989		45.1369
20		0.5		245.44		19.7953		45.1956
20		0.5		245.76		19.797		45.2536
20		0.5		246.08		19.8029		45.3152
20		0.5		246.4		19.8035		45.3747
20		0.5		246.72		19.7931		45.4369
20		0.5		247.04		19.7889		45.4969
20		0.5		247.36		19.7787		45.5555
20		0.5		247.68		19.7638		45.6121
20		0.5		248		19.7612		45.6722
20		0.5		248.32		19.7613		45.7332
20		0.5		248.64		19.7703		45.7872
20		0.5		248.96		19.7678		45.8446
20		0.5		249.28		19.7663		45.9015
20		0.5		249.6		19.7719		45.9591
20		0.5		249.92		19.775		46.0211
20		0.5		250.24		19.7806		46.0755
20		0.5		250.56		19.7806		46.1292
20		0.5		250.88		19.7785		46.1893
20		0.5		251.2		19.7853		46.2474
20		0.5		251.52		19.7871		46.3036
20		0.5		251.84		19.7894		46.3624
20		0.5		252.16		19.793		46.4204
20		0.5		252.48		19.7876		46.4811
20		0.5		252.8		19.7854		46.5394
20		0.5		253.12		19.7845		46.5984
20		0.5		253.44		19.7875		46.6583
20		0.5		253.76		19.7985		46.7149
20		0.5		254.08		19.8077		46.771
20		0.5		254.4		19.8038		46.8298
20		0.5		254.72		19.8088		46.8896
20		0.5		255.04		19.8123		46.951
20		0.5		255.36		19.8024		47.0122
20		0.5		255.68		19.795		47.0701
20		0.5		256		19.8031		47.1271
20		0.5		256.32		19.803		47.1849
20		0.5		256.64		19.797		47.2429
20		0.5		256.96		19.8008		47.3001
20		0.5		257.28		19.8015		47.3616
20		0.5		257.6		19.8068		47.4232
20		0.5		257.92		19.8166		47.4818
20		0.5		258.24		19.8247		47.5339
20		0.5		258.56		19.8274		47.5929
20		0.5		258.88		19.8346		47.6561
20		0.5		259.2		19.8319		47.715
20		0.5		259.52		19.8296		47.7761
20		0.5		259.84		19.8365		47.8375
20		0.5		260.16		19.8358		47.899
20		0.5		260.48		19.8333		47.9567
20		0.5		260.8		19.8242		48.0169
20		0.5		261.12		19.816		48.0737
20		0.5		261.44		19.8281		48.1346
20		0.5		261.76		19.8304		48.1927
20		0.5		262.08		19.824		48.254
20		0.5		262.4		19.826		48.3134
20		0.5		262.72		19.8234		48.3728
20		0.5		263.04		19.8233		48.4363
20		0.5		263.36		19.8104		48.4984
20		0.5		263.68		19.8009		48.5609
20		0.5		264		19.7986		48.624
20		0.5		264.32		19.798		48.6793
20		0.5		264.64		19.797		48.7398
20		0.5		264.96		19.7949		48.7984
20		0.5		265.28		19.7904		48.8556
20		0.5		265.6		19.7847		48.9133
20		0.5		265.92		19.7872		48.9694
20		0.5		266.24		19.7857		49.0226
20		0.5		266.56		19.7959		49.0792
20		0.5		266.88		19.7897		49.1375
20		0.5		267.2		19.7938		49.1944
20		0.5		267.52		19.7872		49.2508
20		0.5		267.84		19.7884		49.3095
20		0.5		268.16		19.7935		49.367
20		0.5		268.48		19.7868		49.4231
20		0.5		268.8		19.7845		49.4821
20		0.5		269.12		19.7662		49.538
20		0.5		269.44		19.7789		49.5958
20		0.5		269.76		19.7813		49.6528
20		0.5		270.08		19.7732		49.7104
20		0.5		270.4		19.7661		49.7715
20		0.5		270.72		19.7616		49.8293
20		0.5		271.04		19.7648		49.8891
20		0.5		271.36		19.7644		49.9454
20		0.5		271.68		19.7589		50.0035
20		0.5		272		19.7563		50.0641
20		0.5		272.32		19.761		50.1252
20		0.5		272.64		19.7523		50.1802
20		0.5		272.96		19.7445		50.2368
20		0.5		273.28		19.7452		50.2887
20		0.5		273.6		19.7432		50.3511
20		0.5		273.92		19.7459		50.408
20		0.5		274.24		19.7475		50.4713
20		0.5		274.56		19.7393		50.5258
20		0.5		274.88		19.7396		50.5878
20		0.5		275.2		19.7333		50.652
20		0.5		275.52		19.7302		50.7084
20		0.5		275.84		19.7309		50.7654
20		0.5		276.16		19.7356		50.8204
20		0.5		276.48		19.734		50.8801
20		0.5		276.8		19.7455		50.9356
20		0.5		277.12		19.7517		50.9926
20		0.5		277.44		19.7518		51.0567
20		0.5		277.76		19.7428		51.1106
20		0.5		278.08		19.7417		51.1712
20		0.5		278.4		19.739		51.2313
20		0.5		278.72		19.7582		51.289
20		0.5		279.04		19.7592		51.344
20		0.5		279.36		19.7568		51.4024
20		0.5		279.68		19.755		51.4612
20		0.5		280		19.7612		51.5169
20		0.5		280.32		19.766		51.5702
20		0.5		280.64		19.7764		51.628
20		0.5		280.96		19.7651		51.6933
20		0.5		281.28		19.7725		51.7506
20		0.5		281.6		19.7677		51.8046
20		0.5		281.92		19.7634		51.8627
20		0.5		282.24		19.7509		51.9203
20		0.5		282.56		19.7552		51.9803
20		0.5		282.88		19.7544		52.0372
20		0.5		283.2		19.7553		52.0977
20		0.5		283.52		19.762		52.1623
20		0.5		283.84		19.7626		52.2204
20		0.5		284.16		19.7638		52.2827
20		0.5		284.48		19.769		52.3389
20		0.5		284.8		19.7649		52.3965
20		0.5		285.12		19.7671		52.4583
20		0.5		285.44		19.7567		52.52
20		0.5		285.76		19.7554		52.5829
20		0.5		286.08		19.7611		52.6416
20		0.5		286.4		19.757		52.6985
20		0.5		286.72		19.7585		52.7568
20		0.5		287.04		19.7542		52.8156
20		0.5		287.36		19.7451		52.8771
20		0.5		287.68		19.7384		52.9345
20		0.5		288		19.7395		52.994
20		0.5		288.32		19.7381		53.0479
20		0.5		288.64		19.7424		53.104
20		0.5		288.96		19.7428		53.166
20		0.5		289.28		19.7435		53.2216
20		0.5		289.6		19.7507		53.2767
20		0.5		289.92		19.7541		53.3358
20		0.5		290.24		19.7572		53.3958
20		0.5		290.56		19.758		53.4527
20		0.5		290.88		19.7589		53.5129
20		0.5		291.2		19.7631		53.5745
20		0.5		291.52		19.7538		53.6302
20		0.5		291.84		19.7577		53.6914
20		0.5		292.16		19.7695		53.7477
20		0.5		292.48		19.7592		53.8074
20		0.5		292.8		19.7586		53.8664
20		0.5		293.12		19.7646		53.9248
20		0.5		293.44		19.7611		53.9846
20		0.5		293.76		19.7684		54.0391
20		0.5		294.08		19.7749		54.1
20		0.5		294.4		19.7771		54.1632
20		0.5		294.72		19.78		54.2197
20		0.5		295.04		19.7866		54.2765
20		0.5		295.36		19.7812		54.3347
20		0.5		295.68		19.7756		54.3927
20		0.5		296		19.7776		54.452
20		0.5		296.32		19.7688		54.5106
20		0.5		296.64		19.7645		54.5668
20		0.5		296.96		19.7763		54.6265
20		0.5		297.28		19.7752		54.6908
20		0.5		297.6		19.7623		54.7442
20		0.5		297.92		19.7587		54.8096
20		0.5		298.24		19.7573		54.8672
20		0.5		298.56		19.7657		54.9256
20		0.5		298.88		19.7772		54.985
20		0.5		299.2		19.7899		55.0427
20		0.5		299.52		19.7932		55.1022
20		0.5		299.84		19.7902		55.162
20		0.5		300.16		19.7974		55.2191
20		0.5		300.48		19.7965		55.2767
20		0.5		300.8		19.7969		55.3361
20		0.5		301.12		19.8047		55.3899
20		0.5		301.44		19.8022		55.4482
20		0.5		301.76		19.82		55.5093
20		0.5		302.08		19.8212		55.5696
20		0.5		302.4		19.8311		55.6265
20		0.5		302.72		19.8222		55.68
20		0.5		303.04		19.8246		55.7396
20		0.5		303.36		19.8335		55.802
20		0.5		303.68		19.8324		55.8622
20		0.5		304		19.8326		55.921
20		0.5		304.32		19.8355		55.9787
20		0.5		304.64		19.8328		56.0399
20		0.5		304.96		19.8239		56.0948
20		0.5		305.28		19.8226		56.1542
20		0.5		305.6		19.8243		56.2121
20		0.5		305.92		19.837		56.271
20		0.5		306.24		19.8313		56.3286
20		0.5		306.56		19.8355		56.3873
20		0.5		306.88		19.8369		56.4468
20		0.5		307.2		19.8441		56.5093
20		0.5		307.52		19.8543		56.5668
20		0.5		307.84		19.8474		56.6333
20		0.5		308.16		19.8465		56.6891
20		0.5		308.48		19.8439		56.7487
20		0.5		308.8		19.8526		56.8067
20		0.5		309.12		19.8525		56.8642
20		0.5		309.44		19.8435		56.919
20		0.5		309.76		19.8484		56.9767
20		0.5		310.08		19.8461		57.0384
20		0.5		310.4		19.8562		57.0981
20		0.5		310.72		19.8639		57.156
20		0.5		311.04		19.8654		57.2144
20		0.5		311.36		19.8639		57.2699
20		0.5		311.68		19.854		57.3276
20		0.5		312		19.8529		57.3838
20		0.5		312.32		19.8505		57.4413
20		0.5		312.64		19.8558		57.5054
20		0.5		312.96		19.8537		57.5638
20		0.5		313.28		19.86		57.6208
20		0.5		313.6		19.8653		57.6817
20		0.5		313.92		19.8686		57.7313
20		0.5		314.24		19.8614		57.7869
20		0.5		314.56		19.8646		57.8447
20		0.5		314.88		19.8661		57.9054
20		0.5		315.2		19.8661		57.9624
20		0.5		315.52		19.8646		58.0203
20		0.5		315.84		19.8606		58.0797
20		0.5		316.16		19.8663		58.1368
20		0.5		316.48		19.8685		58.1982
20		0.5		316.8		19.8773		58.2578
20		0.5		317.12		19.8863		58.3176
20		0.5		317.44		19.8916		58.3761
20		0.5		317.76		19.8814		58.4323
20		0.5		318.08		19.8839		58.491
20		0.5		318.4		19.886		58.5511
20		0.5		318.72		19.89		58.609
20		0.5		319.04		19.8965		58.6694
20		0.5		319.36		19.8947		58.7312
20		0.5		319.68		19.896		58.7911
20		0.5		320		19.8999		58.8508
20		0.5		320.32		19.905		58.9124
20		0.5		320.64		19.8988		58.9683
20		0.5		320.96		19.8993		59.0253
20		0.5		321.28		19.9044		59.0828
20		0.5		321.6		19.9079		59.1449
20		0.5		321.92		19.9046		59.2048
20		0.5		322.24		19.9052		59.2655
20		0.5		322.56		19.9175		59.3235
20		0.5		322.88		19.9067		59.3808
20		0.5		323.2		19.902		59.4407
20		0.5		323.52		19.8992		59.5013
20		0.5		323.84		19.9015		59.557
20		0.5		324.16		19.9171		59.6133
20		0.5		324.48		19.9102		59.6717
20		0.5		324.8		19.9085		59.7337
20		0.5		325.12		19.9025		59.7942
20		0.5		325.44		19.9009		59.8533
20		0.5		325.76		19.8952		59.9108
20		0.5		326.08		19.8943		59.9702
20		0.5		326.4		19.8963		60.0301
20		0.5		326.72		19.9026		60.0881
20		0.5		327.04		19.9		60.1437
20		0.5		327.36		19.9059		60.2023
20		0.5		327.68		19.8925		60.2617
20		0.5		328		19.8915		60.3214
20		0.5		328.32		19.892		60.3799
20		0.5		328.64		19.8816		60.4335
20		0.5		328.96		19.8738		60.4946
20		0.5		329.28		19.8679		60.5525
20		0.5		329.6		19.8671		60.614
20		0.5		329.92		19.8576		60.677
20		0.5		330.24		19.8547		60.7338
20		0.5		330.56		19.8682		60.7963
20		0.5		330.88		19.8638		60.8539
20		0.5		331.2		19.8634		60.9133
20		0.5		331.52		19.8676		60.9739
20		0.5		331.84		19.8621		61.0335
20		0.5		332.16		19.868		61.0934
20		0.5		332.48		19.8689		61.1486
20		0.5		332.8		19.8823		61.2097
20		0.5		333.12		19.8828		61.2673
20		0.5		333.44		19.8844		61.3241
20		0.5		333.76		19.882		61.3804
20		0.5		334.08		19.8856		61.4366
20		0.5		334.4		19.8895		61.4942
20		0.5		334.72		19.8918		61.5499
20		0.5		335.04		19.8938		61.6082
20		0.5		335.36		19.8978		61.6676
20		0.5		335.68		19.8943		61.7261
20		0.5		336		19.8872		61.7865
20		0.5		336.32		19.8878		61.8411
20		0.5		336.64		19.8894		61.8958
20		0.5		336.96		19.8873		61.9561
20		0.5		337.28		19.8827		62.0113
20		0.5		337.6		19.8836		62.068
20		0.5		337.92		19.8668		62.1255
20		0.5		338.24		19.8643		62.1811
20		0.5		338.56		19.8643		62.2395
20		0.5		338.88		19.8527		62.2969
20		0.5		339.2		19.8495		62.3514
20		0.5		339.52		19.8638		62.4072
20		0.5		339.84		19.8626		62.4705
20		0.5		340.16		19.8543		62.5253
20		0.5		340.48		19.846		62.5787
20		0.5		340.8		19.8515		62.6383
20		0.5		341.12		19.8484		62.6964
20		0.5		341.44		19.8544		62.7558
20		0.5		341.76		19.8559		62.8112
20		0.5		342.08		19.8558		62.8722
20		0.5		342.4		19.8545		62.9284
20		0.5		342.72		19.8604		62.9821
20		0.5		343.04		19.8539		63.037
20		0.5		343.36		19.8556		63.1001
20		0.5		343.68		19.8566		63.1557
20		0.5		344		19.8632		63.2147
20		0.5		344.32		19.8588		63.2691
20		0.5		344.64		19.8619		63.331
20		0.5		344.96		19.865		63.3863
20		0.5		345.28		19.8607		63.4439
20		0.5		345.6		19.8584		63.5034
20		0.5		345.92		19.8568		63.5587
20		0.5		346.24		19.8589		63.6179
20		0.5		346.56		19.8511		63.6694
20		0.5		346.88		19.8512		63.7265
20		0.5		347.2		19.8544		63.7897
20		0.5		347.52		19.8505		63.8479
20		0.5		347.84		19.8401		63.9053
20		0.5		348.16		19.845		63.9609
20		0.5		348.48		19.8533		64.0222
20		0.5		348.8		19.8466		64.0783
20		0.5		349.12		19.8456		64.1394
20		0.5		349.44		19.847		64.1916
20		0.5		349.76		19.846		64.2502
20		0.5		350.08		19.8509		64.3058
20		0.5		350.4		19.8535		64.3664
20		0.5		350.72		19.8595		64.4248
20		0.5		351.04		19.8508		64.4787
20		0.5		351.36		19.8508		64.5384
20		0.5		351.68		19.8452		64.5974
20		0.5		352		19.8363		64.6514
20		0.5		352.32		19.8416		64.7137
20		0.5		352.64		19.8432		64.7734
20		0.5		352.96		19.8516		64.8325
20		0.5		353.28		19.8525		64.8947
20		0.5		353.6		19.8489		64.9518
20		0.5		353.92		19.8643		65.0096
20		0.5		354.24		19.8627		65.0668
20		0.5		354.56		19.8589		65.1191
20		0.5		354.88		19.8613		65.1799
20		0.5		355.2		19.8549		65.2363
20		0.5		355.52		19.8526		65.295
20		0.5		355.84		19.8569		65.3492
20		0.5		356.16		19.8675		65.4096
20		0.5		356.48		19.8649		65.4683
20		0.5		356.8		19.8629		65.5276
20		0.5		357.12		19.8565		65.5866
20		0.5		357.44		19.8541		65.6473
20		0.5		357.76		19.8532		65.709
20		0.5		358.08		19.8528		65.7717
20		0.5		358.4		19.8464		65.8333
20		0.5		358.72		19.8371		65.8901
20		0.5		359.04		19.8408		65.9477
20		0.5		359.36		19.8353		66.0049
20		0.5		359.68		19.8364		66.066
20		0.5		360		19.8316		66.1259
20		0.5		360.32		19.8378		66.1815
20		0.5		360.64		19.8333		66.2414
20		0.5		360.96		19.8384		66.3008
20		0.5		361.28		19.8384		66.3623
20		0.5		361.6		19.8284		66.4243
20		0.5		361.92		19.8329		66.4837
20		0.5		362.24		19.8294		66.5397
20		0.5		362.56		19.8405		66.6001
20		0.5		362.88		19.8523		66.6624
20		0.5		363.2		19.8587		66.7216
20		0.5		363.52		19.8589		66.779
20		0.5		363.84		19.8642		66.8377
20		0.5		364.16		19.8564		66.896
20		0.5		364.48		19.8513		66.9493
20		0.5		364.8		19.8497		67.0069
20		0.5		365.12		19.8627		67.0639
20		0.5		365.44		19.8599		67.1235
20		0.5		365.76		19.8566		67.1871
20		0.5		366.08		19.8526		67.2482
20		0.5		366.4		19.8492		67.3138
20		0.5		366.72		19.8424		67.3729
20		0.5		367.04		19.8384		67.4301
20		0.5		367.36		19.8421		67.4869
20		0.5		367.68		19.8434		67.5413
20		0.5		368		19.8456		67.6044
20		0.5		368.32		19.8425		67.6598
20		0.5		368.64		19.834		67.7185
20		0.5		368.96		19.8351		67.7768
20		0.5		369.28		19.8433		67.8291
20		0.5		369.6		19.8383		67.8874
20		0.5		369.92		19.8306		67.9442
20		0.5		370.24		19.8247		68.0049
20		0.5		370.56		19.8328		68.0645
20		0.5		370.88		19.8344		68.1223
20		0.5		371.2		19.8215		68.1828
20		0.5		371.52		19.8175		68.2388
20		0.5		371.84		19.8116		68.2972
20		0.5		372.16		19.8132		68.3543
20		0.5		372.48		19.8168		68.4118
20		0.5		372.8		19.8169		68.472
20		0.5		373.12		19.822		68.5331
20		0.5		373.44		19.8214		68.5923
20		0.5		373.76		19.8193		68.6458
20		0.5		374.08		19.8135		68.7028
20		0.5		374.4		19.813		68.7625
20		0.5		374.72		19.8182		68.8212
20		0.5		375.04		19.8201		68.8803
20		0.5		375.36		19.8217		68.9403
20		0.5		375.68		19.8207		68.9969
20		0.5		376		19.819		69.051
20		0.5		376.32		19.8184		69.1069
20		0.5		376.64		19.8154		69.1637
20		0.5		376.96		19.8127		69.2271
20		0.5		377.28		19.8087		69.2794
20		0.5		377.6		19.815		69.3346
20		0.5		377.92		19.8141		69.3924
20		0.5		378.24		19.8112		69.4489
20		0.5		378.56		19.8138		69.5041
20		0.5		378.88		19.8173		69.5619
20		0.5		379.2		19.814		69.6196
20		0.5		379.52		19.8012		69.6807
20		0.5		379.84		19.8061		69.7333
20		0.5		380.16		19.7853		69.7922
20		0.5		380.48		19.7793		69.8523
20		0.5		380.8		19.7866		69.9157
20		0.5		381.12		19.7787		69.9785
20		0.5		381.44		19.781		70.0383
20		0.5		381.76		19.7875		70.0988
20		0.5		382.08		19.7971		70.1571
20		0.5		382.4		19.7904		70.2144
20		0.5		382.72		19.7919		70.2712
20		0.5		383.04		19.7965		70.3326
20		0.5		383.36		19.7954		70.3891
20		0.5		383.68		19.7943		70.4488
20		0.5		384		19.7878		70.5135
20		0.5		384.32		19.7931		70.5765
20		0.5		384.64		19.7817		70.6365
20		0.5		384.96		19.7873		70.6936
20		0.5		385.28		19.7831		70.7586
20		0.5		385.6		19.7868		70.8207
20		0.5		385.92		19.7838		70.8805
20		0.5		386.24		19.783		70.9394
20		0.5		386.56		19.7873		70.9937
20		0.5		386.88		19.7801		71.0507
20		0.5		387.2		19.7804		71.1059
20		0.5		387.52		19.7714		71.1668
20		0.5		387.84		19.7697		71.2267
20		0.5		388.16		19.7748		71.286
20		0.5		388.48		19.7782		71.349
20		0.5		388.8		19.7776		71.4083
20		0.5		389.12		19.779		71.468
20		0.5		389.44		19.7811		71.5279
20		0.5		389.76		19.7884		71.5884
20		0.5		390.08		19.7968		71.6444
20		0.5		390.4		19.8006		71.7034
20		0.5		390.72		19.7981		71.76
20		0.5		391.04		19.7919		71.8157
20		0.5		391.36		19.7801		71.8784
20		0.5		391.68		19.7749		71.9387
20		0.5		392		19.776		71.995
20		0.5		392.32		19.7731		72.0506
20		0.5		392.64		19.7784		72.1075
20		0.5		392.96		19.7761		72.1646
20		0.5		393.28		19.7821		72.2241
20		0.5		393.6		19.7889		72.2898
20		0.5		393.92		19.7903		72.3482
20		0.5		394.24		19.7854		72.405
20		0.5		394.56		19.7875		72.4601
20		0.5		394.88		19.7661		72.5184
20		0.5		395.2		19.7624		72.5822
20		0.5		395.52		19.7715		72.6417
20		0.5		395.84		19.7633		72.7012
20		0.5		396.16		19.7698		72.7591
20		0.5		396.48		19.7718		72.816
20		0.5		396.8		19.7695		72.8776
20		0.5		397.12		19.7673		72.9355
20		0.5		397.44		19.7681		72.9947
20		0.5		397.76		19.7709		73.0523
20		0.5		398.08		19.771		73.1139
20		0.5		398.4		19.7775		73.1755
20		0.5		398.72		19.7732		73.2328
20		0.5		399.04		19.7756		73.2905
20		0.5		399.36		19.7695		73.3478
20		0.5		399.68		19.7786		73.4083
20		0.5		400		19.7818		73.47
20		0.5		400.32		19.782		73.5318
20		0.5		400.64		19.7739		73.5862
20		0.5		400.96		19.7721		73.6432
20		0.5		401.28		19.7705		73.7075
20		0.5		401.6		19.7748		73.7663
20		0.5		401.92		19.7789		73.8255
20		0.5		402.24		19.7793		73.888
20		0.5		402.56		19.7909		73.9486
20		0.5		402.88		19.7946		74.0096
20		0.5		403.2		19.8014		74.069
20		0.5		403.52		19.8062		74.1245
20		0.5		403.84		19.8097		74.1814
20		0.5		404.16		19.816		74.2345
20		0.5		404.48		19.8168		74.2945
20		0.5		404.8		19.8226		74.3555
20		0.5		405.12		19.8162		74.413
20		0.5		405.44		19.8137		74.4734
20		0.5		405.76		19.8125		74.5312
20		0.5		406.08		19.8112		74.5855
20		0.5		406.4		19.8053		74.6434
20		0.5		406.72		19.7996		74.7066
20		0.5		407.04		19.7875		74.7625
20		0.5		407.36		19.7822		74.8264
20		0.5		407.68		19.7772		74.8762
20		0.5		408		19.7728		74.9393
20		0.5		408.32		19.7701		74.9961
20		0.5		408.64		19.7614		75.0496
20		0.5		408.96		19.764		75.1133
20		0.5		409.28		19.7588		75.1743
20		0.5		409.6		19.7636		75.2344
20		0.5		409.92		19.7753		75.2943
20		0.5		410.24		19.7823		75.3573
20		0.5		410.56		19.7924		75.4153
20		0.5		410.88		19.7944		75.4721
20		0.5		411.2		19.803		75.5291
20		0.5		411.52		19.8122		75.5918
20		0.5		411.84		19.8123		75.6491
20		0.5		412.16		19.8078		75.7105
20		0.5		412.48		19.803		75.7705
20		0.5		412.8		19.7984		75.8305
20		0.5		413.12		19.7872		75.8844
20		0.5		413.44		19.786		75.9385
20		0.5		413.76		19.779		75.9963
20		0.5		414.08		19.7737		76.0533
20		0.5		414.4		19.7715		76.1145
20		0.5		414.72		19.7713		76.1804
20		0.5		415.04		19.7696		76.235
20		0.5		415.36		19.7777		76.2907
20		0.5		415.68		19.7656		76.3474
20		0.5		416		19.7644		76.4056
20		0.5		416.32		19.7706		76.4641
20		0.5		416.64		19.778		76.5187
20		0.5		416.96		19.7819		76.5794
20		0.5		417.28		19.7784		76.637
20		0.5		417.6		19.7836		76.7035
20		0.5		417.92		19.7834		76.758
20		0.5		418.24		19.7906		76.82
20		0.5		418.56		19.7957		76.8802
20		0.5		418.88		19.7931		76.94
20		0.5		419.2		19.7961		77.0011
20		0.5		419.52		19.7887		77.0589
20		0.5		419.84		19.7896		77.1188
20		0.5		420.16		19.7845		77.1811
20		0.5		420.48		19.7878		77.2365
20		0.5		420.8		19.7863		77.2916
20		0.5		421.12		19.7873		77.3509
20		0.5		421.44		19.7799		77.4135
20		0.5		421.76		19.7693		77.474
20		0.5		422.08		19.7744		77.5302
20		0.5		422.4		19.772		77.5915
20		0.5		422.72		19.7656		77.6477
20		0.5		423.04		19.7637		77.7061
20		0.5		423.36		19.7591		77.7658
20		0.5		423.68		19.7524		77.8217
20		0.5		424		19.7422		77.88
20		0.5		424.32		19.7497		77.9345
20		0.5		424.64		19.755		77.9892
20		0.5		424.96		19.7555		78.0456
20		0.5		425.28		19.7532		78.0991
20		0.5		425.6		19.7566		78.1566
20		0.5		425.92		19.7478		78.2182
20		0.5		426.24		19.7485		78.2821
20		0.5		426.56		19.7474		78.345
20		0.5		426.88		19.7464		78.4035
20		0.5		427.2		19.7443		78.4608
20		0.5		427.52		19.7364		78.5191
20		0.5		427.84		19.7338		78.5723
20		0.5		428.16		19.7296		78.6351
20		0.5		428.48		19.7252		78.6934
20		0.5		428.8		19.716		78.7545
20		0.5		429.12		19.7166		78.8174
20		0.5		429.44		19.7221		78.8759
20		0.5		429.76		19.7241		78.9376
20		0.5		430.08		19.7137		78.9954
20		0.5		430.4		19.709		79.0545
20		0.5		430.72		19.7041		79.1136
20		0.5		431.04		19.6936		79.1737
20		0.5		431.36		19.6878		79.2283
20		0.5		431.68		19.6843		79.287
20		0.5		432		19.6826		79.3413
20		0.5		432.32		19.6949		79.394
20		0.5		432.64		19.702		79.4484
20		0.5		432.96		19.7014		79.5123
20		0.5		433.28		19.7048		79.5725
20		0.5		433.6		19.6984		79.6278
20		0.5		433.92		19.7005		79.6824
20		0.5		434.24		19.7031		79.7397
20		0.5		434.56		19.7054		79.7955
20		0.5		434.88		19.7106		79.857
20		0.5		435.2		19.7087		79.9137
20		0.5		435.52		19.7007		79.9694
20		0.5		435.84		19.7055		80.0309
20		0.5		436.16		19.7086		80.0937
20		0.5		436.48		19.7107		80.1499
20		0.5		436.8		19.7054		80.2066
20		0.5		437.12		19.7035		80.2704
20		0.5		437.44		19.7032		80.3238
20		0.5		437.76		19.7038		80.3803
20		0.5		438.08		19.7044		80.4322
20		0.5		438.4		19.6953		80.4917
20		0.5		438.72		19.6948		80.5531
20		0.5		439.04		19.6978		80.6092
20		0.5		439.36		19.7106		80.6652
20		0.5		439.68		19.7249		80.7198
20		0.5		440		19.7201		80.7757
20		0.5		440.32		19.7179		80.8355
20		0.5		440.64		19.711		80.8935
20		0.5		440.96		19.7197		80.9495
20		0.5		441.28		19.7165		81.0037
20		0.5		441.6		19.7159		81.0643
20		0.5		441.92		19.7224		81.1267
20		0.5		442.24		19.7222		81.1825
20		0.5		442.56		19.7237		81.2373
20		0.5		442.88		19.7204		81.2936
20		0.5		443.2		19.7319		81.3495
20		0.5		443.52		19.7368		81.4072
20		0.5		443.84		19.736		81.4631
20		0.5		444.16		19.7272		81.5205
20		0.5		444.48		19.729		81.5763
20		0.5		444.8		19.7417		81.6348
20		0.5		445.12		19.7338		81.6911
20		0.5		445.44		19.7384		81.7507
20		0.5		445.76		19.7444		81.805
20		0.5		446.08		19.7484		81.8594
20		0.5		446.4		19.7361		81.9204
20		0.5		446.72		19.7281		81.9812
20		0.5		447.04		19.7294		82.0408
20		0.5		447.36		19.721		82.1
20		0.5		447.68		19.7163		82.1582
20		0.5		448		19.7262		82.2198
20		0.5		448.32		19.7204		82.2767
20		0.5		448.64		19.7149		82.3348
20		0.5		448.96		19.7105		82.3922
20		0.5		449.28		19.7052		82.4536
20		0.5		449.6		19.7084		82.5073
20		0.5		449.92		19.7187		82.5707
20		0.5		450.24		19.7172		82.6263
20		0.5		450.56		19.7258		82.689
20		0.5		450.88		19.7323		82.7507
20		0.5		451.2		19.7294		82.8097
20		0.5		451.52		19.7352		82.8706
20		0.5		451.84		19.7347		82.9295
20		0.5		452.16		19.7327		82.9877
20		0.5		452.48		19.728		83.0505
20		0.5		452.8		19.7152		83.1099
20		0.5		453.12		19.7058		83.1698
20		0.5		453.44		19.7063		83.2325
20		0.5		453.76		19.703		83.2877
20		0.5		454.08		19.7074		83.3486
20		0.5		454.4		19.6994		83.4037
20		0.5		454.72		19.699		83.4615
20		0.5		455.04		19.6954		83.5198
20		0.5		455.36		19.6992		83.5811
20		0.5		455.68		19.7033		83.6372
20		0.5		456		19.7011		83.6935
20		0.5		456.32		19.7043		83.7526
20		0.5		456.64		19.7055		83.8127
20		0.5		456.96		19.704		83.8729
20		0.5		457.28		19.7044		83.9266
20		0.5		457.6		19.6989		83.9844
20		0.5		457.92		19.697		84.0459
20		0.5		458.24		19.6924		84.106
20		0.5		458.56		19.6842		84.1654
20		0.5		458.88		19.6893		84.2217
20		0.5		459.2		19.6863		84.28
20		0.5		459.52		19.6837		84.3422
20		0.5		459.84		19.6807		84.4051
20		0.5		460.16		19.6845		84.4629
20		0.5		460.48		19.6732		84.5259
20		0.5		460.8		19.6682		84.587
20		0.5		461.12		19.6676		84.6497
20		0.5		461.44		19.6658		84.7081
20		0.5		461.76		19.6672		84.7682
20		0.5		462.08		19.6669		84.8247
20		0.5		462.4		19.6741		84.8849
20		0.5		462.72		19.6653		84.9442
20		0.5		463.04		19.6603		85.0004
20		0.5		463.36		19.6562		85.0523
20		0.5		463.68		19.6469		85.1117
20		0.5		464		19.6632		85.1719
20		0.5		464.32		19.6627		85.2299
20		0.5		464.64		19.6561		85.2854
20		0.5		464.96		19.6566		85.3412
20		0.5		465.28		19.6535		85.3964
20		0.5		465.6		19.6499		85.4571
20		0.5		465.92		19.6498		85.5136
20		0.5		466.24		19.6555		85.5739
20		0.5		466.56		19.6561		85.6312
20		0.5		466.88		19.659		85.69
20		0.5		467.2		19.6482		85.7464
20		0.5		467.52		19.6459		85.8027
20		0.5		467.84		19.6338		85.865
20		0.5		468.16		19.6321		85.9233
20		0.5		468.48		19.6217		85.9831
20		0.5		468.8		19.6206		86.0475
20		0.5		469.12		19.6304		86.1063
20		0.5		469.44		19.6304		86.1638
20		0.5		469.76		19.6371		86.2257
20		0.5		470.08		19.6309		86.2853
20		0.5		470.4		19.6201		86.3435
20		0.5		470.72		19.6187		86.4017
20		0.5		471.04		19.6236		86.4595
20		0.5		471.36		19.619		86.5133
20		0.5		471.68		19.6162		86.5712
20		0.5		472		19.6088		86.6252
20		0.5		472.32		19.6077		86.6838
20		0.5		472.64		19.5928		86.7431
20		0.5		472.96		19.5977		86.8053
20		0.5		473.28		19.5968		86.869
20		0.5		473.6		19.598		86.9269
20		0.5		473.92		19.6043		86.9873
20		0.5		474.24		19.6043		87.0492
20		0.5		474.56		19.607		87.1074
20		0.5		474.88		19.5994		87.1643
20		0.5		475.2		19.6024		87.2205
20		0.5		475.52		19.6024		87.2796
20		0.5		475.84		19.5946		87.3386
20		0.5		476.16		19.5843		87.399
20		0.5		476.48		19.5838		87.4597
20		0.5		476.8		19.586		87.5194
20		0.5		477.12		19.5758		87.5726
20		0.5		477.44		19.5767		87.6332
20		0.5		477.76		19.5702		87.6911
20		0.5		478.08		19.5656		87.7498
20		0.5		478.4		19.5645		87.8114
20		0.5		478.72		19.5678		87.8675
20		0.5		479.04		19.5665		87.9275
20		0.5		479.36		19.5669		87.9844
20		0.5		479.68		19.5715		88.0377
20		0.5		480		19.5786		88.0959
20		0.5		480.32		19.5793		88.149
20		0.5		480.64		19.5743		88.203
20		0.5		480.96		19.5724		88.2624
20		0.5		481.28		19.5775		88.3234
20		0.5		481.6		19.5797		88.3834
20		0.5		481.92		19.5773		88.443
20		0.5		482.24		19.5692		88.5063
20		0.5		482.56		19.5782		88.5676
20		0.5		482.88		19.5843		88.6202
20		0.5		483.2		19.5854		88.6793
20		0.5		483.52		19.5776		88.7348
20		0.5		483.84		19.5818		88.7929
20		0.5		484.16		19.5812		88.8524
20		0.5		484.48		19.5824		88.9122
20		0.5		484.8		19.5712		88.9715
20		0.5		485.12		19.569		89.0334
20		0.5		485.44		19.5718		89.0931
20		0.5		485.76		19.574		89.1543
20		0.5		486.08		19.5825		89.211
20		0.5		486.4		19.5837		89.2705
20		0.5		486.72		19.5816		89.3277
20		0.5		487.04		19.5822		89.3888
20		0.5		487.36		19.5834		89.4464
20		0.5		487.68		19.573		89.5061
20		0.5		488		19.5744		89.5648
20		0.5		488.32		19.5789		89.6243
20		0.5		488.64		19.576		89.6813
20		0.5		488.96		19.5681		89.7412
20		0.5		489.28		19.5667		89.7971
20		0.5		489.6		19.5631		89.8605
20		0.5		489.92		19.571		89.9213
20		0.5		490.24		19.5753		89.9784
20		0.5		490.56		19.5817		90.0432
20		0.5		490.88		19.5791		90.1046
20		0.5		491.2		19.5737		90.162
20		0.5		491.52		19.5732		90.2188
20		0.5		491.84		19.5637		90.2763
20		0.5		492.16		19.5614		90.3326
20		0.5		492.48		19.5551		90.3912
20		0.5		492.8		19.5473		90.4468
20		0.5		493.12		19.5433		90.5043
20		0.5		493.44		19.5288		90.5644
20		0.5		493.76		19.5151		90.6196
20		0.5		494.08		19.5218		90.6725
20		0.5		494.4		19.5232		90.7329
20		0.5		494.72		19.5198		90.7894
20		0.5		495.04		19.5211		90.8547
20		0.5		495.36		19.5249		90.913
20		0.5		495.68		19.5287		90.9688
20		0.5		496		19.5316		91.0334
20		0.5		496.32		19.5239		91.0956
20		0.5		496.64		19.5176		91.1529
20		0.5		496.96		19.5126		91.2133
20		0.5		497.28		19.5225		91.2713
20		0.5		497.6		19.5258		91.3319
20		0.5		497.92		19.5219		91.3844
20		0.5		498.24		19.5279		91.4453
20		0.5		498.56		19.5299		91.4993
20		0.5		498.88		19.519		91.5597
20		0.5		499.2		19.5216		91.6175
20		0.5		499.52		19.5212		91.6786
20		0.5		499.84		19.5243		91.7404
20		0.5		500.16		19.5219		91.7943
20		0.5		500.48		19.5291		91.8516
20		0.5		500.8		19.5337		91.9077
20		0.5		501.12		19.5446		91.966
20		0.5		501.44		19.5552		92.0232
20		0.5		501.76		19.5522		92.0791
20		0.5		502.08		19.5574		92.1368
20		0.5		502.4		19.5537		92.1925
20		0.5		502.72		19.5534		92.2529
20		0.5		503.04		19.5607		92.311
20		0.5		503.36		19.5658		92.3719
20		0.5		503.68		19.5685		92.4272
20		0.5		504		19.5671		92.4856
20		0.5		504.32		19.5676		92.5427
20		0.5		504.64		19.5627		92.5966
20		0.5		504.96		19.5605		92.6534
20		0.5		505.28		19.5616		92.7092
20		0.5		505.6		19.5556		92.7668
20		0.5		505.92		19.5655		92.825
20		0.5		506.24		19.5591		92.8855
20		0.5		506.56		19.5656		92.9468
20		0.5		506.88		19.5788		93.0072
20		0.5		507.2		19.5917		93.0641
20		0.5		507.52		19.5842		93.1241
20		0.5		507.84		19.5862		93.1785
20		0.5		508.16		19.5764		93.2361
20		0.5		508.48		19.5605		93.2976
20		0.5		508.8		19.5633		93.3519
20		0.5		509.12		19.5633		93.4071
20		0.5		509.44		19.5555		93.4695
20		0.5		509.76		19.5663		93.5347
20		0.5		510.08		19.5719		93.5898
20		0.5		510.4		19.582		93.6528
20		0.5		510.72		19.5776		93.7088
20		0.5		511.04		19.5814		93.7632
20		0.5		511.36		19.5813		93.8236
20		0.5		511.68		19.5761		93.885
20		0.5		512		19.5723		93.9476
20		0.5		512.32		19.5674		94.0052
20		0.5		512.64		19.561		94.0684
20		0.5		512.96		19.5726		94.129
20		0.5		513.28		19.5725		94.1897
20		0.5		513.6		19.5813		94.2486
20		0.5		513.92		19.5738		94.3058
20		0.5		514.24		19.5764		94.3596
20		0.5		514.56		19.5745		94.4179
20		0.5		514.88		19.5784		94.472
20		0.5		515.2		19.5672		94.5344
20		0.5		515.52		19.5638		94.593
20		0.5		515.84		19.5685		94.6512
20		0.5		516.16		19.5658		94.7109
20		0.5		516.48		19.5661		94.7667
20		0.5		516.8		19.5766		94.825
20		0.5		517.12		19.5729		94.8834
20		0.5		517.44		19.5699		94.9444
20		0.5		517.76		19.5682		95.0029
20		0.5		518.08		19.5647		95.0632
20		0.5		518.4		19.5678		95.1254
20		0.5		518.72		19.5638		95.1846
20		0.5		519.04		19.5654		95.2408
20		0.5		519.36		19.5517		95.2978
20		0.5		519.68		19.5599		95.3553
20		0.5		520		19.5606		95.4135
20		0.5		520.32		19.564		95.4655
20		0.5		520.64		19.5588		95.5214
20		0.5		520.96		19.5624		95.5789
20		0.5		521.28		19.5637		95.6391
20		0.5		521.6		19.5684		95.6998
20		0.5		521.92		19.5683		95.7594
20		0.5		522.24		19.569		95.8157
20		0.5		522.56		19.5766		95.8761
20		0.5		522.88		19.5854		95.9325
20		0.5		523.2		19.5894		95.9932
20		0.5		523.52		19.5911		96.049
20		0.5		523.84		19.5823		96.1057
20		0.5		524.16		19.5842		96.1597
20		0.5		524.48		19.5787		96.2176
20		0.5		524.8		19.5724		96.2812
20		0.5		525.12		19.5783		96.3414
20		0.5		525.44		19.5824		96.4008
20		0.5		525.76		19.5859		96.4594
20		0.5		526.08		19.5906		96.5223
20		0.5		526.4		19.5903		96.5745
20		0.5		526.72		19.5901		96.6344
20		0.5		527.04		19.5944		96.6961
20		0.5		527.36		19.5924		96.7473
20		0.5		527.68		19.5932		96.8034
20		0.5		528		19.5941		96.8655
20		0.5		528.32		19.594		96.9216
20		0.5		528.64		19.5897		96.9806
20		0.5		528.96		19.5747		97.0266
20		0.5		529.28		19.5686		97.0829
20		0.5		529.6		19.567		97.1405
20		0.5		529.92		19.5775		97.2014
20		0.5		530.24		19.5793		97.2591
20		0.5		530.56		19.5813		97.3172
20		0.5		530.88		19.5771		97.3745
20		0.5		531.2		19.5739		97.4301
20		0.5		531.52		19.5585		97.4897
20		0.5		531.84		19.5465		97.5468
20		0.5		532.16		19.5438		97.605
20		0.5		532.48		19.5397		97.6637
20		0.5		532.8		19.5428		97.7215
20		0.5		533.12		19.5412		97.7835
20		0.5		533.44		19.5396		97.8408
20		0.5		533.76		19.5384		97.8969
20		0.5		534.08		19.5308		97.953
20		0.5		534.4		19.5207		98.007
20		0.5		534.72		19.5251		98.0692
20		0.5		535.04		19.5254		98.127
20		0.5		535.36		19.5352		98.1864
20		0.5		535.68		19.53		98.2443
20		0.5		536		19.5275		98.3004
20		0.5		536.32		19.5346		98.3577
20		0.5		536.64		19.5401		98.4194
20		0.5		536.96		19.5521		98.4783
20		0.5		537.28		19.5508		98.5353
20		0.5		537.6		19.5458		98.5957
20		0.5		537.92		19.538		98.6541
20		0.5		538.24		19.5335		98.713
20		0.5		538.56		19.5368		98.7723
20		0.5		538.88		19.5246		98.8309
20		0.5		539.2		19.5256		98.8885
20		0.5		539.52		19.5224		98.9474
20		0.5		539.84		19.5208		99.0048
20		0.5		540.16		19.5198		99.0575
20		0.5		540.48		19.5203		99.1199
20		0.5		540.8		19.5186		99.1727
20		0.5		541.12		19.5165		99.2301
20		0.5		541.44		19.5186		99.2908
20		0.5		541.76		19.521		99.3475
20		0.5		542.08		19.5245		99.4087
20		0.5		542.4		19.534		99.4691
20		0.5		542.72		19.5342		99.526
20		0.5		543.04		19.5321		99.5838
20		0.5		543.36		19.5371		99.6413
20		0.5		543.68		19.5293		99.6976
20		0.5		544		19.5334		99.7592
20		0.5		544.32		19.5319		99.8169
20		0.5		544.64		19.5273		99.8746
20		0.5		544.96		19.5245		99.9308
20		0.5		545.28		19.5201		99.9938
20		0.5		545.6		19.5204		100.056
20		0.5		545.92		19.5229		100.115
20		0.5		546.24		19.5195		100.171
20		0.5		546.56		19.5196		100.23
20		0.5		546.88		19.5164		100.288
20		0.5		547.2		19.5112		100.344
20		0.5		547.52		19.5081		100.398
20		0.5		547.84		19.5051		100.45
20		0.5		548.16		19.5032		100.51
20		0.5		548.48		19.4986		100.568
20		0.5		548.8		19.5004		100.627
20		0.5		549.12		19.4938		100.687
20		0.5		549.44		19.4952		100.743
20		0.5		549.76		19.4946		100.804
20		0.5		550.08		19.491		100.862
20		0.5		550.4		19.4866		100.92
20		0.5		550.72		19.4945		100.984
20		0.5		551.04		19.4805		101.045
20		0.5		551.36		19.4703		101.104
20		0.5		551.68		19.4756		101.158
20		0.5		552		19.4854		101.211
20		0.5		552.32		19.492		101.268
20		0.5		552.64		19.4934		101.328
20		0.5		552.96		19.4936		101.389
20		0.5		553.28		19.4952		101.444
20		0.5		553.6		19.4929		101.499
20		0.5		553.92		19.4927		101.56
20		0.5		554.24		19.4947		101.62
20		0.5		554.56		19.4946		101.677
20		0.5		554.88		19.4938		101.733
20		0.5		555.2		19.4833		101.789
20		0.5		555.52		19.4844		101.847
20		0.5		555.84		19.4831		101.908
20		0.5		556.16		19.4837		101.964
20		0.5		556.48		19.4814		102.022
20		0.5		556.8		19.4771		102.076
20		0.5		557.12		19.475		102.135
20		0.5		557.44		19.4724		102.2
20		0.5		557.76		19.4772		102.256
20		0.5		558.08		19.477		102.311
20		0.5		558.4		19.4756		102.37
20		0.5		558.72		19.4668		102.431
20		0.5		559.04		19.4631		102.487
20		0.5		559.36		19.4639		102.542
20		0.5		559.68		19.4551		102.601
20		0.5		560		19.4632		102.66
20		0.5		560.32		19.4584		102.714
20		0.5		560.64		19.4634		102.769
20		0.5		560.96		19.4586		102.832
20		0.5		561.28		19.468		102.893
20		0.5		561.6		19.4689		102.951
20		0.5		561.92		19.4746		103.009
20		0.5		562.24		19.4744		103.074
20		0.5		562.56		19.4756		103.128
20		0.5		562.88		19.4744		103.185
20		0.5		563.2		19.4615		103.246
20		0.5		563.52		19.4634		103.301
20		0.5		563.84		19.4637		103.364
20		0.5		564.16		19.4622		103.423
20		0.5		564.48		19.4623		103.484
20		0.5		564.8		19.463		103.538
20		0.5		565.12		19.4621		103.596
20		0.5		565.44		19.4682		103.656
20		0.5		565.76		19.4759		103.705
20		0.5		566.08		19.4832		103.76
20		0.5		566.4		19.4691		103.82
20		0.5		566.72		19.4688		103.881
20		0.5		567.04		19.4725		103.941
20		0.5		567.36		19.4621		104.003
20		0.5		567.68		19.4505		104.06
20		0.5		568		19.4528		104.122
20		0.5		568.32		19.4505		104.183
20		0.5		568.64		19.4546		104.243
20		0.5		568.96		19.459		104.3
20		0.5		569.28		19.4625		104.356
20		0.5		569.6		19.4739		104.415
20		0.5		569.92		19.477		104.472
20		0.5		570.24		19.476		104.531
20		0.5		570.56		19.4824		104.583
20		0.5		570.88		19.4776		104.645
20		0.5		571.2		19.4837		104.702
20		0.5		571.52		19.4964		104.762
20		0.5		571.84		19.493		104.824
20		0.5		572.16		19.497		104.88
20		0.5		572.48		19.4933		104.94
20		0.5		572.8		19.4839		104.998
20		0.5		573.12		19.4871		105.053
20		0.5		573.44		19.4869		105.113
20		0.5		573.76		19.4843		105.174
20		0.5		574.08		19.4835		105.228
20		0.5		574.4		19.4846		105.286
20		0.5		574.72		19.4883		105.346
20		0.5		575.04		19.4851		105.407
20		0.5		575.36		19.4892		105.46
20		0.5		575.68		19.4674		105.52
20		0.5		576		19.4644		105.579
20		0.5		576.32		19.4705		105.637
20		0.5		576.64		19.453		105.694
20		0.5		576.96		19.4536		105.753
20		0.5		577.28		19.4506		105.817
20		0.5		577.6		19.4449		105.877
20		0.5		577.92		19.449		105.94
20		0.5		578.24		19.4531		105.999
20		0.5		578.56		19.4594		106.059
20		0.5		578.88		19.4617		106.12
20		0.5		579.2		19.4704		106.179
20		0.5		579.52		19.4727		106.235
20		0.5		579.84		19.4693		106.29
20		0.5		580.16		19.4692		106.352
20		0.5		580.48		19.4797		106.412
20		0.5		580.8		19.4797		106.472
20		0.5		581.12		19.4862		106.525
20		0.5		581.44		19.4863		106.582
20		0.5		581.76		19.4896		106.64
20		0.5		582.08		19.4922		106.698
20		0.5		582.4		19.4899		106.757
20		0.5		582.72		19.484		106.817
20		0.5		583.04		19.4852		106.878
20		0.5		583.36		19.4914		106.93
20		0.5		583.68		19.4894		106.985
20		0.5		584		19.49		107.048
20		0.5		584.32		19.4898		107.106
20		0.5		584.64		19.4911		107.162
20		0.5		584.96		19.4922		107.218
20		0.5		585.28		19.4902		107.283
20		0.5		585.6		19.4844		107.341
20		0.5		585.92		19.4872		107.402
20		0.5		586.24		19.4811		107.462
20		0.5		586.56		19.4798		107.518
20		0.5		586.88		19.49		107.58
20		0.5		587.2		19.4943		107.637
20		0.5		587.52		19.4941		107.689
20		0.5		587.84		19.4952		107.75
20		0.5		588.16		19.4962		107.805
20		0.5		588.48		19.4918		107.862
20		0.5		588.8		19.49		107.921
20		0.5		589.12		19.4878		107.977
20		0.5		589.44		19.48		108.037
20		0.5		589.76		19.4777		108.09
20		0.5		590.08		19.4795		108.151
20		0.5		590.4		19.4774		108.205
20		0.5		590.72		19.4764		108.259
20		0.5		591.04		19.4764		108.319
20		0.5		591.36		19.4774		108.375
20		0.5		591.68		19.4691		108.435
20		0.5		592		19.4644		108.493
20		0.5		592.32		19.4617		108.55
20		0.5		592.64		19.4613		108.609
20		0.5		592.96		19.462		108.668
20		0.5		593.28		19.4633		108.725
20		0.5		593.6		19.4595		108.781
20		0.5		593.92		19.4585		108.842
20		0.5		594.24		19.4514		108.901
20		0.5		594.56		19.4469		108.96
20		0.5		594.88		19.4478		109.024
20		0.5		595.2		19.457		109.081
20		0.5		595.52		19.455		109.142
20		0.5		595.84		19.45		109.2
20		0.5		596.16		19.4434		109.258
20		0.5		596.48		19.4393		109.312
20		0.5		596.8		19.4429		109.364
20		0.5		597.12		19.4477		109.419
20		0.5		597.44		19.4474		109.48
20		0.5		597.76		19.4468		109.541
20		0.5		598.08		19.4541		109.6
20		0.5		598.4		19.4643		109.662
20		0.5		598.72		19.4678		109.714
20		0.5		599.04		19.4608		109.775
20		0.5		599.36		19.4658		109.832
20		0.5		599.68		19.4747		109.891
20		0.5		600		19.4679		109.947
20		0.5		600.32		19.4735		110
20		0.5		600.64		19.4684		110.06
20		0.5		600.96		19.4688		110.12
20		0.5		601.28		19.4763		110.181
20		0.5		601.6		19.4827		110.238
20		0.5		601.92		19.4749		110.294
20		0.5		602.24		19.4801		110.351
20		0.5		602.56		19.4813		110.408
20		0.5		602.88		19.4839		110.465
20		0.5		603.2		19.4814		110.526
20		0.5		603.52		19.4807		110.584
20		0.5		603.84		19.4676		110.641
20		0.5		604.16		19.4657		110.696
20		0.5		604.48		19.4654		110.753
20		0.5		604.8		19.4712		110.807
20		0.5		605.12		19.4675		110.866
20		0.5		605.44		19.4708		110.926
20		0.5		605.76		19.4625		110.987
20		0.5		606.08		19.455		111.046
20		0.5		606.4		19.4603		111.106
20		0.5		606.72		19.4659		111.167
20		0.5		607.04		19.4731		111.221
20		0.5		607.36		19.4792		111.28
20		0.5		607.68		19.474		111.337
20		0.5		608		19.4777		111.399
20		0.5		608.32		19.4832		111.461
20		0.5		608.64		19.488		111.524
20		0.5		608.96		19.4779		111.58
20		0.5		609.28		19.4786		111.645
20		0.5		609.6		19.4775		111.704
20		0.5		609.92		19.4779		111.763
20		0.5		610.24		19.487		111.823
20		0.5		610.56		19.4841		111.881
20		0.5		610.88		19.4796		111.937
20		0.5		611.2		19.4796		111.998
20		0.5		611.52		19.4857		112.061
20		0.5		611.84		19.4934		112.119
20		0.5		612.16		19.5011		112.176
20		0.5		612.48		19.5106		112.231
20		0.5		612.8		19.5185		112.291
20		0.5		613.12		19.5207		112.352
20		0.5		613.44		19.5166		112.413
20		0.5		613.76		19.5245		112.474
20		0.5		614.08		19.5226		112.536
20		0.5		614.4		19.5204		112.595
20		0.5		614.72		19.5183		112.654
20		0.5		615.04		19.5263		112.716
20		0.5		615.36		19.5166		112.774
20		0.5		615.68		19.5111		112.833
20		0.5		616		19.5104		112.894
20		0.5		616.32		19.5097		112.948
20		0.5		616.64		19.5078		113.005
20		0.5		616.96		19.515		113.06
20		0.5		617.28		19.5099		113.118
20		0.5		617.6		19.512		113.177
20		0.5		617.92		19.508		113.233
20		0.5		618.24		19.5078		113.288
20		0.5		618.56		19.5072		113.347
20		0.5		618.88		19.5167		113.405
20		0.5		619.2		19.5156		113.467
20		0.5		619.52		19.5222		113.528
20		0.5		619.84		19.5184		113.59
20		0.5		620.16		19.514		113.65
20		0.5		620.48		19.5193		113.712
20		0.5		620.8		19.5251		113.772
20		0.5		621.12		19.5327		113.827
20		0.5		621.44		19.5311		113.882
20		0.5		621.76		19.5204		113.933
20		0.5		622.08		19.5165		113.988
20		0.5		622.4		19.5184		114.047
20		0.5		622.72		19.5175		114.105
20		0.5		623.04		19.5019		114.168
20		0.5		623.36		19.4939		114.225
20		0.5		623.68		19.4978		114.283
20		0.5		624		19.4911		114.343
20		0.5		624.32		19.4881		114.4
20		0.5		624.64		19.4883		114.457
20		0.5		624.96		19.4919		114.516
20		0.5		625.28		19.4953		114.575
20		0.5		625.6		19.4877		114.631
20		0.5		625.92		19.4925		114.692
20		0.5		626.24		19.4928		114.748
20		0.5		626.56		19.4942		114.804
20		0.5		626.88		19.4941		114.863
20		0.5		627.2		19.4941		114.919
20		0.5		627.52		19.4868		114.98
20		0.5		627.84		19.4988		115.038
20		0.5		628.16		19.5011		115.096
20		0.5		628.48		19.5018		115.16
20		0.5		628.8		19.5056		115.218
20		0.5		629.12		19.5072		115.279
20		0.5		629.44		19.5043		115.339
20		0.5		629.76		19.5054		115.396
20		0.5		630.08		19.5078		115.455
20		0.5		630.4		19.5148		115.513
20		0.5		630.72		19.5172		115.573
20		0.5		631.04		19.5115		115.626
20		0.5		631.36		19.5146		115.685
20		0.5		631.68		19.5063		115.743
20		0.5		632		19.5199		115.801
20		0.5		632.32		19.5154		115.858
20		0.5		632.64		19.522		115.907
20		0.5		632.96		19.5335		115.964
20		0.5		633.28		19.5324		116.021
20		0.5		633.6		19.5245		116.081
20		0.5		633.92		19.5269		116.142
20		0.5		634.24		19.5454		116.202
20		0.5		634.56		19.5392		116.257
20		0.5		634.88		19.5352		116.319
20		0.5		635.2		19.5424		116.374
20		0.5		635.52		19.54		116.435
20		0.5		635.84		19.5388		116.495
20		0.5		636.16		19.5318		116.551
20		0.5		636.48		19.5335		116.61
20		0.5		636.8		19.541		116.67
20		0.5		637.12		19.537		116.73
20		0.5		637.44		19.5423		116.789
20		0.5		637.76		19.5381		116.849
20		0.5		638.08		19.5518		116.91
20		0.5		638.4		19.5504		116.97
20		0.5		638.72		19.5553		117.03
20		0.5		639.04		19.5677		117.089
20		0.5		639.36		19.5652		117.15
20		0.5		639.68		19.567		117.209
20		0.5		640		19.5707		117.265
20		0.5		640.32		19.5686		117.324
20		0.5		640.64		19.565		117.381
20		0.5		640.96		19.5674		117.436
20		0.5		641.28		19.5767		117.495
20		0.5		641.6		19.5716		117.551
20		0.5		641.92		19.5743		117.611
20		0.5		642.24		19.5758		117.669
20		0.5		642.56		19.5835		117.729
20		0.5		642.88		19.5907		117.787
20		0.5		643.2		19.5753		117.845
20		0.5		643.52		19.5829		117.901
20		0.5		643.84		19.574		117.959
20		0.5		644.16		19.5758		118.013
20		0.5		644.48		19.5692		118.071
20		0.5		644.8		19.5635		118.129
20		0.5		645.12		19.5679		118.19
20		0.5		645.44		19.5813		118.243
20		0.5		645.76		19.5776		118.304
20		0.5		646.08		19.5616		118.362
20		0.5		646.4		19.5594		118.423
20		0.5		646.72		19.5578		118.48
20		0.5		647.04		19.558		118.535
20		0.5		647.36		19.5596		118.599
20		0.5		647.68		19.556		118.659
20		0.5		648		19.5479		118.715
20		0.5		648.32		19.5445		118.775
20		0.5		648.64		19.5522		118.83
20		0.5		648.96		19.5479		118.891
20		0.5		649.28		19.5499		118.945
20		0.5		649.6		19.5493		119.008
20		0.5		649.92		19.5469		119.064
20		0.5		650.24		19.5424		119.123
20		0.5		650.56		19.5528		119.182
20		0.5		650.88		19.5562		119.236
20		0.5		651.2		19.5505		119.296
20		0.5		651.52		19.5455		119.353
20		0.5		651.84		19.533		119.408
20		0.5		652.16		19.5429		119.47
20		0.5		652.48		19.5369		119.526
20		0.5		652.8		19.5405		119.585
20		0.5		653.12		19.5377		119.644
20		0.5		653.44		19.5452		119.707
20		0.5		653.76		19.545		119.765
20		0.5		654.08		19.5427		119.821
20		0.5		654.4		19.5425		119.877
20		0.5		654.72		19.5438		119.933
20		0.5		655.04		19.5404		119.995
20		0.5		655.36		19.5513		120.054
20		0.5		655.68		19.5555		120.11
20		0.5		656		19.5537		120.168
20		0.5		656.32		19.5549		120.226
20		0.5		656.64		19.5467		120.281
20		0.5		656.96		19.5527		120.337
20		0.5		657.28		19.5512		120.393
20		0.5		657.6		19.543		120.448
20		0.5		657.92		19.5496		120.506
20		0.5		658.24		19.5468		120.561
20		0.5		658.56		19.5483		120.622
20		0.5		658.88		19.5432		120.677
20		0.5		659.2		19.5438		120.736
20		0.5		659.52		19.5414		120.795
20		0.5		659.84		19.5395		120.852
20		0.5		660.16		19.542		120.909
20		0.5		660.48		19.548		120.968
20		0.5		660.8		19.5468		121.028
20		0.5		661.12		19.5465		121.086
20		0.5		661.44		19.5435		121.145
20		0.5		661.76		19.544		121.208
20		0.5		662.08		19.5393		121.269
20		0.5		662.4		19.5412		121.333
20		0.5		662.72		19.5459		121.386
20		0.5		663.04		19.5335		121.448
20		0.5		663.36		19.5361		121.507
20		0.5		663.68		19.5332		121.563
20		0.5		664		19.5337		121.621
20		0.5		664.32		19.5219		121.68
20		0.5		664.64		19.5228		121.744
20		0.5		664.96		19.5178		121.807
20		0.5		665.28		19.5252		121.866
20		0.5		665.6		19.52		121.923
20		0.5		665.92		19.519		121.982
20		0.5		666.24		19.517		122.039
20		0.5		666.56		19.5198		122.098
20		0.5		666.88		19.5263		122.156
20		0.5		667.2		19.5238		122.216
20		0.5		667.52		19.5263		122.278
20		0.5		667.84		19.5246		122.333
20		0.5		668.16		19.5261		122.398
20		0.5		668.48		19.5238		122.454
20		0.5		668.8		19.5327		122.516
20		0.5		669.12		19.5357		122.571
20		0.5		669.44		19.5346		122.628
20		0.5		669.76		19.5355		122.686
20		0.5		670.08		19.5357		122.746
20		0.5		670.4		19.5355		122.809
20		0.5		670.72		19.5383		122.868
20		0.5		671.04		19.5388		122.927
20		0.5		671.36		19.5337		122.989
20		0.5		671.68		19.5233		123.05
20		0.5		672		19.5235		123.109
20		0.5		672.32		19.5213		123.172
20		0.5		672.64		19.5265		123.231
20		0.5		672.96		19.5262		123.285
20		0.5		673.28		19.5291		123.341
20		0.5		673.6		19.5345		123.398
20		0.5		673.92		19.5321		123.454
20		0.5		674.24		19.5295		123.509
20		0.5		674.56		19.5281		123.569
20		0.5		674.88		19.5249		123.629
20		0.5		675.2		19.5256		123.686
20		0.5		675.52		19.541		123.748
20		0.5		675.84		19.5365		123.804
20		0.5		676.16		19.5361		123.866
20		0.5		676.48		19.5358		123.925
20		0.5		676.8		19.5398		123.979
20		0.5		677.12		19.5496		124.038
20		0.5		677.44		19.5538		124.095
20		0.5		677.76		19.5639		124.153
20		0.5		678.08		19.5534		124.216
20		0.5		678.4		19.5577		124.276
20		0.5		678.72		19.5617		124.332
20		0.5		679.04		19.5652		124.392
20		0.5		679.36		19.5592		124.45
20		0.5		679.68		19.5591		124.508
20		0.5		680		19.5499		124.568
20		0.5		680.32		19.5445		124.629
20		0.5		680.64		19.5284		124.686
20		0.5		680.96		19.5292		124.743
20		0.5		681.28		19.5379		124.8
20		0.5		681.6		19.5503		124.863
20		0.5		681.92		19.5563		124.917
20		0.5		682.24		19.5638		124.977
20		0.5		682.56		19.5619		125.036
20		0.5		682.88		19.5653		125.092
20		0.5		683.2		19.5726		125.15
20		0.5		683.52		19.5778		125.207
20		0.5		683.84		19.5818		125.264
20		0.5		684.16		19.5873		125.321
20		0.5		684.48		19.5963		125.379
20		0.5		684.8		19.5833		125.438
20		0.5		685.12		19.5787		125.497
20		0.5		685.44		19.5769		125.554
20		0.5		685.76		19.5775		125.61
20		0.5		686.08		19.5778		125.668
20		0.5		686.4		19.5745		125.726
20		0.5		686.72		19.5728		125.786
20		0.5		687.04		19.5764		125.843
20		0.5		687.36		19.5805		125.903
20		0.5		687.68		19.5812		125.964
20		0.5		688		19.5897		126.021
20		0.5		688.32		19.5822		126.081
20		0.5		688.64		19.5822		126.141
20		0.5		688.96		19.5803		126.2
20		0.5		689.28		19.578		126.254
20		0.5		689.6		19.572		126.317
20		0.5		689.92		19.57		126.373
20		0.5		690.24		19.5775		126.43
20		0.5		690.56		19.5775		126.487
20		0.5		690.88		19.5698		126.544
20		0.5		691.2		19.5675		126.601
20		0.5		691.52		19.5628		126.657
20		0.5		691.84		19.5628		126.715
20		0.5		692.16		19.5537		126.774
20		0.5		692.48		19.5509		126.834
20		0.5		692.8		19.5504		126.889
20		0.5		693.12		19.5486		126.949
20		0.5		693.44		19.5523		127.009
20		0.5		693.76		19.5554		127.065
20		0.5		694.08		19.5623		127.122
20		0.5		694.4		19.5641		127.175
20		0.5		694.72		19.5623		127.238
20		0.5		695.04		19.5684		127.299
20		0.5		695.36		19.5703		127.358
20		0.5		695.68		19.5706		127.419
20		0.5		696		19.574		127.481
20		0.5		696.32		19.5821		127.538
20		0.5		696.64		19.5837		127.599
20		0.5		696.96		19.5849		127.657
20		0.5		697.28		19.5868		127.715
20		0.5		697.6		19.585		127.777
20		0.5		697.92		19.5953		127.843
20		0.5		698.24		19.5986		127.899
20		0.5		698.56		19.6023		127.956
20		0.5		698.88		19.5967		128.013
20		0.5		699.2		19.5959		128.076
20		0.5		699.52		19.5973		128.133
20		0.5		699.84		19.6003		128.195
20		0.5		700.16		19.5945		128.254
20		0.5		700.48		19.5931		128.312
20		0.5		700.8		19.5944		128.371
20		0.5		701.12		19.5937		128.424
20		0.5		701.44		19.5896		128.485
20		0.5		701.76		19.5877		128.545
20		0.5		702.08		19.5872		128.601
20		0.5		702.4		19.586		128.661
20		0.5		702.72		19.5866		128.72
20		0.5		703.04		19.59		128.776
20		0.5		703.36		19.5838		128.834
20		0.5		703.68		19.5926		128.895
20		0.5		704		19.5916		128.955
20		0.5		704.32		19.5837		129.018
20		0.5		704.64		19.5902		129.075
20		0.5		704.96		19.5918		129.135
20		0.5		705.28		19.5908		129.191
20		0.5		705.6		19.5854		129.252
20		0.5		705.92		19.5787		129.31
20		0.5		706.24		19.5857		129.367
20		0.5		706.56		19.5771		129.432
20		0.5		706.88		19.5888		129.494
20		0.5		707.2		19.593		129.555
20		0.5		707.52		19.5924		129.613
20		0.5		707.84		19.5977		129.674
20		0.5		708.16		19.6098		129.734
20		0.5		708.48		19.6057		129.791
20		0.5		708.8		19.5905		129.853
20		0.5		709.12		19.5836		129.905
20		0.5		709.44		19.5712		129.963
20		0.5		709.76		19.5676		130.02
20		0.5		710.08		19.5824		130.084
20		0.5		710.4		19.5846		130.142
20		0.5		710.72		19.5862		130.201
20		0.5		711.04		19.581		130.259
20		0.5		711.36		19.5758		130.321
20		0.5		711.68		19.5801		130.379
20		0.5		712		19.574		130.444
20		0.5		712.32		19.5712		130.503
20		0.5		712.64		19.5733		130.564
20		0.5		712.96		19.5758		130.618
20		0.5		713.28		19.5684		130.681
20		0.5		713.6		19.5712		130.742
20		0.5		713.92		19.5613		130.8
20		0.5		714.24		19.576		130.858
20		0.5		714.56		19.5786		130.915
20		0.5		714.88		19.5781		130.973
20		0.5		715.2		19.5779		131.032
20		0.5		715.52		19.5725		131.093
20		0.5		715.84		19.5764		131.149
20		0.5		716.16		19.5819		131.206
20		0.5		716.48		19.5847		131.264
20		0.5		716.8		19.5774		131.323
20		0.5		717.12		19.5872		131.382
20		0.5		717.44		19.5809		131.44
20		0.5		717.76		19.5753		131.494
20		0.5		718.08		19.5749		131.559
20		0.5		718.4		19.5685		131.617
20		0.5		718.72		19.566		131.674
20		0.5		719.04		19.5615		131.733
20		0.5		719.36		19.5575		131.79
20		0.5		719.68		19.5536		131.851
20		0.5		720		19.5595		131.904
20		0.5		720.32		19.5617		131.962
20		0.5		720.64		19.563		132.022
20		0.5		720.96		19.5657		132.082
20		0.5		721.28		19.5504		132.143
20		0.5		721.6		19.54		132.206
20		0.5		721.92		19.5406		132.264
20		0.5		722.24		19.5457		132.322
20		0.5		722.56		19.5419		132.385
20		0.5		722.88		19.5484		132.452
20		0.5		723.2		19.5439		132.512
20		0.5		723.52		19.5521		132.568
20		0.5		723.84		19.5554		132.627
20		0.5		724.16		19.5628		132.688
20		0.5		724.48		19.564		132.752
20		0.5		724.8		19.5672		132.813
20		0.5		725.12		19.5567		132.87
20		0.5		725.44		19.561		132.925
20		0.5		725.76		19.553		132.984
20		0.5		726.08		19.5625		133.046
20		0.5		726.4		19.5595		133.102
20		0.5		726.72		19.5525		133.161
20		0.5		727.04		19.555		133.22
20		0.5		727.36		19.5583		133.283
20		0.5		727.68		19.5648		133.344
20		0.5		728		19.5712		133.402
20		0.5		728.32		19.5614		133.458
20		0.5		728.64		19.5546		133.515
20		0.5		728.96		19.5565		133.576
20		0.5		729.28		19.5505		133.636
20		0.5		729.6		19.5558		133.694
20		0.5		729.92		19.5523		133.753
20		0.5		730.24		19.5572		133.808
20		0.5		730.56		19.5517		133.866
20		0.5		730.88		19.5582		133.924
20		0.5		731.2		19.5583		133.981
20		0.5		731.52		19.5631		134.04
20		0.5		731.84		19.5663		134.099
20		0.5		732.16		19.5574		134.157
20		0.5		732.48		19.5575		134.216
20		0.5		732.8		19.5521		134.274
20		0.5		733.12		19.546		134.324
20		0.5		733.44		19.552		134.384
20		0.5		733.76		19.5592		134.442
20		0.5		734.08		19.5594		134.502
20		0.5		734.4		19.5577		134.56
20		0.5		734.72		19.557		134.617
20		0.5		735.04		19.5544		134.673
20		0.5		735.36		19.5543		134.728
20		0.5		735.68		19.5546		134.785
20		0.5		736		19.5468		134.844
20		0.5		736.32		19.5467		134.901
20		0.5		736.64		19.5406		134.962
20		0.5		736.96		19.5389		135.025
20		0.5		737.28		19.5498		135.085
20		0.5		737.6		19.5472		135.142
20		0.5		737.92		19.5485		135.201
20		0.5		738.24		19.5388		135.256
20		0.5		738.56		19.5465		135.313
20		0.5		738.88		19.5496		135.37
20		0.5		739.2		19.5485		135.432
20		0.5		739.52		19.5441		135.494
20		0.5		739.84		19.5488		135.552
20		0.5		740.16		19.5477		135.611
20		0.5		740.48		19.5437		135.668
20		0.5		740.8		19.5412		135.727
20		0.5		741.12		19.5384		135.786
20		0.5		741.44		19.5351		135.843
20		0.5		741.76		19.5305		135.904
20		0.5		742.08		19.5337		135.963
20		0.5		742.4		19.5294		136.023
20		0.5		742.72		19.5335		136.081
20		0.5		743.04		19.5383		136.138
20		0.5		743.36		19.5357		136.198
20		0.5		743.68		19.5356		136.257
20		0.5		744		19.5275		136.314
20		0.5		744.32		19.5206		136.369
20		0.5		744.64		19.5279		136.425
20		0.5		744.96		19.5292		136.484
20		0.5		745.28		19.5248		136.542
20		0.5		745.6		19.5255		136.6
20		0.5		745.92		19.5297		136.66
20		0.5		746.24		19.5242		136.722
20		0.5		746.56		19.5235		136.781
20		0.5		746.88		19.5238		136.836
20		0.5		747.2		19.5256		136.896
20		0.5		747.52		19.515		136.953
20		0.5		747.84		19.516		137.011
20		0.5		748.16		19.5182		137.07
20		0.5		748.48		19.5214		137.126
20		0.5		748.8		19.5108		137.184
20		0.5		749.12		19.5061		137.24
20		0.5		749.44		19.5033		137.297
20		0.5		749.76		19.5128		137.357
20		0.5		750.08		19.5163		137.417
20		0.5		750.4		19.5101		137.474
20		0.5		750.72		19.5191		137.535
20		0.5		751.04		19.5184		137.595
20		0.5		751.36		19.5214		137.651
20		0.5		751.68		19.5188		137.709
20		0.5		752		19.517		137.772
20		0.5		752.32		19.512		137.833
20		0.5		752.64		19.5037		137.892
20		0.5		752.96		19.5052		137.95
20		0.5		753.28		19.5055		138.005
20		0.5		753.6		19.5103		138.06
20		0.5		753.92		19.5194		138.12
20		0.5		754.24		19.524		138.176
20		0.5		754.56		19.5307		138.234
20		0.5		754.88		19.5355		138.291
20		0.5		755.2		19.5202		138.349
20		0.5		755.52		19.5125		138.4
20		0.5		755.84		19.5139		138.459
20		0.5		756.16		19.5217		138.51
20		0.5		756.48		19.5183		138.57
20		0.5		756.8		19.5111		138.627
20		0.5		757.12		19.5076		138.683
20		0.5		757.44		19.5081		138.742
20		0.5		757.76		19.4977		138.804
20		0.5		758.08		19.499		138.862
20		0.5		758.4		19.4946		138.924
20		0.5		758.72		19.4914		138.981
20		0.5		759.04		19.4896		139.039
20		0.5		759.36		19.5024		139.098
20		0.5		759.68		19.4977		139.158
20		0.5		760		19.5		139.216
20		0.5		760.32		19.4966		139.27
20		0.5		760.64		19.4981		139.334
20		0.5		760.96		19.4928		139.385
20		0.5		761.28		19.4932		139.447
20		0.5		761.6		19.491		139.505
20		0.5		761.92		19.4914		139.563
20		0.5		762.24		19.4807		139.621
20		0.5		762.56		19.4879		139.681
20		0.5		762.88		19.4874		139.739
20		0.5		763.2		19.4932		139.796
20		0.5		763.52		19.5029		139.853
20		0.5		763.84		19.5049		139.913
20		0.5		764.16		19.5036		139.971
20		0.5		764.48		19.5032		140.026
20		0.5		764.8		19.4953		140.077
20		0.5		765.12		19.4962		140.137
20		0.5		765.44		19.4966		140.196
20		0.5		765.76		19.501		140.257
20		0.5		766.08		19.4982		140.315
20		0.5		766.4		19.5051		140.372
20		0.5		766.72		19.5128		140.431
20		0.5		767.04		19.5174		140.493
20		0.5		767.36		19.5069		140.549
20		0.5		767.68		19.5044		140.606
20		0.5		768		19.4984		140.662
20		0.5		768.32		19.4989		140.72
20		0.5		768.64		19.4984		140.782
20		0.5		768.96		19.4993		140.842
20		0.5		769.28		19.4936		140.897
20		0.5		769.6		19.4896		140.96
20		0.5		769.92		19.4889		141.016
20		0.5		770.24		19.4864		141.07
20		0.5		770.56		19.4869		141.124
20		0.5		770.88		19.4936		141.182
20		0.5		771.2		19.4827		141.241
20		0.5		771.52		19.4754		141.301
20		0.5		771.84		19.4792		141.36
20		0.5		772.16		19.4826		141.417
20		0.5		772.48		19.4878		141.478
20		0.5		772.8		19.497		141.541
20		0.5		773.12		19.4936		141.598
20		0.5		773.44		19.4968		141.655
20		0.5		773.76		19.4952		141.709
20		0.5		774.08		19.4931		141.77
20		0.5		774.4		19.4924		141.832
20		0.5		774.72		19.488		141.889
20		0.5		775.04		19.4779		141.945
20		0.5		775.36		19.4846		142.004
20		0.5		775.68		19.4853		142.064
20		0.5		776		19.4861		142.122
20		0.5		776.32		19.4865		142.179
20		0.5		776.64		19.4807		142.237
20		0.5		776.96		19.4842		142.298
20		0.5		777.28		19.4813		142.353
20		0.5		777.6		19.4767		142.411
20		0.5		777.92		19.4779		142.466
20		0.5		778.24		19.4794		142.526
20		0.5		778.56		19.4855		142.589
20		0.5		778.88		19.4803		142.653
20		0.5		779.2		19.4722		142.705
20		0.5		779.52		19.4759		142.755
20		0.5		779.84		19.4753		142.812
20		0.5		780.16		19.4704		142.87
20		0.5		780.48		19.4687		142.925
20		0.5		780.8		19.4714		142.981
20		0.5		781.12		19.4815		143.038
20		0.5		781.44		19.48		143.091
20		0.5		781.76		19.4844		143.146
20		0.5		782.08		19.4817		143.203
20		0.5		782.4		19.4862		143.262
20		0.5		782.72		19.4922		143.32
20		0.5		783.04		19.4931		143.378
20		0.5		783.36		19.4923		143.431
20		0.5		783.68		19.4892		143.491
20		0.5		784		19.484		143.548
20		0.5		784.32		19.4766		143.608
20		0.5		784.64		19.4776		143.664
20		0.5		784.96		19.4703		143.723
20		0.5		785.28		19.4786		143.777
20		0.5		785.6		19.4767		143.833
20		0.5		785.92		19.4742		143.892
20		0.5		786.24		19.4747		143.953
20		0.5		786.56		19.4695		144.015
20		0.5		786.88		19.4759		144.068
20		0.5		787.2		19.4702		144.13
20		0.5		787.52		19.4676		144.19
20		0.5		787.84		19.4672		144.247
20		0.5		788.16		19.4707		144.307
20		0.5		788.48		19.4765		144.36
20		0.5		788.8		19.4783		144.419
20		0.5		789.12		19.4911		144.482
20		0.5		789.44		19.4904		144.542
20		0.5		789.76		19.5023		144.601
20		0.5		790.08		19.513		144.66
20		0.5		790.4		19.512		144.714
20		0.5		790.72		19.5117		144.775
20		0.5		791.04		19.5056		144.831
20		0.5		791.36		19.5153		144.89
20		0.5		791.68		19.5125		144.947
20		0.5		792		19.514		145.002
20		0.5		792.32		19.5092		145.055
20		0.5		792.64		19.5108		145.115
20		0.5		792.96		19.5179		145.175
20		0.5		793.28		19.5213		145.233
20		0.5		793.6		19.5152		145.29
20		0.5		793.92		19.5132		145.35
20		0.5		794.24		19.5095		145.404
20		0.5		794.56		19.5083		145.464
20		0.5		794.88		19.5041		145.523
20		0.5		795.2		19.5041		145.587
20		0.5		795.52		19.4978		145.656
20		0.5		795.84		19.4953		145.719
20		0.5		796.16		19.4907		145.783
20		0.5		796.48		19.4845		145.848
20		0.5		796.8		19.4825		145.912
20		0.5		797.12		19.4953		145.973
20		0.5		797.44		19.4978		146.035
20		0.5		797.754		19.4911		146.1
