#########################################################################
#Electron Drift Line StepTime=0.32us at rIN=20cm				#
#rIN_cm		zIN_cm		DriftTimeIN_us	rOUT_cm		z_OUT_cm#
#########################################################################
20		0.5		0.32		20.0035		0.554556
20		0.5		0.64		20.0111		0.617165
20		0.5		0.96		20.0159		0.679782
20		0.5		1.28		20.0117		0.736577
20		0.5		1.6		20.0112		0.791515
20		0.5		1.92		20.0112		0.85275
20		0.5		2.24		20.0044		0.910798
20		0.5		2.56		19.9936		0.96915
20		0.5		2.88		19.9905		1.03277
20		0.5		3.2		19.9913		1.09211
20		0.5		3.52		19.9937		1.15585
20		0.5		3.84		19.9991		1.21175
20		0.5		4.16		19.9904		1.2708
20		0.5		4.48		19.9868		1.3237
20		0.5		4.8		19.9876		1.38056
20		0.5		5.12		19.9904		1.43502
20		0.5		5.44		19.9942		1.49085
20		0.5		5.76		20.0042		1.55475
20		0.5		6.08		20.008		1.61614
20		0.5		6.4		20.0178		1.67067
20		0.5		6.72		20.0146		1.72679
20		0.5		7.04		20.0244		1.7872
20		0.5		7.36		20.0305		1.84954
20		0.5		7.68		20.029		1.90937
20		0.5		8		20.0282		1.96579
20		0.5		8.32		20.0277		2.02503
20		0.5		8.64		20.0324		2.08601
20		0.5		8.96		20.0333		2.14036
20		0.5		9.28		20.037		2.19915
20		0.5		9.6		20.025		2.25783
20		0.5		9.92		20.0212		2.31505
20		0.5		10.24		20.0228		2.37691
20		0.5		10.56		20.0158		2.43348
20		0.5		10.88		20.0147		2.49348
20		0.5		11.2		20.0189		2.55237
20		0.5		11.52		20.0237		2.61124
20		0.5		11.84		20.0199		2.66728
20		0.5		12.16		20.0189		2.73096
20		0.5		12.48		20.0162		2.7914
20		0.5		12.8		20.0263		2.85374
20		0.5		13.12		20.0287		2.91037
20		0.5		13.44		20.0303		2.97162
20		0.5		13.76		20.0279		3.02691
20		0.5		14.08		20.0384		3.08377
20		0.5		14.4		20.0372		3.14394
20		0.5		14.72		20.0427		3.20448
20		0.5		15.04		20.0469		3.26408
20		0.5		15.36		20.0429		3.32544
20		0.5		15.68		20.0336		3.38573
20		0.5		16		20.0284		3.44131
20		0.5		16.32		20.0288		3.50058
20		0.5		16.64		20.0244		3.55668
20		0.5		16.96		20.0335		3.6099
20		0.5		17.28		20.0245		3.66459
20		0.5		17.6		20.0246		3.72062
20		0.5		17.92		20.0248		3.77639
20		0.5		18.24		20.0172		3.83742
20		0.5		18.56		20.0091		3.89917
20		0.5		18.88		20.0103		3.95513
20		0.5		19.2		19.9976		4.01166
20		0.5		19.52		20.0035		4.07172
20		0.5		19.84		20.0024		4.12946
20		0.5		20.16		19.9981		4.18546
20		0.5		20.48		20.0049		4.24461
20		0.5		20.8		19.9981		4.29517
20		0.5		21.12		20		4.35818
20		0.5		21.44		20.0021		4.41461
20		0.5		21.76		20.0021		4.47893
20		0.5		22.08		20.0033		4.5366
20		0.5		22.4		20.0081		4.59287
20		0.5		22.72		20.0158		4.6485
20		0.5		23.04		20.0148		4.70549
20		0.5		23.36		20.0173		4.76266
20		0.5		23.68		20.0157		4.81986
20		0.5		24		20.0189		4.88253
20		0.5		24.32		20.0198		4.93797
20		0.5		24.64		20.0196		4.992
20		0.5		24.96		20.0121		5.05266
20		0.5		25.28		20.0073		5.11389
20		0.5		25.6		19.9965		5.17047
20		0.5		25.92		19.9974		5.22831
20		0.5		26.24		19.9993		5.29228
20		0.5		26.56		19.9949		5.34955
20		0.5		26.88		19.9999		5.40419
20		0.5		27.2		20.0052		5.46227
20		0.5		27.52		20.0003		5.52629
20		0.5		27.84		19.999		5.59011
20		0.5		28.16		20.0038		5.65199
20		0.5		28.48		20.0084		5.70862
20		0.5		28.8		20.0076		5.76111
20		0.5		29.12		20.0074		5.81996
20		0.5		29.44		20.0138		5.88348
20		0.5		29.76		20.0157		5.94446
20		0.5		30.08		20.015		6.00439
20		0.5		30.4		20.0119		6.06046
20		0.5		30.72		20.0142		6.11798
20		0.5		31.04		20.0116		6.17732
20		0.5		31.36		20.0034		6.23567
20		0.5		31.68		20.0081		6.2993
20		0.5		32		20.0042		6.35624
20		0.5		32.32		20.0038		6.41573
20		0.5		32.64		20.0035		6.47684
20		0.5		32.96		20.0012		6.53755
20		0.5		33.28		20.0095		6.60502
20		0.5		33.6		20.0104		6.6641
20		0.5		33.92		20.0101		6.72029
20		0.5		34.24		20.0054		6.77886
20		0.5		34.56		20.0109		6.84043
20		0.5		34.88		20.0158		6.90081
20		0.5		35.2		20.0116		6.95732
20		0.5		35.52		20.022		7.01275
20		0.5		35.84		20.0217		7.06942
20		0.5		36.16		20.0207		7.12959
20		0.5		36.48		20.0217		7.18829
20		0.5		36.8		20.0242		7.24806
20		0.5		37.12		20.0296		7.30212
20		0.5		37.44		20.0204		7.35713
20		0.5		37.76		20.0175		7.41722
20		0.5		38.08		20.0155		7.47064
20		0.5		38.4		20.0066		7.52575
20		0.5		38.72		20.0054		7.58665
20		0.5		39.04		20.009		7.6433
20		0.5		39.36		20.0205		7.69906
20		0.5		39.68		20.0191		7.75826
20		0.5		40		20.0221		7.81964
20		0.5		40.32		20.0201		7.8766
20		0.5		40.64		20.0251		7.93604
20		0.5		40.96		20.0228		7.99723
20		0.5		41.28		20.0232		8.05631
20		0.5		41.6		20.0139		8.11151
20		0.5		41.92		20.0161		8.17095
20		0.5		42.24		20.0197		8.22661
20		0.5		42.56		20.0192		8.28533
20		0.5		42.88		20.0106		8.34539
20		0.5		43.2		20.0186		8.40296
20		0.5		43.52		20.0184		8.46253
20		0.5		43.84		20.0165		8.51936
20		0.5		44.16		20.0245		8.57862
20		0.5		44.48		20.0181		8.63897
20		0.5		44.8		20.0131		8.69549
20		0.5		45.12		20.0141		8.76154
20		0.5		45.44		20.0162		8.8151
20		0.5		45.76		20.0166		8.87306
20		0.5		46.08		20.0244		8.92882
20		0.5		46.4		20.0229		8.98833
20		0.5		46.72		20.0134		9.04641
20		0.5		47.04		20.0133		9.10359
20		0.5		47.36		20.0133		9.15688
20		0.5		47.68		20.0129		9.21705
20		0.5		48		20.0077		9.27809
20		0.5		48.32		20.0021		9.33355
20		0.5		48.64		20.0118		9.39246
20		0.5		48.96		20.0135		9.44638
20		0.5		49.28		20.0093		9.50566
20		0.5		49.6		20.0032		9.56931
20		0.5		49.92		20.0067		9.6282
20		0.5		50.24		20.0107		9.69307
20		0.5		50.56		20.0148		9.74809
20		0.5		50.88		20.0128		9.80582
20		0.5		51.2		20.0038		9.86775
20		0.5		51.52		20.0013		9.92771
20		0.5		51.84		20.0048		9.98691
20		0.5		52.16		20.0077		10.044
20		0.5		52.48		20.0064		10.1054
20		0.5		52.8		20.0009		10.1663
20		0.5		53.12		19.9943		10.227
20		0.5		53.44		19.9867		10.2833
20		0.5		53.76		19.9801		10.3454
20		0.5		54.08		19.9691		10.4046
20		0.5		54.4		19.9714		10.4645
20		0.5		54.72		19.972		10.5179
20		0.5		55.04		19.9701		10.5762
20		0.5		55.36		19.9793		10.6305
20		0.5		55.68		19.9817		10.6911
20		0.5		56		19.9872		10.7487
20		0.5		56.32		19.9875		10.8041
20		0.5		56.64		19.9899		10.8645
20		0.5		56.96		19.995		10.9246
20		0.5		57.28		19.9925		10.9829
20		0.5		57.6		19.9963		11.04
20		0.5		57.92		20.0026		11.0981
20		0.5		58.24		20.0146		11.1591
20		0.5		58.56		20.0098		11.2206
20		0.5		58.88		20.0073		11.2757
20		0.5		59.2		20.0046		11.3367
20		0.5		59.52		20.0068		11.3938
20		0.5		59.84		20.0074		11.4544
20		0.5		60.16		20.0037		11.5149
20		0.5		60.48		19.9989		11.5748
20		0.5		60.8		19.9997		11.633
20		0.5		61.12		19.9983		11.689
20		0.5		61.44		19.9978		11.7463
20		0.5		61.76		20.0033		11.8082
20		0.5		62.08		20.0082		11.869
20		0.5		62.4		20.002		11.9235
20		0.5		62.72		20.0112		11.9847
20		0.5		63.04		20.0063		12.0442
20		0.5		63.36		20.007		12.1006
20		0.5		63.68		20.0194		12.1572
20		0.5		64		20.0147		12.2181
20		0.5		64.32		20.0292		12.2765
20		0.5		64.64		20.0308		12.3324
20		0.5		64.96		20.0328		12.3917
20		0.5		65.28		20.0281		12.4535
20		0.5		65.6		20.0345		12.5094
20		0.5		65.92		20.0367		12.5679
20		0.5		66.24		20.0341		12.626
20		0.5		66.56		20.039		12.6862
20		0.5		66.88		20.0373		12.7473
20		0.5		67.2		20.0412		12.8058
20		0.5		67.52		20.0387		12.8605
20		0.5		67.84		20.038		12.9188
20		0.5		68.16		20.0386		12.9788
20		0.5		68.48		20.0468		13.0398
20		0.5		68.8		20.0406		13.1003
20		0.5		69.12		20.0367		13.1577
20		0.5		69.44		20.0427		13.2154
20		0.5		69.76		20.0463		13.2749
20		0.5		70.08		20.0436		13.3364
20		0.5		70.4		20.0393		13.3969
20		0.5		70.72		20.0359		13.4554
20		0.5		71.04		20.0403		13.5156
20		0.5		71.36		20.0398		13.5776
20		0.5		71.68		20.0355		13.6365
20		0.5		72		20.0392		13.6957
20		0.5		72.32		20.0404		13.7578
20		0.5		72.64		20.0436		13.8121
20		0.5		72.96		20.0425		13.8742
20		0.5		73.28		20.0461		13.933
20		0.5		73.6		20.0463		13.9888
20		0.5		73.92		20.0464		14.0504
20		0.5		74.24		20.0539		14.106
20		0.5		74.56		20.0586		14.1681
20		0.5		74.88		20.0659		14.226
20		0.5		75.2		20.0651		14.279
20		0.5		75.52		20.0549		14.3388
20		0.5		75.84		20.046		14.3965
20		0.5		76.16		20.0568		14.4542
20		0.5		76.48		20.0639		14.5168
20		0.5		76.8		20.0755		14.5777
20		0.5		77.12		20.082		14.6374
20		0.5		77.44		20.0844		14.6955
20		0.5		77.76		20.0844		14.7521
20		0.5		78.08		20.0812		14.809
20		0.5		78.4		20.0791		14.8706
20		0.5		78.72		20.0696		14.9272
20		0.5		79.04		20.0789		14.9919
20		0.5		79.36		20.0818		15.0502
20		0.5		79.68		20.0854		15.1067
20		0.5		80		20.0871		15.1657
20		0.5		80.32		20.0795		15.226
20		0.5		80.64		20.0736		15.2819
20		0.5		80.96		20.0722		15.3423
20		0.5		81.28		20.0747		15.3998
20		0.5		81.6		20.0759		15.4622
20		0.5		81.92		20.0761		15.5192
20		0.5		82.24		20.0803		15.5789
20		0.5		82.56		20.0757		15.6354
20		0.5		82.88		20.077		15.6908
20		0.5		83.2		20.0764		15.7524
20		0.5		83.52		20.0766		15.8101
20		0.5		83.84		20.0615		15.8708
20		0.5		84.16		20.0607		15.9257
20		0.5		84.48		20.069		15.9819
20		0.5		84.8		20.0697		16.0406
20		0.5		85.12		20.0653		16.0953
20		0.5		85.44		20.0635		16.1586
20		0.5		85.76		20.0581		16.2156
20		0.5		86.08		20.0604		16.2746
20		0.5		86.4		20.0548		16.3328
20		0.5		86.72		20.0505		16.393
20		0.5		87.04		20.0454		16.4525
20		0.5		87.36		20.0509		16.5153
20		0.5		87.68		20.0487		16.5725
20		0.5		88		20.0489		16.6277
20		0.5		88.32		20.0615		16.6861
20		0.5		88.64		20.0656		16.7467
20		0.5		88.96		20.066		16.8055
20		0.5		89.28		20.0624		16.8648
20		0.5		89.6		20.0655		16.9201
20		0.5		89.92		20.0594		16.9777
20		0.5		90.24		20.0542		17.035
20		0.5		90.56		20.0473		17.0893
20		0.5		90.88		20.0423		17.1478
20		0.5		91.2		20.0362		17.208
20		0.5		91.52		20.0457		17.2648
20		0.5		91.84		20.0384		17.3196
20		0.5		92.16		20.0454		17.3772
20		0.5		92.48		20.0425		17.4359
20		0.5		92.8		20.0391		17.4958
20		0.5		93.12		20.0395		17.5493
20		0.5		93.44		20.0391		17.6045
20		0.5		93.76		20.0362		17.6694
20		0.5		94.08		20.041		17.7339
20		0.5		94.4		20.0406		17.7938
20		0.5		94.72		20.0488		17.8546
20		0.5		95.04		20.0607		17.911
20		0.5		95.36		20.0569		17.9694
20		0.5		95.68		20.0474		18.0241
20		0.5		96		20.0554		18.082
20		0.5		96.32		20.0481		18.1452
20		0.5		96.64		20.0548		18.2031
20		0.5		96.96		20.0494		18.2637
20		0.5		97.28		20.0437		18.3255
20		0.5		97.6		20.0456		18.3847
20		0.5		97.92		20.0348		18.4407
20		0.5		98.24		20.0311		18.4946
20		0.5		98.56		20.0219		18.5498
20		0.5		98.88		20.0178		18.6111
20		0.5		99.2		20.0175		18.6692
20		0.5		99.52		20.0053		18.7212
20		0.5		99.84		20.0046		18.7831
20		0.5		100.16		20.0086		18.8404
20		0.5		100.48		20.0033		18.896
20		0.5		100.8		20.0056		18.9525
20		0.5		101.12		20.0125		19.0111
20		0.5		101.44		20.0175		19.0731
20		0.5		101.76		20.0132		19.1329
20		0.5		102.08		20.0027		19.1914
20		0.5		102.4		19.9971		19.2504
20		0.5		102.72		19.9866		19.3079
20		0.5		103.04		19.9916		19.3707
20		0.5		103.36		19.9911		19.427
20		0.5		103.68		19.9873		19.4838
20		0.5		104		19.9855		19.5408
20		0.5		104.32		19.9765		19.6001
20		0.5		104.64		19.9721		19.659
20		0.5		104.96		19.979		19.7162
20		0.5		105.28		19.9793		19.776
20		0.5		105.6		19.9783		19.8304
20		0.5		105.92		19.9752		19.8931
20		0.5		106.24		19.9744		19.9486
20		0.5		106.56		19.9693		20.0078
20		0.5		106.88		19.9735		20.0627
20		0.5		107.2		19.9732		20.1215
20		0.5		107.52		19.9637		20.1832
20		0.5		107.84		19.9684		20.2421
20		0.5		108.16		19.9664		20.3016
20		0.5		108.48		19.9708		20.3569
20		0.5		108.8		19.9556		20.4143
20		0.5		109.12		19.9561		20.4737
20		0.5		109.44		19.9541		20.537
20		0.5		109.76		19.9632		20.5984
20		0.5		110.08		19.9611		20.6555
20		0.5		110.4		19.9687		20.7118
20		0.5		110.72		19.9725		20.7726
20		0.5		111.04		19.9638		20.827
20		0.5		111.36		19.9611		20.8858
20		0.5		111.68		19.9516		20.9419
20		0.5		112		19.9474		20.9983
20		0.5		112.32		19.9495		21.0566
20		0.5		112.64		19.9465		21.1155
20		0.5		112.96		19.959		21.1725
20		0.5		113.28		19.9554		21.2299
20		0.5		113.6		19.9462		21.2938
20		0.5		113.92		19.9462		21.3543
20		0.5		114.24		19.9452		21.4092
20		0.5		114.56		19.9479		21.4726
20		0.5		114.88		19.9415		21.5281
20		0.5		115.2		19.9361		21.5862
20		0.5		115.52		19.9346		21.6417
20		0.5		115.84		19.9331		21.7005
20		0.5		116.16		19.9351		21.7538
20		0.5		116.48		19.939		21.8124
20		0.5		116.8		19.9331		21.8697
20		0.5		117.12		19.9315		21.9232
20		0.5		117.44		19.9329		21.9839
20		0.5		117.76		19.9387		22.0433
20		0.5		118.08		19.9329		22.1008
20		0.5		118.4		19.9395		22.1654
20		0.5		118.72		19.9402		22.2213
20		0.5		119.04		19.9376		22.282
20		0.5		119.36		19.9303		22.3358
20		0.5		119.68		19.9361		22.3943
20		0.5		120		19.9419		22.4511
20		0.5		120.32		19.944		22.5121
20		0.5		120.64		19.946		22.5725
20		0.5		120.96		19.9366		22.6303
20		0.5		121.28		19.9164		22.6891
20		0.5		121.6		19.916		22.7471
20		0.5		121.92		19.9102		22.8049
20		0.5		122.24		19.9191		22.8638
20		0.5		122.56		19.9258		22.9243
20		0.5		122.88		19.923		22.983
20		0.5		123.2		19.9227		23.0402
20		0.5		123.52		19.9286		23.0996
20		0.5		123.84		19.9263		23.1582
20		0.5		124.16		19.9263		23.2157
20		0.5		124.48		19.9227		23.2784
20		0.5		124.8		19.9133		23.3443
20		0.5		125.12		19.9152		23.4059
20		0.5		125.44		19.9155		23.4623
20		0.5		125.76		19.9139		23.5226
20		0.5		126.08		19.9088		23.5808
20		0.5		126.4		19.912		23.638
20		0.5		126.72		19.9184		23.6975
20		0.5		127.04		19.9269		23.7577
20		0.5		127.36		19.9226		23.8189
20		0.5		127.68		19.9176		23.8758
20		0.5		128		19.9126		23.9403
20		0.5		128.32		19.9058		23.9957
20		0.5		128.64		19.8989		24.0521
20		0.5		128.96		19.9024		24.1117
20		0.5		129.28		19.8972		24.1665
20		0.5		129.6		19.8966		24.2286
20		0.5		129.92		19.9045		24.2838
20		0.5		130.24		19.8998		24.3399
20		0.5		130.56		19.8991		24.3959
20		0.5		130.88		19.8967		24.4494
20		0.5		131.2		19.9004		24.5054
20		0.5		131.52		19.8905		24.5623
20		0.5		131.84		19.9		24.623
20		0.5		132.16		19.9		24.6815
20		0.5		132.48		19.9039		24.7405
20		0.5		132.8		19.9095		24.7957
20		0.5		133.12		19.9058		24.8551
20		0.5		133.44		19.9015		24.9155
20		0.5		133.76		19.8984		24.9736
20		0.5		134.08		19.9045		25.0302
20		0.5		134.4		19.9078		25.0849
20		0.5		134.72		19.907		25.1416
20		0.5		135.04		19.9074		25.1972
20		0.5		135.36		19.898		25.2542
20		0.5		135.68		19.8952		25.3118
20		0.5		136		19.8953		25.363
20		0.5		136.32		19.8988		25.4185
20		0.5		136.64		19.8975		25.4777
20		0.5		136.96		19.898		25.5362
20		0.5		137.28		19.9004		25.5911
20		0.5		137.6		19.8959		25.6504
20		0.5		137.92		19.8968		25.7116
20		0.5		138.24		19.8914		25.7693
20		0.5		138.56		19.884		25.8297
20		0.5		138.88		19.8692		25.8775
20		0.5		139.2		19.8655		25.9365
20		0.5		139.52		19.8752		25.9963
20		0.5		139.84		19.8729		26.0546
20		0.5		140.16		19.8734		26.1134
20		0.5		140.48		19.8772		26.1695
20		0.5		140.8		19.8837		26.2311
20		0.5		141.12		19.8851		26.2845
20		0.5		141.44		19.8901		26.3438
20		0.5		141.76		19.8942		26.4021
20		0.5		142.08		19.8945		26.4631
20		0.5		142.4		19.9023		26.5256
20		0.5		142.72		19.9		26.5859
20		0.5		143.04		19.8957		26.647
20		0.5		143.36		19.8881		26.7015
20		0.5		143.68		19.8869		26.7577
20		0.5		144		19.8917		26.8158
20		0.5		144.32		19.8907		26.8798
20		0.5		144.64		19.8898		26.9335
20		0.5		144.96		19.9035		26.9891
20		0.5		145.28		19.9009		27.0471
20		0.5		145.6		19.9055		27.109
20		0.5		145.92		19.898		27.1638
20		0.5		146.24		19.902		27.221
20		0.5		146.56		19.9095		27.2753
20		0.5		146.88		19.8979		27.3348
20		0.5		147.2		19.9013		27.3949
20		0.5		147.52		19.8959		27.4514
20		0.5		147.84		19.8983		27.5082
20		0.5		148.16		19.8925		27.5659
20		0.5		148.48		19.8933		27.6264
20		0.5		148.8		19.8904		27.6846
20		0.5		149.12		19.8952		27.7425
20		0.5		149.44		19.8991		27.8032
20		0.5		149.76		19.8946		27.8655
20		0.5		150.08		19.8893		27.9299
20		0.5		150.4		19.8847		27.9909
20		0.5		150.72		19.8913		28.044
20		0.5		151.04		19.8831		28.1058
20		0.5		151.36		19.8896		28.1624
20		0.5		151.68		19.8869		28.2265
20		0.5		152		19.8866		28.2833
20		0.5		152.32		19.9021		28.3419
20		0.5		152.64		19.8837		28.3996
20		0.5		152.96		19.8851		28.4576
20		0.5		153.28		19.8796		28.5133
20		0.5		153.6		19.8796		28.5738
20		0.5		153.92		19.89		28.6269
20		0.5		154.24		19.8958		28.6882
20		0.5		154.56		19.8956		28.7417
20		0.5		154.88		19.8981		28.7996
20		0.5		155.2		19.9014		28.8588
20		0.5		155.52		19.9095		28.913
20		0.5		155.84		19.9083		28.9697
20		0.5		156.16		19.9076		29.0298
20		0.5		156.48		19.9088		29.0911
20		0.5		156.8		19.8943		29.1452
20		0.5		157.12		19.8922		29.2043
20		0.5		157.44		19.8845		29.263
20		0.5		157.76		19.8858		29.3242
20		0.5		158.08		19.885		29.3821
20		0.5		158.4		19.8792		29.4393
20		0.5		158.72		19.8818		29.5009
20		0.5		159.04		19.8862		29.5575
20		0.5		159.36		19.884		29.6148
20		0.5		159.68		19.8749		29.676
20		0.5		160		19.8725		29.7428
20		0.5		160.32		19.8613		29.804
20		0.5		160.64		19.8597		29.8611
20		0.5		160.96		19.8636		29.9152
20		0.5		161.28		19.8524		29.9753
20		0.5		161.6		19.8361		30.0328
20		0.5		161.92		19.8299		30.0872
20		0.5		162.24		19.8246		30.1459
20		0.5		162.56		19.8295		30.2004
20		0.5		162.88		19.8365		30.258
20		0.5		163.2		19.8366		30.3153
20		0.5		163.52		19.8379		30.3771
20		0.5		163.84		19.845		30.4394
20		0.5		164.16		19.8474		30.4961
20		0.5		164.48		19.8584		30.5546
20		0.5		164.8		19.853		30.6116
20		0.5		165.12		19.862		30.6701
20		0.5		165.44		19.8644		30.7276
20		0.5		165.76		19.8572		30.7844
20		0.5		166.08		19.8507		30.8405
20		0.5		166.4		19.8389		30.8997
20		0.5		166.72		19.8367		30.957
20		0.5		167.04		19.8385		31.0159
20		0.5		167.36		19.8307		31.0743
20		0.5		167.68		19.8321		31.1364
20		0.5		168		19.8275		31.1936
20		0.5		168.32		19.8302		31.2517
20		0.5		168.64		19.8233		31.3142
20		0.5		168.96		19.8296		31.3731
20		0.5		169.28		19.8307		31.4318
20		0.5		169.6		19.8301		31.4891
20		0.5		169.92		19.8253		31.5435
20		0.5		170.24		19.8266		31.6022
20		0.5		170.56		19.8286		31.6596
20		0.5		170.88		19.8325		31.7194
20		0.5		171.2		19.8237		31.7768
20		0.5		171.52		19.8301		31.8343
20		0.5		171.84		19.834		31.8953
20		0.5		172.16		19.8347		31.9532
20		0.5		172.48		19.8307		32.0178
20		0.5		172.8		19.8424		32.0733
20		0.5		173.12		19.8351		32.1344
20		0.5		173.44		19.8325		32.1911
20		0.5		173.76		19.8283		32.2501
20		0.5		174.08		19.828		32.308
20		0.5		174.4		19.8247		32.3639
20		0.5		174.72		19.8227		32.4215
20		0.5		175.04		19.8207		32.479
20		0.5		175.36		19.8205		32.5362
20		0.5		175.68		19.8214		32.5911
20		0.5		176		19.8267		32.6481
20		0.5		176.32		19.8209		32.7042
20		0.5		176.64		19.8248		32.7601
20		0.5		176.96		19.825		32.8197
20		0.5		177.28		19.8207		32.8747
20		0.5		177.6		19.8187		32.9333
20		0.5		177.92		19.8171		32.99
20		0.5		178.24		19.8119		33.05
20		0.5		178.56		19.8058		33.1084
20		0.5		178.88		19.8095		33.1659
20		0.5		179.2		19.8126		33.2276
20		0.5		179.52		19.8095		33.2887
20		0.5		179.84		19.8165		33.3472
20		0.5		180.16		19.8174		33.4059
20		0.5		180.48		19.8214		33.4626
20		0.5		180.8		19.8171		33.5219
20		0.5		181.12		19.8206		33.581
20		0.5		181.44		19.8258		33.6358
20		0.5		181.76		19.83		33.6951
20		0.5		182.08		19.8333		33.7524
20		0.5		182.4		19.8334		33.8147
20		0.5		182.72		19.8326		33.8728
20		0.5		183.04		19.8465		33.9302
20		0.5		183.36		19.8491		33.9889
20		0.5		183.68		19.8457		34.0496
20		0.5		184		19.8454		34.1112
20		0.5		184.32		19.8357		34.1634
20		0.5		184.64		19.8477		34.226
20		0.5		184.96		19.8418		34.2846
20		0.5		185.28		19.8373		34.3449
20		0.5		185.6		19.8384		34.4027
20		0.5		185.92		19.8319		34.4663
20		0.5		186.24		19.8288		34.522
20		0.5		186.56		19.8338		34.577
20		0.5		186.88		19.8276		34.6385
20		0.5		187.2		19.833		34.6938
20		0.5		187.52		19.8289		34.7516
20		0.5		187.84		19.8212		34.811
20		0.5		188.16		19.8141		34.8712
20		0.5		188.48		19.8123		34.9286
20		0.5		188.8		19.802		34.9851
20		0.5		189.12		19.8036		35.0382
20		0.5		189.44		19.806		35.0985
20		0.5		189.76		19.8038		35.1503
20		0.5		190.08		19.7972		35.2091
20		0.5		190.4		19.7987		35.2635
20		0.5		190.72		19.8014		35.3239
20		0.5		191.04		19.8059		35.382
20		0.5		191.36		19.8042		35.4398
20		0.5		191.68		19.8009		35.4949
20		0.5		192		19.8117		35.5592
20		0.5		192.32		19.816		35.6195
20		0.5		192.64		19.8127		35.6795
20		0.5		192.96		19.821		35.7325
20		0.5		193.28		19.8234		35.7921
20		0.5		193.6		19.8245		35.8504
20		0.5		193.92		19.8203		35.91
20		0.5		194.24		19.8125		35.97
20		0.5		194.56		19.8082		36.0277
20		0.5		194.88		19.8025		36.0873
20		0.5		195.2		19.8036		36.1486
20		0.5		195.52		19.7963		36.1974
20		0.5		195.84		19.7874		36.2583
20		0.5		196.16		19.795		36.3199
20		0.5		196.48		19.7987		36.3769
20		0.5		196.8		19.7911		36.4369
20		0.5		197.12		19.7793		36.5
20		0.5		197.44		19.7858		36.5572
20		0.5		197.76		19.7808		36.6211
20		0.5		198.08		19.7732		36.6785
20		0.5		198.4		19.771		36.7363
20		0.5		198.72		19.7718		36.7926
20		0.5		199.04		19.7741		36.8507
20		0.5		199.36		19.7779		36.9054
20		0.5		199.68		19.7782		36.9641
20		0.5		200		19.7788		37.0197
20		0.5		200.32		19.7643		37.0805
20		0.5		200.64		19.765		37.1424
20		0.5		200.96		19.7607		37.2002
20		0.5		201.28		19.7521		37.2591
20		0.5		201.6		19.745		37.3196
20		0.5		201.92		19.7413		37.3802
20		0.5		202.24		19.7431		37.4373
20		0.5		202.56		19.745		37.4962
20		0.5		202.88		19.7363		37.561
20		0.5		203.2		19.7402		37.6191
20		0.5		203.52		19.7322		37.6764
20		0.5		203.84		19.7346		37.7352
20		0.5		204.16		19.7389		37.7937
20		0.5		204.48		19.7387		37.8509
20		0.5		204.8		19.7439		37.9106
20		0.5		205.12		19.7448		37.9721
20		0.5		205.44		19.7402		38.0305
20		0.5		205.76		19.7422		38.0898
20		0.5		206.08		19.7427		38.1455
20		0.5		206.4		19.7412		38.208
20		0.5		206.72		19.7462		38.2656
20		0.5		207.04		19.7446		38.3276
20		0.5		207.36		19.7505		38.3841
20		0.5		207.68		19.7592		38.445
20		0.5		208		19.7667		38.5078
20		0.5		208.32		19.771		38.5641
20		0.5		208.64		19.7731		38.6236
20		0.5		208.96		19.779		38.6849
20		0.5		209.28		19.7827		38.7396
20		0.5		209.6		19.7822		38.7985
20		0.5		209.92		19.784		38.8542
20		0.5		210.24		19.7748		38.916
20		0.5		210.56		19.7682		38.9766
20		0.5		210.88		19.7765		39.0324
20		0.5		211.2		19.7842		39.0891
20		0.5		211.52		19.7717		39.1481
20		0.5		211.84		19.7736		39.2033
20		0.5		212.16		19.7676		39.2582
20		0.5		212.48		19.7696		39.3216
20		0.5		212.8		19.7672		39.3803
20		0.5		213.12		19.7655		39.4338
20		0.5		213.44		19.7656		39.49
20		0.5		213.76		19.7634		39.5522
20		0.5		214.08		19.758		39.6099
20		0.5		214.4		19.7645		39.6681
20		0.5		214.72		19.7652		39.7222
20		0.5		215.04		19.7682		39.7771
20		0.5		215.36		19.7759		39.8309
20		0.5		215.68		19.7767		39.8913
20		0.5		216		19.7744		39.9491
20		0.5		216.32		19.7744		40.0077
20		0.5		216.64		19.7785		40.0636
20		0.5		216.96		19.7806		40.1187
20		0.5		217.28		19.7805		40.1746
20		0.5		217.6		19.7793		40.234
20		0.5		217.92		19.7843		40.2919
20		0.5		218.24		19.7796		40.3531
20		0.5		218.56		19.7841		40.4104
20		0.5		218.88		19.7928		40.4662
20		0.5		219.2		19.7942		40.5194
20		0.5		219.52		19.7955		40.5752
20		0.5		219.84		19.7986		40.631
20		0.5		220.16		19.7946		40.6898
20		0.5		220.48		19.7919		40.7455
20		0.5		220.8		19.7949		40.8055
20		0.5		221.12		19.7871		40.863
20		0.5		221.44		19.7848		40.922
20		0.5		221.76		19.7858		40.9749
20		0.5		222.08		19.7961		41.0295
20		0.5		222.4		19.7977		41.0895
20		0.5		222.72		19.7903		41.1486
20		0.5		223.04		19.7885		41.2081
20		0.5		223.36		19.79		41.267
20		0.5		223.68		19.7826		41.3258
20		0.5		224		19.7844		41.3851
20		0.5		224.32		19.7862		41.4452
20		0.5		224.64		19.7854		41.5023
20		0.5		224.96		19.7884		41.5597
20		0.5		225.28		19.7829		41.6197
20		0.5		225.6		19.7779		41.6775
20		0.5		225.92		19.7742		41.7365
20		0.5		226.24		19.7741		41.8005
20		0.5		226.56		19.7765		41.8553
20		0.5		226.88		19.7805		41.9158
20		0.5		227.2		19.7782		41.9748
20		0.5		227.52		19.7783		42.0289
20		0.5		227.84		19.7711		42.0854
20		0.5		228.16		19.7616		42.1433
20		0.5		228.48		19.7641		42.2044
20		0.5		228.8		19.7648		42.2664
20		0.5		229.12		19.7684		42.3308
20		0.5		229.44		19.7616		42.3909
20		0.5		229.76		19.7665		42.4478
20		0.5		230.08		19.7599		42.5037
20		0.5		230.4		19.7607		42.562
20		0.5		230.72		19.7673		42.6282
20		0.5		231.04		19.7683		42.6816
20		0.5		231.36		19.7579		42.7426
20		0.5		231.68		19.7619		42.7996
20		0.5		232		19.7545		42.8573
20		0.5		232.32		19.7519		42.9129
20		0.5		232.64		19.7585		42.9719
20		0.5		232.96		19.7531		43.0322
20		0.5		233.28		19.7404		43.0899
20		0.5		233.6		19.7489		43.149
20		0.5		233.92		19.7539		43.2062
20		0.5		234.24		19.7564		43.2636
20		0.5		234.56		19.7602		43.3182
20		0.5		234.88		19.7606		43.3774
20		0.5		235.2		19.7544		43.4309
20		0.5		235.52		19.7564		43.4923
20		0.5		235.84		19.7587		43.5508
20		0.5		236.16		19.7537		43.6073
20		0.5		236.48		19.7581		43.6626
20		0.5		236.8		19.7716		43.7168
20		0.5		237.12		19.7798		43.7742
20		0.5		237.44		19.7877		43.8343
20		0.5		237.76		19.7936		43.8974
20		0.5		238.08		19.7886		43.9618
20		0.5		238.4		19.7743		44.0217
20		0.5		238.72		19.7833		44.0795
20		0.5		239.04		19.7944		44.1345
20		0.5		239.36		19.8014		44.194
20		0.5		239.68		19.8022		44.2527
20		0.5		240		19.8047		44.3098
20		0.5		240.32		19.8037		44.3682
20		0.5		240.64		19.7922		44.4304
20		0.5		240.96		19.8		44.49
20		0.5		241.28		19.7955		44.5451
20		0.5		241.6		19.7903		44.6055
20		0.5		241.92		19.8003		44.6649
20		0.5		242.24		19.8001		44.7285
20		0.5		242.56		19.8065		44.7845
20		0.5		242.88		19.8145		44.84
20		0.5		243.2		19.8249		44.8989
20		0.5		243.52		19.8274		44.9579
20		0.5		243.84		19.8219		45.0188
20		0.5		244.16		19.8267		45.0757
20		0.5		244.48		19.8234		45.1328
20		0.5		244.8		19.821		45.1945
20		0.5		245.12		19.8244		45.251
20		0.5		245.44		19.8234		45.3072
20		0.5		245.76		19.817		45.3711
20		0.5		246.08		19.82		45.4282
20		0.5		246.4		19.8314		45.4886
20		0.5		246.72		19.8344		45.5452
20		0.5		247.04		19.8238		45.6032
20		0.5		247.36		19.8236		45.6631
20		0.5		247.68		19.8265		45.7204
20		0.5		248		19.826		45.7831
20		0.5		248.32		19.8297		45.8428
20		0.5		248.64		19.83		45.9071
20		0.5		248.96		19.8352		45.9634
20		0.5		249.28		19.8471		46.0223
20		0.5		249.6		19.8464		46.0784
20		0.5		249.92		19.8479		46.1395
20		0.5		250.24		19.8578		46.1965
20		0.5		250.56		19.8535		46.2545
20		0.5		250.88		19.8557		46.3083
20		0.5		251.2		19.8536		46.3655
20		0.5		251.52		19.8481		46.426
20		0.5		251.84		19.8425		46.4779
20		0.5		252.16		19.8525		46.536
20		0.5		252.48		19.848		46.5952
20		0.5		252.8		19.8454		46.6562
20		0.5		253.12		19.8387		46.7107
20		0.5		253.44		19.8359		46.7707
20		0.5		253.76		19.8315		46.8248
20		0.5		254.08		19.8236		46.8818
20		0.5		254.4		19.8213		46.941
20		0.5		254.72		19.8318		46.9968
20		0.5		255.04		19.8331		47.056
20		0.5		255.36		19.8332		47.1138
20		0.5		255.68		19.8457		47.169
20		0.5		256		19.8474		47.2283
20		0.5		256.32		19.8478		47.2887
20		0.5		256.64		19.8469		47.35
20		0.5		256.96		19.8533		47.4067
20		0.5		257.28		19.8605		47.4656
20		0.5		257.6		19.8625		47.5236
20		0.5		257.92		19.8696		47.5828
20		0.5		258.24		19.8783		47.6442
20		0.5		258.56		19.8771		47.6985
20		0.5		258.88		19.8782		47.7554
20		0.5		259.2		19.8835		47.8172
20		0.5		259.52		19.877		47.8759
20		0.5		259.84		19.8805		47.9397
20		0.5		260.16		19.8826		47.9937
20		0.5		260.48		19.8709		48.0507
20		0.5		260.8		19.8601		48.1157
20		0.5		261.12		19.8647		48.173
20		0.5		261.44		19.8608		48.2289
20		0.5		261.76		19.8611		48.2883
20		0.5		262.08		19.8526		48.3465
20		0.5		262.4		19.8482		48.4032
20		0.5		262.72		19.8445		48.4656
20		0.5		263.04		19.8542		48.5237
20		0.5		263.36		19.8587		48.5823
20		0.5		263.68		19.8543		48.6403
20		0.5		264		19.8569		48.6967
20		0.5		264.32		19.853		48.754
20		0.5		264.64		19.8473		48.8151
20		0.5		264.96		19.8455		48.8724
20		0.5		265.28		19.8545		48.93
20		0.5		265.6		19.8558		48.9912
20		0.5		265.92		19.8518		49.0525
20		0.5		266.24		19.8476		49.1121
20		0.5		266.56		19.8479		49.169
20		0.5		266.88		19.8505		49.2224
20		0.5		267.2		19.852		49.2869
20		0.5		267.52		19.8393		49.3428
20		0.5		267.84		19.8318		49.4009
20		0.5		268.16		19.8352		49.4581
20		0.5		268.48		19.8218		49.5198
20		0.5		268.8		19.8131		49.5745
20		0.5		269.12		19.8272		49.6337
20		0.5		269.44		19.8288		49.6943
20		0.5		269.76		19.8268		49.7541
20		0.5		270.08		19.817		49.8151
20		0.5		270.4		19.822		49.8744
20		0.5		270.72		19.8208		49.9344
20		0.5		271.04		19.8121		49.9939
20		0.5		271.36		19.8163		50.0589
20		0.5		271.68		19.8208		50.1173
20		0.5		272		19.8163		50.1712
20		0.5		272.32		19.8244		50.2297
20		0.5		272.64		19.8234		50.2898
20		0.5		272.96		19.8216		50.3487
20		0.5		273.28		19.8219		50.4091
20		0.5		273.6		19.8205		50.4692
20		0.5		273.92		19.8229		50.5281
20		0.5		274.24		19.8234		50.5844
20		0.5		274.56		19.8241		50.6408
20		0.5		274.88		19.8341		50.7017
20		0.5		275.2		19.8386		50.7622
20		0.5		275.52		19.8363		50.8257
20		0.5		275.84		19.834		50.8857
20		0.5		276.16		19.8363		50.9475
20		0.5		276.48		19.8365		51.0062
20		0.5		276.8		19.8426		51.0615
20		0.5		277.12		19.8394		51.1216
20		0.5		277.44		19.8405		51.1788
20		0.5		277.76		19.8439		51.2358
20		0.5		278.08		19.8378		51.2935
20		0.5		278.4		19.8345		51.3543
20		0.5		278.72		19.8465		51.4087
20		0.5		279.04		19.8495		51.4689
20		0.5		279.36		19.8452		51.5302
20		0.5		279.68		19.8587		51.5915
20		0.5		280		19.8563		51.6499
20		0.5		280.32		19.8573		51.7126
20		0.5		280.64		19.8545		51.7675
20		0.5		280.96		19.8528		51.8255
20		0.5		281.28		19.8471		51.882
20		0.5		281.6		19.8455		51.9426
20		0.5		281.92		19.8399		52.001
20		0.5		282.24		19.831		52.0571
20		0.5		282.56		19.8253		52.1125
20		0.5		282.88		19.8245		52.1735
20		0.5		283.2		19.8285		52.2295
20		0.5		283.52		19.8201		52.2892
20		0.5		283.84		19.8157		52.3459
20		0.5		284.16		19.8136		52.4043
20		0.5		284.48		19.8167		52.4606
20		0.5		284.8		19.8138		52.5225
20		0.5		285.12		19.8167		52.5787
20		0.5		285.44		19.828		52.6434
20		0.5		285.76		19.8279		52.7022
20		0.5		286.08		19.8254		52.7594
20		0.5		286.4		19.8293		52.8165
20		0.5		286.72		19.8287		52.8789
20		0.5		287.04		19.8379		52.9373
20		0.5		287.36		19.8321		52.9982
20		0.5		287.68		19.8325		53.0577
20		0.5		288		19.8436		53.1157
20		0.5		288.32		19.8419		53.1805
20		0.5		288.64		19.841		53.2435
20		0.5		288.96		19.8422		53.304
20		0.5		289.28		19.846		53.3646
20		0.5		289.6		19.845		53.4234
20		0.5		289.92		19.8487		53.4818
20		0.5		290.24		19.85		53.5452
20		0.5		290.56		19.8401		53.6092
20		0.5		290.88		19.8467		53.6656
20		0.5		291.2		19.8583		53.7301
20		0.5		291.52		19.8534		53.7861
20		0.5		291.84		19.852		53.8444
20		0.5		292.16		19.8441		53.9031
20		0.5		292.48		19.8351		53.9634
20		0.5		292.8		19.8355		54.0208
20		0.5		293.12		19.8294		54.0839
20		0.5		293.44		19.8364		54.141
20		0.5		293.76		19.8383		54.203
20		0.5		294.08		19.8331		54.2617
20		0.5		294.4		19.824		54.3227
20		0.5		294.72		19.8181		54.3788
20		0.5		295.04		19.8133		54.4418
20		0.5		295.36		19.8145		54.4997
20		0.5		295.68		19.8131		54.5581
20		0.5		296		19.8188		54.6138
20		0.5		296.32		19.8235		54.6759
20		0.5		296.64		19.8262		54.7374
20		0.5		296.96		19.8181		54.7978
20		0.5		297.28		19.8072		54.8641
20		0.5		297.6		19.8122		54.9284
20		0.5		297.92		19.8201		54.9845
20		0.5		298.24		19.8275		55.0427
20		0.5		298.56		19.8292		55.0997
20		0.5		298.88		19.8306		55.1571
20		0.5		299.2		19.8381		55.2171
20		0.5		299.52		19.8344		55.2779
20		0.5		299.84		19.8308		55.3371
20		0.5		300.16		19.8365		55.3983
20		0.5		300.48		19.8364		55.458
20		0.5		300.8		19.8362		55.524
20		0.5		301.12		19.8319		55.5844
20		0.5		301.44		19.8293		55.6392
20		0.5		301.76		19.8252		55.698
20		0.5		302.08		19.8235		55.7581
20		0.5		302.4		19.8223		55.817
20		0.5		302.72		19.8164		55.87
20		0.5		303.04		19.8299		55.9255
20		0.5		303.36		19.8232		55.9877
20		0.5		303.68		19.815		56.0507
20		0.5		304		19.8283		56.112
20		0.5		304.32		19.8201		56.1736
20		0.5		304.64		19.8338		56.2347
20		0.5		304.96		19.8437		56.2927
20		0.5		305.28		19.8442		56.3497
20		0.5		305.6		19.8364		56.4123
20		0.5		305.92		19.8339		56.4705
20		0.5		306.24		19.833		56.5259
20		0.5		306.56		19.8333		56.589
20		0.5		306.88		19.8309		56.65
20		0.5		307.2		19.8161		56.7055
20		0.5		307.52		19.82		56.7689
20		0.5		307.84		19.8203		56.83
20		0.5		308.16		19.8183		56.8862
20		0.5		308.48		19.8159		56.9492
20		0.5		308.8		19.8144		57.0072
20		0.5		309.12		19.8088		57.0676
20		0.5		309.44		19.8004		57.1274
20		0.5		309.76		19.7953		57.1823
20		0.5		310.08		19.7938		57.238
20		0.5		310.4		19.7953		57.298
20		0.5		310.72		19.8014		57.3545
20		0.5		311.04		19.8015		57.4182
20		0.5		311.36		19.7953		57.4775
20		0.5		311.68		19.8012		57.5391
20		0.5		312		19.7973		57.5951
20		0.5		312.32		19.8058		57.6579
20		0.5		312.64		19.8049		57.7154
20		0.5		312.96		19.7925		57.7718
20		0.5		313.28		19.7835		57.8316
20		0.5		313.6		19.7761		57.8898
20		0.5		313.92		19.7685		57.9484
20		0.5		314.24		19.7709		58.0052
20		0.5		314.56		19.7681		58.0613
20		0.5		314.88		19.7548		58.125
20		0.5		315.2		19.7625		58.1894
20		0.5		315.52		19.7594		58.2469
20		0.5		315.84		19.7494		58.3033
20		0.5		316.16		19.7487		58.3642
20		0.5		316.48		19.7511		58.4224
20		0.5		316.8		19.7473		58.479
20		0.5		317.12		19.7492		58.5373
20		0.5		317.44		19.7517		58.5935
20		0.5		317.76		19.7568		58.6515
20		0.5		318.08		19.7526		58.7075
20		0.5		318.4		19.7664		58.7694
20		0.5		318.72		19.7593		58.8297
20		0.5		319.04		19.7644		58.8851
20		0.5		319.36		19.7644		58.9404
20		0.5		319.68		19.7654		58.9997
20		0.5		320		19.7607		59.0616
20		0.5		320.32		19.7636		59.1198
20		0.5		320.64		19.7639		59.1806
20		0.5		320.96		19.7687		59.2411
20		0.5		321.28		19.7655		59.3006
20		0.5		321.6		19.7635		59.3599
20		0.5		321.92		19.7605		59.4166
20		0.5		322.24		19.7569		59.4773
20		0.5		322.56		19.7679		59.5354
20		0.5		322.88		19.7628		59.5875
20		0.5		323.2		19.7749		59.6519
20		0.5		323.52		19.7728		59.705
20		0.5		323.84		19.7693		59.7661
20		0.5		324.16		19.7684		59.8244
20		0.5		324.48		19.7608		59.8839
20		0.5		324.8		19.7544		59.939
20		0.5		325.12		19.7651		59.9967
20		0.5		325.44		19.7596		60.056
20		0.5		325.76		19.7603		60.1084
20		0.5		326.08		19.7647		60.1688
20		0.5		326.4		19.7572		60.2272
20		0.5		326.72		19.7491		60.2876
20		0.5		327.04		19.76		60.3417
20		0.5		327.36		19.7646		60.4067
20		0.5		327.68		19.7772		60.4609
20		0.5		328		19.7837		60.5216
20		0.5		328.32		19.7819		60.5827
20		0.5		328.64		19.7798		60.643
20		0.5		328.96		19.7892		60.6982
20		0.5		329.28		19.79		60.7592
20		0.5		329.6		19.7884		60.8176
20		0.5		329.92		19.7936		60.8767
20		0.5		330.24		19.7997		60.9347
20		0.5		330.56		19.7916		60.9941
20		0.5		330.88		19.7905		61.0497
20		0.5		331.2		19.7932		61.1041
20		0.5		331.52		19.7868		61.1648
20		0.5		331.84		19.7827		61.2207
20		0.5		332.16		19.7834		61.2776
20		0.5		332.48		19.7841		61.3358
20		0.5		332.8		19.7741		61.3943
20		0.5		333.12		19.775		61.4565
20		0.5		333.44		19.7618		61.5179
20		0.5		333.76		19.7557		61.5739
20		0.5		334.08		19.7634		61.63
20		0.5		334.4		19.7662		61.6863
20		0.5		334.72		19.7649		61.7398
20		0.5		335.04		19.7546		61.8024
20		0.5		335.36		19.7494		61.8618
20		0.5		335.68		19.7397		61.9187
20		0.5		336		19.7384		61.9818
20		0.5		336.32		19.745		62.0393
20		0.5		336.64		19.7479		62.0984
20		0.5		336.96		19.7488		62.1533
20		0.5		337.28		19.7492		62.2118
20		0.5		337.6		19.7532		62.2664
20		0.5		337.92		19.7559		62.3258
20		0.5		338.24		19.7463		62.3884
20		0.5		338.56		19.7552		62.4483
20		0.5		338.88		19.753		62.5039
20		0.5		339.2		19.7453		62.5624
20		0.5		339.52		19.7537		62.6202
20		0.5		339.84		19.7574		62.6793
20		0.5		340.16		19.748		62.7352
20		0.5		340.48		19.7459		62.7907
20		0.5		340.8		19.7521		62.8473
20		0.5		341.12		19.7574		62.9044
20		0.5		341.44		19.7574		62.9617
20		0.5		341.76		19.7432		63.0193
20		0.5		342.08		19.7534		63.0775
20		0.5		342.4		19.7554		63.1347
20		0.5		342.72		19.7528		63.1947
20		0.5		343.04		19.7472		63.2596
20		0.5		343.36		19.746		63.3185
20		0.5		343.68		19.7384		63.3714
20		0.5		344		19.7365		63.4334
20		0.5		344.32		19.7379		63.4881
20		0.5		344.64		19.7319		63.5458
20		0.5		344.96		19.7331		63.6108
20		0.5		345.28		19.732		63.6717
20		0.5		345.6		19.7327		63.736
20		0.5		345.92		19.7349		63.7947
20		0.5		346.24		19.7361		63.8495
20		0.5		346.56		19.736		63.9078
20		0.5		346.88		19.7444		63.9654
20		0.5		347.2		19.7461		64.0262
20		0.5		347.52		19.7406		64.0867
20		0.5		347.84		19.7443		64.1459
20		0.5		348.16		19.7396		64.2035
20		0.5		348.48		19.7384		64.2677
20		0.5		348.8		19.7419		64.3326
20		0.5		349.12		19.7323		64.3907
20		0.5		349.44		19.7355		64.4487
20		0.5		349.76		19.7355		64.5106
20		0.5		350.08		19.7355		64.5656
20		0.5		350.4		19.7363		64.6226
20		0.5		350.72		19.7355		64.68
20		0.5		351.04		19.7344		64.7439
20		0.5		351.36		19.7337		64.8038
20		0.5		351.68		19.7203		64.8635
20		0.5		352		19.7176		64.9242
20		0.5		352.32		19.7148		64.9841
20		0.5		352.64		19.7135		65.038
20		0.5		352.96		19.7178		65.0976
20		0.5		353.28		19.7217		65.1585
20		0.5		353.6		19.7172		65.2207
20		0.5		353.92		19.7196		65.2807
20		0.5		354.24		19.7211		65.3359
20		0.5		354.56		19.7247		65.3929
20		0.5		354.88		19.7221		65.4522
20		0.5		355.2		19.7185		65.5112
20		0.5		355.52		19.7219		65.5704
20		0.5		355.84		19.7173		65.6291
20		0.5		356.16		19.7145		65.6887
20		0.5		356.48		19.7153		65.7479
20		0.5		356.8		19.7171		65.8046
20		0.5		357.12		19.7172		65.8647
20		0.5		357.44		19.7061		65.9222
20		0.5		357.76		19.7134		65.9831
20		0.5		358.08		19.7049		66.0415
20		0.5		358.4		19.7057		66.1043
20		0.5		358.72		19.7131		66.1592
20		0.5		359.04		19.711		66.2144
20		0.5		359.36		19.7073		66.2722
20		0.5		359.68		19.7091		66.3299
20		0.5		360		19.7128		66.3887
20		0.5		360.32		19.7198		66.4484
20		0.5		360.64		19.7239		66.502
20		0.5		360.96		19.7297		66.5587
20		0.5		361.28		19.7381		66.6172
20		0.5		361.6		19.7471		66.6751
20		0.5		361.92		19.7506		66.7349
20		0.5		362.24		19.7572		66.7946
20		0.5		362.56		19.7558		66.8561
20		0.5		362.88		19.7555		66.9166
20		0.5		363.2		19.756		66.9736
20		0.5		363.52		19.7481		67.0302
20		0.5		363.84		19.7445		67.0854
20		0.5		364.16		19.7422		67.141
20		0.5		364.48		19.7448		67.1975
20		0.5		364.8		19.7571		67.2591
20		0.5		365.12		19.7572		67.3224
20		0.5		365.44		19.7531		67.3871
20		0.5		365.76		19.7638		67.4429
20		0.5		366.08		19.7668		67.5059
20		0.5		366.4		19.7569		67.5645
20		0.5		366.72		19.7638		67.6252
20		0.5		367.04		19.7575		67.6876
20		0.5		367.36		19.7715		67.7449
20		0.5		367.68		19.7749		67.8022
20		0.5		368		19.7721		67.8642
20		0.5		368.32		19.7669		67.919
20		0.5		368.64		19.768		67.978
20		0.5		368.96		19.7663		68.0422
20		0.5		369.28		19.7658		68.1018
20		0.5		369.6		19.767		68.157
20		0.5		369.92		19.7683		68.2173
20		0.5		370.24		19.7755		68.2763
20		0.5		370.56		19.785		68.3341
20		0.5		370.88		19.7842		68.3927
20		0.5		371.2		19.7819		68.4533
20		0.5		371.52		19.7878		68.5111
20		0.5		371.84		19.7854		68.5689
20		0.5		372.16		19.7773		68.6269
20		0.5		372.48		19.7675		68.6864
20		0.5		372.8		19.769		68.7436
20		0.5		373.12		19.7659		68.8062
20		0.5		373.44		19.7644		68.8673
20		0.5		373.76		19.7633		68.9231
20		0.5		374.08		19.7583		68.9815
20		0.5		374.4		19.7563		69.0433
20		0.5		374.72		19.7534		69.0998
20		0.5		375.04		19.7474		69.1554
20		0.5		375.36		19.7549		69.2152
20		0.5		375.68		19.7493		69.275
20		0.5		376		19.7527		69.3311
20		0.5		376.32		19.7621		69.3886
20		0.5		376.64		19.7591		69.445
20		0.5		376.96		19.753		69.5052
20		0.5		377.28		19.7502		69.564
20		0.5		377.6		19.7496		69.6255
20		0.5		377.92		19.7397		69.6772
20		0.5		378.24		19.7413		69.7385
20		0.5		378.56		19.7388		69.7989
20		0.5		378.88		19.7359		69.8577
20		0.5		379.2		19.7343		69.9169
20		0.5		379.52		19.7285		69.9737
20		0.5		379.84		19.7284		70.0282
20		0.5		380.16		19.7377		70.0812
20		0.5		380.48		19.734		70.1354
20		0.5		380.8		19.7361		70.1908
20		0.5		381.12		19.7381		70.251
20		0.5		381.44		19.7367		70.3111
20		0.5		381.76		19.7424		70.364
20		0.5		382.08		19.7463		70.4168
20		0.5		382.4		19.743		70.477
20		0.5		382.72		19.742		70.5391
20		0.5		383.04		19.7471		70.6006
20		0.5		383.36		19.7526		70.6622
20		0.5		383.68		19.7498		70.7233
20		0.5		384		19.7662		70.7842
20		0.5		384.32		19.7722		70.8454
20		0.5		384.64		19.7718		70.9008
20		0.5		384.96		19.7654		70.9622
20		0.5		385.28		19.7677		71.0209
20		0.5		385.6		19.7814		71.0811
20		0.5		385.92		19.786		71.1387
20		0.5		386.24		19.7799		71.1982
20		0.5		386.56		19.7713		71.2606
20		0.5		386.88		19.775		71.324
20		0.5		387.2		19.7744		71.3796
20		0.5		387.52		19.7667		71.4395
20		0.5		387.84		19.7591		71.5012
20		0.5		388.16		19.7567		71.5593
20		0.5		388.48		19.7645		71.6156
20		0.5		388.8		19.7665		71.6743
20		0.5		389.12		19.7684		71.7317
20		0.5		389.44		19.7679		71.7907
20		0.5		389.76		19.7588		71.8482
20		0.5		390.08		19.7605		71.9032
20		0.5		390.4		19.7601		71.9622
20		0.5		390.72		19.7623		72.0219
20		0.5		391.04		19.7671		72.0767
20		0.5		391.36		19.7706		72.1335
20		0.5		391.68		19.7724		72.193
20		0.5		392		19.7757		72.2595
20		0.5		392.32		19.7669		72.3182
20		0.5		392.64		19.7635		72.3746
20		0.5		392.96		19.7569		72.4331
20		0.5		393.28		19.768		72.4884
20		0.5		393.6		19.7746		72.5463
20		0.5		393.92		19.7723		72.6078
20		0.5		394.24		19.7678		72.6672
20		0.5		394.56		19.7691		72.7311
20		0.5		394.88		19.7683		72.7944
20		0.5		395.2		19.7636		72.8547
20		0.5		395.52		19.7674		72.9126
20		0.5		395.84		19.7653		72.9726
20		0.5		396.16		19.7649		73.0282
20		0.5		396.48		19.7719		73.0844
20		0.5		396.8		19.7734		73.147
20		0.5		397.12		19.773		73.2077
20		0.5		397.44		19.7857		73.2636
20		0.5		397.76		19.7865		73.3223
20		0.5		398.08		19.7844		73.3842
20		0.5		398.4		19.7956		73.4432
20		0.5		398.72		19.7954		73.5045
20		0.5		399.04		19.7953		73.5625
20		0.5		399.36		19.7961		73.623
20		0.5		399.68		19.8001		73.6838
20		0.5		400		19.8077		73.7455
20		0.5		400.32		19.8169		73.8018
20		0.5		400.64		19.8198		73.8588
20		0.5		400.96		19.8229		73.9259
20		0.5		401.28		19.823		73.9824
20		0.5		401.6		19.8222		74.043
20		0.5		401.92		19.8252		74.1042
20		0.5		402.24		19.8332		74.1607
20		0.5		402.56		19.8291		74.2159
20		0.5		402.88		19.8251		74.2766
20		0.5		403.2		19.8221		74.3369
20		0.5		403.52		19.8314		74.3916
20		0.5		403.84		19.8355		74.4536
20		0.5		404.16		19.8276		74.5092
20		0.5		404.48		19.8299		74.5734
20		0.5		404.8		19.8306		74.631
20		0.5		405.12		19.8352		74.6892
20		0.5		405.44		19.8457		74.7512
20		0.5		405.76		19.8374		74.8076
20		0.5		406.08		19.8403		74.8664
20		0.5		406.4		19.8431		74.9213
20		0.5		406.72		19.8412		74.9828
20		0.5		407.04		19.847		75.0428
20		0.5		407.36		19.85		75.0923
20		0.5		407.68		19.8484		75.1544
20		0.5		408		19.8558		75.2138
20		0.5		408.32		19.8593		75.2718
20		0.5		408.64		19.8503		75.3316
20		0.5		408.96		19.8497		75.3913
20		0.5		409.28		19.8571		75.444
20		0.5		409.6		19.8696		75.5019
20		0.5		409.92		19.8745		75.559
20		0.5		410.24		19.8748		75.6171
20		0.5		410.56		19.8803		75.6728
20		0.5		410.88		19.8785		75.7301
20		0.5		411.2		19.8748		75.7876
20		0.5		411.52		19.8657		75.8416
20		0.5		411.84		19.8673		75.896
20		0.5		412.16		19.8693		75.9544
20		0.5		412.48		19.8716		76.0088
20		0.5		412.8		19.8643		76.0686
20		0.5		413.12		19.8621		76.1297
20		0.5		413.44		19.8603		76.1874
20		0.5		413.76		19.8568		76.2484
20		0.5		414.08		19.852		76.3066
20		0.5		414.4		19.8508		76.3646
20		0.5		414.72		19.8584		76.4208
20		0.5		415.04		19.854		76.4804
20		0.5		415.36		19.8491		76.5391
20		0.5		415.68		19.8446		76.5983
20		0.5		416		19.8454		76.6562
20		0.5		416.32		19.8412		76.7138
20		0.5		416.64		19.8383		76.7698
20		0.5		416.96		19.8277		76.8285
20		0.5		417.28		19.8352		76.8886
20		0.5		417.6		19.8334		76.9495
20		0.5		417.92		19.8414		77.0082
20		0.5		418.24		19.8363		77.0634
20		0.5		418.56		19.8308		77.1213
20		0.5		418.88		19.8353		77.1771
20		0.5		419.2		19.8479		77.2322
20		0.5		419.52		19.8512		77.2952
20		0.5		419.84		19.8458		77.3548
20		0.5		420.16		19.8412		77.4109
20		0.5		420.48		19.8315		77.4668
20		0.5		420.8		19.8229		77.5286
20		0.5		421.12		19.8296		77.5928
20		0.5		421.44		19.8242		77.6502
20		0.5		421.76		19.8146		77.7088
20		0.5		422.08		19.8085		77.766
20		0.5		422.4		19.8106		77.8196
20		0.5		422.72		19.8156		77.8759
20		0.5		423.04		19.8167		77.9283
20		0.5		423.36		19.8183		77.9853
20		0.5		423.68		19.8256		78.0416
20		0.5		424		19.8158		78.0968
20		0.5		424.32		19.8123		78.1602
20		0.5		424.64		19.8092		78.2162
20		0.5		424.96		19.7974		78.2765
20		0.5		425.28		19.8082		78.3369
20		0.5		425.6		19.8133		78.3997
20		0.5		425.92		19.8163		78.4593
20		0.5		426.24		19.8129		78.5174
20		0.5		426.56		19.8239		78.5786
20		0.5		426.88		19.818		78.6358
20		0.5		427.2		19.8225		78.691
20		0.5		427.52		19.815		78.7486
20		0.5		427.84		19.8183		78.8027
20		0.5		428.16		19.8178		78.8631
20		0.5		428.48		19.8198		78.9238
20		0.5		428.8		19.8258		78.9862
20		0.5		429.12		19.8287		79.0437
20		0.5		429.44		19.8275		79.111
20		0.5		429.76		19.8287		79.1688
20		0.5		430.08		19.8211		79.2292
20		0.5		430.4		19.8249		79.2868
20		0.5		430.72		19.821		79.3462
20		0.5		431.04		19.8224		79.3999
20		0.5		431.36		19.8227		79.4541
20		0.5		431.68		19.824		79.5104
20		0.5		432		19.8239		79.567
20		0.5		432.32		19.8267		79.626
20		0.5		432.64		19.8289		79.6855
20		0.5		432.96		19.8339		79.7482
20		0.5		433.28		19.8309		79.8086
20		0.5		433.6		19.8219		79.8669
20		0.5		433.92		19.8216		79.9227
20		0.5		434.24		19.8304		79.9814
20		0.5		434.56		19.8225		80.0411
20		0.5		434.88		19.8186		80.0982
20		0.5		435.2		19.8251		80.1585
20		0.5		435.52		19.8214		80.2104
20		0.5		435.84		19.82		80.2728
20		0.5		436.16		19.8146		80.3306
20		0.5		436.48		19.8143		80.3906
20		0.5		436.8		19.819		80.4458
20		0.5		437.12		19.8146		80.5038
20		0.5		437.44		19.8023		80.5658
20		0.5		437.76		19.8024		80.6205
20		0.5		438.08		19.7978		80.6793
20		0.5		438.4		19.7952		80.7372
20		0.5		438.72		19.7914		80.7943
20		0.5		439.04		19.7917		80.8546
20		0.5		439.36		19.785		80.9167
20		0.5		439.68		19.7847		80.9728
20		0.5		440		19.7816		81.031
20		0.5		440.32		19.7845		81.0864
20		0.5		440.64		19.7893		81.1489
20		0.5		440.96		19.7897		81.2062
20		0.5		441.28		19.7883		81.2635
20		0.5		441.6		19.7811		81.3203
20		0.5		441.92		19.787		81.3751
20		0.5		442.24		19.7901		81.4367
20		0.5		442.56		19.7912		81.4916
20		0.5		442.88		19.8006		81.5494
20		0.5		443.2		19.8001		81.6077
20		0.5		443.52		19.8051		81.6668
20		0.5		443.84		19.8043		81.7247
20		0.5		444.16		19.8067		81.7782
20		0.5		444.48		19.799		81.8441
20		0.5		444.8		19.8073		81.9047
20		0.5		445.12		19.8124		81.9619
20		0.5		445.44		19.8146		82.018
20		0.5		445.76		19.813		82.0792
20		0.5		446.08		19.813		82.1359
20		0.5		446.4		19.8117		82.1938
20		0.5		446.72		19.816		82.2535
20		0.5		447.04		19.807		82.3148
20		0.5		447.36		19.7992		82.3733
20		0.5		447.68		19.806		82.4292
20		0.5		448		19.815		82.491
20		0.5		448.32		19.826		82.5489
20		0.5		448.64		19.8232		82.606
20		0.5		448.96		19.8186		82.6673
20		0.5		449.28		19.8201		82.7251
20		0.5		449.6		19.8153		82.7835
20		0.5		449.92		19.805		82.8414
20		0.5		450.24		19.8009		82.9034
20		0.5		450.56		19.8126		82.969
20		0.5		450.88		19.8174		83.0269
20		0.5		451.2		19.8131		83.0832
20		0.5		451.52		19.8187		83.1443
20		0.5		451.84		19.8273		83.2009
20		0.5		452.16		19.8202		83.2631
20		0.5		452.48		19.8195		83.3209
20		0.5		452.8		19.8127		83.3792
20		0.5		453.12		19.8096		83.4359
20		0.5		453.44		19.8214		83.4956
20		0.5		453.76		19.826		83.5541
20		0.5		454.08		19.8244		83.6068
20		0.5		454.4		19.8302		83.6661
20		0.5		454.72		19.8287		83.7222
20		0.5		455.04		19.8353		83.7797
20		0.5		455.36		19.8423		83.8451
20		0.5		455.68		19.839		83.9027
20		0.5		456		19.8427		83.961
20		0.5		456.32		19.843		84.0174
20		0.5		456.64		19.8477		84.0785
20		0.5		456.96		19.8393		84.1354
20		0.5		457.28		19.8361		84.1914
20		0.5		457.6		19.8352		84.2504
20		0.5		457.92		19.8383		84.3094
20		0.5		458.24		19.8313		84.3696
20		0.5		458.56		19.8328		84.4264
20		0.5		458.88		19.8327		84.4848
20		0.5		459.2		19.8299		84.5479
20		0.5		459.52		19.8415		84.6081
20		0.5		459.84		19.848		84.667
20		0.5		460.16		19.8435		84.7225
20		0.5		460.48		19.845		84.7812
20		0.5		460.8		19.8436		84.8424
20		0.5		461.12		19.8536		84.9052
20		0.5		461.44		19.8633		84.9643
20		0.5		461.76		19.8597		85.0226
20		0.5		462.08		19.8662		85.0751
20		0.5		462.4		19.8701		85.1346
20		0.5		462.72		19.8704		85.196
20		0.5		463.04		19.8673		85.2568
20		0.5		463.36		19.864		85.3144
20		0.5		463.68		19.8483		85.3763
20		0.5		464		19.8551		85.4297
20		0.5		464.32		19.8584		85.4893
20		0.5		464.64		19.8568		85.5493
20		0.5		464.96		19.8523		85.6059
20		0.5		465.28		19.8487		85.6656
20		0.5		465.6		19.8507		85.7218
20		0.5		465.92		19.8523		85.7804
20		0.5		466.24		19.8528		85.8403
20		0.5		466.56		19.8532		85.8964
20		0.5		466.88		19.8554		85.9558
20		0.5		467.2		19.8511		86.0137
20		0.5		467.52		19.8505		86.0678
20		0.5		467.84		19.8414		86.1312
20		0.5		468.16		19.8464		86.1874
20		0.5		468.48		19.8465		86.2444
20		0.5		468.8		19.8492		86.3009
20		0.5		469.12		19.8444		86.3607
20		0.5		469.44		19.8491		86.4169
20		0.5		469.76		19.8509		86.47
20		0.5		470.08		19.8503		86.527
20		0.5		470.4		19.8549		86.5845
20		0.5		470.72		19.8663		86.6425
20		0.5		471.04		19.8654		86.7004
20		0.5		471.36		19.8622		86.7583
20		0.5		471.68		19.8597		86.8189
20		0.5		472		19.8562		86.8749
20		0.5		472.32		19.8593		86.9347
20		0.5		472.64		19.8504		86.9939
20		0.5		472.96		19.8535		87.0521
20		0.5		473.28		19.8472		87.1129
20		0.5		473.6		19.8505		87.175
20		0.5		473.92		19.8575		87.2327
20		0.5		474.24		19.8618		87.2924
20		0.5		474.56		19.8643		87.3526
20		0.5		474.88		19.8754		87.4095
20		0.5		475.2		19.8735		87.4702
20		0.5		475.52		19.8821		87.5229
20		0.5		475.84		19.8755		87.5831
20		0.5		476.16		19.857		87.6437
20		0.5		476.48		19.8579		87.7067
20		0.5		476.8		19.8657		87.7624
20		0.5		477.12		19.8664		87.823
20		0.5		477.44		19.8722		87.8816
20		0.5		477.76		19.8695		87.9378
20		0.5		478.08		19.8741		87.9987
20		0.5		478.4		19.884		88.0604
20		0.5		478.72		19.8818		88.1121
20		0.5		479.04		19.8809		88.1671
20		0.5		479.36		19.8837		88.2267
20		0.5		479.68		19.8803		88.2849
20		0.5		480		19.8754		88.3414
20		0.5		480.32		19.873		88.4003
20		0.5		480.64		19.8817		88.4601
20		0.5		480.96		19.8672		88.5145
20		0.5		481.28		19.8649		88.5762
20		0.5		481.6		19.8659		88.64
20		0.5		481.92		19.8673		88.7007
20		0.5		482.24		19.8702		88.7588
20		0.5		482.56		19.8804		88.8198
20		0.5		482.88		19.8819		88.8782
20		0.5		483.2		19.8788		88.9394
20		0.5		483.52		19.8712		88.9963
20		0.5		483.84		19.8625		89.0539
20		0.5		484.16		19.8677		89.1085
20		0.5		484.48		19.862		89.1663
20		0.5		484.8		19.8683		89.2254
20		0.5		485.12		19.8706		89.2847
20		0.5		485.44		19.8734		89.3388
20		0.5		485.76		19.8747		89.3952
20		0.5		486.08		19.8779		89.454
20		0.5		486.4		19.8857		89.5133
20		0.5		486.72		19.8858		89.5763
20		0.5		487.04		19.8839		89.6371
20		0.5		487.36		19.8766		89.6923
20		0.5		487.68		19.8686		89.7536
20		0.5		488		19.8613		89.8124
20		0.5		488.32		19.8596		89.8707
20		0.5		488.64		19.861		89.9294
20		0.5		488.96		19.8626		89.9862
20		0.5		489.28		19.8584		90.0448
20		0.5		489.6		19.8596		90.1049
20		0.5		489.92		19.8554		90.1603
20		0.5		490.24		19.8529		90.2165
20		0.5		490.56		19.8538		90.272
20		0.5		490.88		19.8542		90.3302
20		0.5		491.2		19.8592		90.3895
20		0.5		491.52		19.8548		90.446
20		0.5		491.84		19.8633		90.5118
20		0.5		492.16		19.8648		90.5737
20		0.5		492.48		19.86		90.6339
20		0.5		492.8		19.8563		90.689
20		0.5		493.12		19.8519		90.7466
20		0.5		493.44		19.854		90.8058
20		0.5		493.76		19.8533		90.8661
20		0.5		494.08		19.8521		90.9233
20		0.5		494.4		19.8573		90.9827
20		0.5		494.72		19.8565		91.0404
20		0.5		495.04		19.8655		91.1032
20		0.5		495.36		19.8631		91.1604
20		0.5		495.68		19.8644		91.22
20		0.5		496		19.8571		91.2799
20		0.5		496.32		19.8663		91.3326
20		0.5		496.64		19.8687		91.3909
20		0.5		496.96		19.8644		91.448
20		0.5		497.28		19.8601		91.5024
20		0.5		497.6		19.8639		91.5566
20		0.5		497.92		19.8563		91.6137
20		0.5		498.24		19.8539		91.6719
20		0.5		498.56		19.8484		91.7314
20		0.5		498.88		19.8537		91.7917
20		0.5		499.2		19.8504		91.8531
20		0.5		499.52		19.8488		91.9079
20		0.5		499.84		19.8543		91.9658
20		0.5		500.16		19.8572		92.0277
20		0.5		500.48		19.8597		92.0901
20		0.5		500.8		19.8572		92.149
20		0.5		501.12		19.8554		92.2062
20		0.5		501.44		19.8671		92.2631
20		0.5		501.76		19.8673		92.3263
20		0.5		502.08		19.8774		92.3916
20		0.5		502.4		19.873		92.451
20		0.5		502.72		19.8779		92.5078
20		0.5		503.04		19.8732		92.566
20		0.5		503.36		19.8728		92.6251
20		0.5		503.68		19.8817		92.6825
20		0.5		504		19.8847		92.743
20		0.5		504.32		19.8821		92.8052
20		0.5		504.64		19.8821		92.8698
20		0.5		504.96		19.8771		92.9278
20		0.5		505.28		19.8815		92.9869
20		0.5		505.6		19.8789		93.0433
20		0.5		505.92		19.8747		93.1008
20		0.5		506.24		19.8762		93.1563
20		0.5		506.56		19.8728		93.2153
20		0.5		506.88		19.8824		93.2689
20		0.5		507.2		19.894		93.3243
20		0.5		507.52		19.8846		93.379
20		0.5		507.84		19.8796		93.4354
20		0.5		508.16		19.8826		93.4947
20		0.5		508.48		19.8792		93.555
20		0.5		508.8		19.8818		93.6104
20		0.5		509.12		19.8809		93.6699
20		0.5		509.44		19.8716		93.7277
20		0.5		509.76		19.8732		93.7868
20		0.5		510.08		19.8741		93.8471
20		0.5		510.4		19.8734		93.9019
20		0.5		510.72		19.8719		93.9584
20		0.5		511.04		19.8762		94.0211
20		0.5		511.36		19.8669		94.0718
20		0.5		511.68		19.8719		94.1317
20		0.5		512		19.8773		94.1927
20		0.5		512.32		19.8718		94.2567
20		0.5		512.64		19.8746		94.3097
20		0.5		512.96		19.8788		94.3717
20		0.5		513.28		19.875		94.4291
20		0.5		513.6		19.8706		94.4858
20		0.5		513.92		19.8758		94.5439
20		0.5		514.24		19.8801		94.6052
20		0.5		514.56		19.8739		94.6613
20		0.5		514.88		19.8797		94.7226
20		0.5		515.2		19.8795		94.7789
20		0.5		515.52		19.8852		94.8356
20		0.5		515.84		19.8907		94.8998
20		0.5		516.16		19.8788		94.9558
20		0.5		516.48		19.8877		95.0154
20		0.5		516.8		19.8894		95.0759
20		0.5		517.12		19.8963		95.1352
20		0.5		517.44		19.9		95.195
20		0.5		517.76		19.8901		95.2609
20		0.5		518.08		19.8921		95.3241
20		0.5		518.4		19.8963		95.3812
20		0.5		518.72		19.8932		95.4344
20		0.5		519.04		19.8881		95.4896
20		0.5		519.36		19.8867		95.5454
20		0.5		519.68		19.8871		95.6052
20		0.5		520		19.8965		95.6648
20		0.5		520.32		19.8946		95.7219
20		0.5		520.64		19.9015		95.7827
20		0.5		520.96		19.9117		95.8436
20		0.5		521.28		19.9016		95.9028
20		0.5		521.6		19.9032		95.9592
20		0.5		521.92		19.9013		96.0159
20		0.5		522.24		19.9036		96.0772
20		0.5		522.56		19.9111		96.1354
20		0.5		522.88		19.9076		96.193
20		0.5		523.2		19.916		96.2506
20		0.5		523.52		19.9174		96.3053
20		0.5		523.84		19.9183		96.3611
20		0.5		524.16		19.913		96.4181
20		0.5		524.48		19.9237		96.4745
20		0.5		524.8		19.9193		96.538
20		0.5		525.12		19.9318		96.5933
20		0.5		525.44		19.9278		96.646
20		0.5		525.76		19.9311		96.7041
20		0.5		526.08		19.9421		96.765
20		0.5		526.4		19.942		96.8249
20		0.5		526.72		19.944		96.8814
20		0.5		527.04		19.9522		96.9401
20		0.5		527.36		19.9531		97.0008
20		0.5		527.68		19.9603		97.0579
20		0.5		528		19.9526		97.1126
20		0.5		528.32		19.9535		97.1733
20		0.5		528.64		19.9521		97.2363
20		0.5		528.96		19.9498		97.2933
20		0.5		529.28		19.9438		97.3532
20		0.5		529.6		19.9474		97.4131
20		0.5		529.92		19.9444		97.4709
20		0.5		530.24		19.9418		97.5284
20		0.5		530.56		19.9408		97.5848
20		0.5		530.88		19.9417		97.6415
20		0.5		531.2		19.943		97.6983
20		0.5		531.52		19.9407		97.7581
20		0.5		531.84		19.9438		97.8177
20		0.5		532.16		19.951		97.8782
20		0.5		532.48		19.9478		97.9366
20		0.5		532.8		19.9472		97.9903
20		0.5		533.12		19.9539		98.0531
20		0.5		533.44		19.9585		98.1112
20		0.5		533.76		19.9583		98.1686
20		0.5		534.08		19.9683		98.2287
20		0.5		534.4		19.9665		98.286
20		0.5		534.72		19.9692		98.3472
20		0.5		535.04		19.9638		98.4042
20		0.5		535.36		19.9656		98.4605
20		0.5		535.68		19.9623		98.519
20		0.5		536		19.9639		98.5781
20		0.5		536.32		19.9687		98.633
20		0.5		536.64		19.9637		98.6895
20		0.5		536.96		19.9722		98.7453
20		0.5		537.28		19.9651		98.803
20		0.5		537.6		19.9689		98.8611
20		0.5		537.92		19.9734		98.9263
20		0.5		538.24		19.9674		98.9871
20		0.5		538.56		19.9727		99.0459
20		0.5		538.88		19.9724		99.1047
20		0.5		539.2		19.9766		99.1609
20		0.5		539.52		19.9701		99.221
20		0.5		539.84		19.9697		99.2802
20		0.5		540.16		19.9703		99.3376
20		0.5		540.48		19.9671		99.3979
20		0.5		540.8		19.9641		99.4541
20		0.5		541.12		19.9647		99.5095
20		0.5		541.44		19.9499		99.5658
20		0.5		541.76		19.9503		99.6262
20		0.5		542.08		19.9506		99.6851
20		0.5		542.4		19.9541		99.7438
20		0.5		542.72		19.9551		99.798
20		0.5		543.04		19.9544		99.8639
20		0.5		543.36		19.9509		99.9186
20		0.5		543.68		19.9588		99.9782
20		0.5		544		19.9761		100.036
20		0.5		544.32		19.9726		100.096
20		0.5		544.64		19.9607		100.155
20		0.5		544.96		19.9838		100.214
20		0.5		545.28		19.983		100.275
20		0.5		545.6		19.9927		100.334
20		0.5		545.92		19.9882		100.392
20		0.5		546.24		19.9923		100.451
20		0.5		546.56		19.9877		100.509
20		0.5		546.88		19.9912		100.568
20		0.5		547.2		19.9855		100.626
20		0.5		547.52		19.9795		100.683
20		0.5		547.84		19.9692		100.742
20		0.5		548.16		19.9729		100.799
20		0.5		548.48		19.9798		100.856
20		0.5		548.8		19.9839		100.912
20		0.5		549.12		19.9779		100.973
20		0.5		549.44		19.9763		101.031
20		0.5		549.76		19.9805		101.092
20		0.5		550.08		19.9855		101.154
20		0.5		550.4		19.9754		101.215
20		0.5		550.72		19.9649		101.272
20		0.5		551.04		19.962		101.334
20		0.5		551.36		19.9708		101.392
20		0.5		551.68		19.9792		101.451
20		0.5		552		19.9774		101.516
20		0.5		552.32		19.9827		101.572
20		0.5		552.64		19.9848		101.631
20		0.5		552.96		19.9843		101.684
20		0.5		553.28		19.9776		101.745
20		0.5		553.6		19.9772		101.804
20		0.5		553.92		19.9781		101.861
20		0.5		554.24		19.983		101.917
20		0.5		554.56		19.9826		101.98
20		0.5		554.88		19.9808		102.04
20		0.5		555.2		19.9811		102.099
20		0.5		555.52		19.9782		102.161
20		0.5		555.84		19.9665		102.216
20		0.5		556.16		19.9692		102.273
20		0.5		556.48		19.9743		102.334
20		0.5		556.8		19.9777		102.39
20		0.5		557.12		19.9841		102.448
20		0.5		557.44		19.9909		102.506
20		0.5		557.76		19.9872		102.571
20		0.5		558.08		19.9927		102.627
20		0.5		558.4		20.0053		102.686
20		0.5		558.72		20.0031		102.742
20		0.5		559.04		19.9929		102.802
20		0.5		559.36		19.9946		102.855
20		0.5		559.68		20.0071		102.912
20		0.5		560		20.0068		102.969
20		0.5		560.32		19.9998		103.029
20		0.5		560.64		20.007		103.09
20		0.5		560.96		19.997		103.152
20		0.5		561.28		19.9943		103.212
20		0.5		561.6		19.9812		103.269
20		0.5		561.92		19.9703		103.334
20		0.5		562.24		19.9682		103.39
20		0.5		562.56		19.9696		103.449
20		0.5		562.88		19.9702		103.509
20		0.5		563.2		19.9636		103.566
20		0.5		563.52		19.9642		103.622
20		0.5		563.84		19.9615		103.681
20		0.5		564.16		19.9663		103.734
20		0.5		564.48		19.9773		103.795
20		0.5		564.8		19.9866		103.847
20		0.5		565.12		19.9842		103.907
20		0.5		565.44		19.9864		103.961
20		0.5		565.76		19.9916		104.024
20		0.5		566.08		19.9839		104.083
20		0.5		566.4		19.9841		104.137
20		0.5		566.72		19.9794		104.195
20		0.5		567.04		19.9849		104.258
20		0.5		567.36		19.9793		104.318
20		0.5		567.68		19.9773		104.373
20		0.5		568		19.9834		104.437
20		0.5		568.32		19.9992		104.497
20		0.5		568.64		19.997		104.554
20		0.5		568.96		20.0009		104.613
20		0.5		569.28		20.0027		104.671
20		0.5		569.6		20.0098		104.731
20		0.5		569.92		20.0053		104.787
20		0.5		570.24		20.0115		104.848
20		0.5		570.56		20.0114		104.91
20		0.5		570.88		20.0079		104.969
20		0.5		571.2		20.0047		105.024
20		0.5		571.52		20.0033		105.086
20		0.5		571.84		19.9977		105.139
20		0.5		572.16		19.9996		105.197
20		0.5		572.48		20		105.251
20		0.5		572.8		20.0092		105.302
20		0.5		573.12		20.0166		105.361
20		0.5		573.44		20.0191		105.42
20		0.5		573.76		20.026		105.475
20		0.5		574.08		20.0147		105.529
20		0.5		574.4		20.013		105.586
20		0.5		574.72		20.0156		105.641
20		0.5		575.04		20.0139		105.695
20		0.5		575.36		20.0153		105.754
20		0.5		575.68		20.0257		105.816
20		0.5		576		20.0312		105.875
20		0.5		576.32		20.0371		105.934
20		0.5		576.64		20.0415		105.994
20		0.5		576.96		20.0392		106.049
20		0.5		577.28		20.0382		106.101
20		0.5		577.6		20.0203		106.166
20		0.5		577.92		20.0158		106.227
20		0.5		578.24		20.0181		106.288
20		0.5		578.56		20.0174		106.347
20		0.5		578.88		20.0262		106.405
20		0.5		579.2		20.0373		106.465
20		0.5		579.52		20.031		106.519
20		0.5		579.84		20.0274		106.577
20		0.5		580.16		20.0305		106.638
20		0.5		580.48		20.0432		106.696
20		0.5		580.8		20.0453		106.76
20		0.5		581.12		20.0441		106.819
20		0.5		581.44		20.0471		106.877
20		0.5		581.76		20.0617		106.933
20		0.5		582.08		20.0523		106.991
20		0.5		582.4		20.0569		107.046
20		0.5		582.72		20.0622		107.105
20		0.5		583.04		20.0716		107.165
20		0.5		583.36		20.0687		107.226
20		0.5		583.68		20.0685		107.285
20		0.5		584		20.0692		107.345
20		0.5		584.32		20.0679		107.399
20		0.5		584.64		20.0732		107.461
20		0.5		584.96		20.0675		107.52
20		0.5		585.28		20.0734		107.579
20		0.5		585.6		20.0756		107.642
20		0.5		585.92		20.0727		107.704
20		0.5		586.24		20.0738		107.767
20		0.5		586.56		20.0836		107.826
20		0.5		586.88		20.09		107.886
20		0.5		587.2		20.0923		107.943
20		0.5		587.52		20.0923		108.001
20		0.5		587.84		20.0956		108.059
20		0.5		588.16		20.0868		108.121
20		0.5		588.48		20.0775		108.178
20		0.5		588.8		20.0747		108.236
20		0.5		589.12		20.0749		108.292
20		0.5		589.44		20.0758		108.35
20		0.5		589.76		20.0777		108.408
20		0.5		590.08		20.073		108.468
20		0.5		590.4		20.0744		108.528
20		0.5		590.72		20.0644		108.585
20		0.5		591.04		20.0648		108.645
20		0.5		591.36		20.0657		108.701
20		0.5		591.68		20.0662		108.76
20		0.5		592		20.0585		108.819
20		0.5		592.32		20.0688		108.872
20		0.5		592.64		20.0824		108.931
20		0.5		592.96		20.0905		108.987
20		0.5		593.28		20.1022		109.05
20		0.5		593.6		20.1104		109.101
20		0.5		593.92		20.1143		109.164
20		0.5		594.24		20.1106		109.226
20		0.5		594.56		20.1105		109.284
20		0.5		594.88		20.1163		109.346
20		0.5		595.2		20.1146		109.399
20		0.5		595.52		20.1148		109.457
20		0.5		595.84		20.1078		109.52
20		0.5		596.16		20.1181		109.58
20		0.5		596.48		20.1198		109.641
20		0.5		596.8		20.118		109.698
20		0.5		597.12		20.1246		109.761
20		0.5		597.44		20.1214		109.817
20		0.5		597.76		20.119		109.877
20		0.5		598.08		20.1219		109.938
20		0.5		598.4		20.122		109.997
20		0.5		598.72		20.1224		110.055
20		0.5		599.04		20.1323		110.112
20		0.5		599.36		20.1433		110.166
20		0.5		599.68		20.1434		110.227
20		0.5		600		20.1432		110.285
20		0.5		600.32		20.1431		110.349
20		0.5		600.64		20.1393		110.408
20		0.5		600.96		20.1448		110.465
20		0.5		601.28		20.1495		110.526
20		0.5		601.6		20.1424		110.582
20		0.5		601.92		20.1357		110.645
20		0.5		602.24		20.1365		110.71
20		0.5		602.56		20.1362		110.765
20		0.5		602.88		20.1358		110.822
20		0.5		603.2		20.1328		110.883
20		0.5		603.52		20.1342		110.944
20		0.5		603.84		20.1326		111.001
20		0.5		604.16		20.1396		111.058
20		0.5		604.48		20.1332		111.114
20		0.5		604.8		20.1294		111.172
20		0.5		605.12		20.1371		111.233
20		0.5		605.44		20.1376		111.291
20		0.5		605.76		20.1494		111.348
20		0.5		606.08		20.1524		111.405
20		0.5		606.4		20.1556		111.46
20		0.5		606.72		20.1511		111.521
20		0.5		607.04		20.1448		111.577
20		0.5		607.36		20.1503		111.636
20		0.5		607.68		20.1438		111.694
20		0.5		608		20.1385		111.746
20		0.5		608.32		20.1423		111.801
20		0.5		608.64		20.1437		111.86
20		0.5		608.96		20.1452		111.922
20		0.5		609.28		20.1349		111.98
20		0.5		609.6		20.1282		112.039
20		0.5		609.92		20.1326		112.101
20		0.5		610.24		20.1414		112.155
20		0.5		610.56		20.1432		112.21
20		0.5		610.88		20.1421		112.272
20		0.5		611.2		20.132		112.336
20		0.5		611.52		20.1304		112.396
20		0.5		611.84		20.1262		112.456
20		0.5		612.16		20.1304		112.516
20		0.5		612.48		20.1316		112.572
20		0.5		612.8		20.1242		112.629
20		0.5		613.12		20.119		112.686
20		0.5		613.44		20.1204		112.744
20		0.5		613.76		20.1007		112.803
20		0.5		614.08		20.0903		112.862
20		0.5		614.4		20.0799		112.917
20		0.5		614.72		20.0792		112.976
20		0.5		615.04		20.0816		113.034
20		0.5		615.36		20.0822		113.093
20		0.5		615.68		20.0809		113.155
20		0.5		616		20.0863		113.21
20		0.5		616.32		20.0901		113.264
20		0.5		616.64		20.0876		113.326
20		0.5		616.96		20.1012		113.385
20		0.5		617.28		20.0934		113.443
20		0.5		617.6		20.1015		113.505
20		0.5		617.92		20.1032		113.565
20		0.5		618.24		20.103		113.624
20		0.5		618.56		20.0925		113.678
20		0.5		618.88		20.0885		113.739
20		0.5		619.2		20.0944		113.796
20		0.5		619.52		20.0966		113.858
20		0.5		619.84		20.1021		113.915
20		0.5		620.16		20.1063		113.971
20		0.5		620.48		20.0993		114.029
20		0.5		620.8		20.0988		114.092
20		0.5		621.12		20.1012		114.152
20		0.5		621.44		20.1062		114.206
20		0.5		621.76		20.1021		114.268
20		0.5		622.08		20.1003		114.329
20		0.5		622.4		20.102		114.386
20		0.5		622.72		20.1041		114.443
20		0.5		623.04		20.1065		114.496
20		0.5		623.36		20.1091		114.555
20		0.5		623.68		20.1218		114.615
20		0.5		624		20.1143		114.673
20		0.5		624.32		20.1125		114.729
20		0.5		624.64		20.1139		114.786
20		0.5		624.96		20.1076		114.839
20		0.5		625.28		20.1063		114.897
20		0.5		625.6		20.0932		114.952
20		0.5		625.92		20.094		115.013
20		0.5		626.24		20.0863		115.073
20		0.5		626.56		20.0796		115.132
20		0.5		626.88		20.0845		115.185
20		0.5		627.2		20.0855		115.244
20		0.5		627.52		20.0775		115.304
20		0.5		627.84		20.0709		115.368
20		0.5		628.16		20.0735		115.425
20		0.5		628.48		20.0781		115.485
20		0.5		628.8		20.0773		115.54
20		0.5		629.12		20.0706		115.599
20		0.5		629.44		20.0616		115.663
20		0.5		629.76		20.0638		115.722
20		0.5		630.08		20.0756		115.781
20		0.5		630.4		20.0754		115.842
20		0.5		630.72		20.0683		115.901
20		0.5		631.04		20.0699		115.958
20		0.5		631.36		20.0718		116.02
20		0.5		631.68		20.0745		116.076
20		0.5		632		20.0684		116.135
20		0.5		632.32		20.0792		116.189
20		0.5		632.64		20.0775		116.248
20		0.5		632.96		20.0852		116.308
20		0.5		633.28		20.0794		116.366
20		0.5		633.6		20.0796		116.422
20		0.5		633.92		20.0937		116.48
20		0.5		634.24		20.0919		116.539
20		0.5		634.56		20.0975		116.598
20		0.5		634.88		20.1114		116.658
20		0.5		635.2		20.1153		116.718
20		0.5		635.52		20.1092		116.775
20		0.5		635.84		20.101		116.833
20		0.5		636.16		20.0957		116.887
20		0.5		636.48		20.0776		116.943
20		0.5		636.8		20.0751		117.001
20		0.5		637.12		20.0716		117.058
20		0.5		637.44		20.0716		117.122
20		0.5		637.76		20.0605		117.18
20		0.5		638.08		20.0607		117.238
20		0.5		638.4		20.0685		117.298
20		0.5		638.72		20.0797		117.354
20		0.5		639.04		20.0747		117.413
20		0.5		639.36		20.0704		117.469
20		0.5		639.68		20.0773		117.527
20		0.5		640		20.0809		117.582
20		0.5		640.32		20.0831		117.639
20		0.5		640.64		20.0867		117.7
20		0.5		640.96		20.0835		117.762
20		0.5		641.28		20.0892		117.821
20		0.5		641.6		20.0909		117.88
20		0.5		641.92		20.0855		117.935
20		0.5		642.24		20.088		117.993
20		0.5		642.56		20.0873		118.052
20		0.5		642.88		20.0854		118.112
20		0.5		643.2		20.079		118.176
20		0.5		643.52		20.0841		118.243
20		0.5		643.84		20.0825		118.302
20		0.5		644.16		20.0832		118.361
20		0.5		644.48		20.0762		118.419
20		0.5		644.8		20.0776		118.481
20		0.5		645.12		20.0786		118.541
20		0.5		645.44		20.0902		118.604
20		0.5		645.76		20.0984		118.669
20		0.5		646.08		20.1006		118.728
20		0.5		646.4		20.1081		118.784
20		0.5		646.72		20.1126		118.843
20		0.5		647.04		20.1063		118.897
20		0.5		647.36		20.1056		118.956
20		0.5		647.68		20.1098		119.013
20		0.5		648		20.1174		119.076
20		0.5		648.32		20.1141		119.136
20		0.5		648.64		20.1103		119.194
20		0.5		648.96		20.1187		119.255
20		0.5		649.28		20.1125		119.312
20		0.5		649.6		20.1155		119.375
20		0.5		649.92		20.1136		119.436
20		0.5		650.24		20.1067		119.493
20		0.5		650.56		20.1058		119.55
20		0.5		650.88		20.1008		119.604
20		0.5		651.2		20.107		119.66
20		0.5		651.52		20.1154		119.714
20		0.5		651.84		20.1137		119.774
20		0.5		652.16		20.1221		119.829
20		0.5		652.48		20.1172		119.885
20		0.5		652.8		20.1069		119.941
20		0.5		653.12		20.1038		119.999
20		0.5		653.44		20.105		120.061
20		0.5		653.76		20.0994		120.124
20		0.5		654.08		20.0948		120.184
20		0.5		654.4		20.1014		120.24
20		0.5		654.72		20.1026		120.295
20		0.5		655.04		20.1075		120.35
20		0.5		655.36		20.1058		120.404
20		0.5		655.68		20.1162		120.459
20		0.5		656		20.1152		120.518
20		0.5		656.32		20.1114		120.571
20		0.5		656.64		20.1135		120.628
20		0.5		656.96		20.1146		120.687
20		0.5		657.28		20.1114		120.749
20		0.5		657.6		20.1078		120.809
20		0.5		657.92		20.1044		120.866
20		0.5		658.24		20.1026		120.92
20		0.5		658.56		20.0996		120.977
20		0.5		658.88		20.1015		121.04
20		0.5		659.2		20.0987		121.096
20		0.5		659.52		20.0943		121.16
20		0.5		659.84		20.0855		121.219
20		0.5		660.16		20.0834		121.283
20		0.5		660.48		20.0915		121.343
20		0.5		660.8		20.0884		121.398
20		0.5		661.12		20.0944		121.457
20		0.5		661.44		20.0935		121.518
20		0.5		661.76		20.0832		121.573
20		0.5		662.08		20.0794		121.635
20		0.5		662.4		20.0927		121.694
20		0.5		662.72		20.0855		121.751
20		0.5		663.04		20.081		121.805
20		0.5		663.36		20.0783		121.865
20		0.5		663.68		20.0832		121.923
20		0.5		664		20.0747		121.977
20		0.5		664.32		20.0735		122.036
20		0.5		664.64		20.0742		122.097
20		0.5		664.96		20.0799		122.157
20		0.5		665.28		20.0839		122.214
20		0.5		665.6		20.0871		122.271
20		0.5		665.92		20.0895		122.327
20		0.5		666.24		20.0904		122.387
20		0.5		666.56		20.0903		122.448
20		0.5		666.88		20.0876		122.508
20		0.5		667.2		20.0803		122.566
20		0.5		667.52		20.0815		122.623
20		0.5		667.84		20.0808		122.684
20		0.5		668.16		20.0838		122.741
20		0.5		668.48		20.0873		122.803
20		0.5		668.8		20.0748		122.858
20		0.5		669.12		20.0793		122.912
20		0.5		669.44		20.0895		122.969
20		0.5		669.76		20.085		123.022
20		0.5		670.08		20.0945		123.074
20		0.5		670.4		20.0984		123.13
20		0.5		670.72		20.096		123.185
20		0.5		671.04		20.0915		123.245
20		0.5		671.36		20.0868		123.304
20		0.5		671.68		20.0862		123.364
20		0.5		672		20.0901		123.425
20		0.5		672.32		20.0982		123.485
20		0.5		672.64		20.0923		123.542
20		0.5		672.96		20.0808		123.604
20		0.5		673.28		20.0883		123.662
20		0.5		673.6		20.0841		123.716
20		0.5		673.92		20.0942		123.776
20		0.5		674.24		20.1005		123.832
20		0.5		674.56		20.1053		123.893
20		0.5		674.88		20.1065		123.954
20		0.5		675.2		20.1058		124.014
20		0.5		675.52		20.1119		124.075
20		0.5		675.84		20.1063		124.134
20		0.5		676.16		20.1015		124.189
20		0.5		676.48		20.1064		124.249
20		0.5		676.8		20.1123		124.309
20		0.5		677.12		20.1201		124.37
20		0.5		677.44		20.1178		124.429
20		0.5		677.76		20.1217		124.484
20		0.5		678.08		20.1298		124.541
20		0.5		678.4		20.1443		124.605
20		0.5		678.72		20.1317		124.667
20		0.5		679.04		20.1361		124.729
20		0.5		679.36		20.1302		124.785
20		0.5		679.68		20.1372		124.845
20		0.5		680		20.1372		124.905
20		0.5		680.32		20.1471		124.963
20		0.5		680.64		20.1431		125.022
20		0.5		680.96		20.1386		125.081
20		0.5		681.28		20.1359		125.136
20		0.5		681.6		20.1392		125.197
20		0.5		681.92		20.1454		125.258
20		0.5		682.24		20.1413		125.316
20		0.5		682.56		20.1411		125.373
20		0.5		682.88		20.136		125.433
20		0.5		683.2		20.1319		125.489
20		0.5		683.52		20.137		125.546
20		0.5		683.84		20.1336		125.605
20		0.5		684.16		20.1375		125.663
20		0.5		684.48		20.1427		125.727
20		0.5		684.8		20.1422		125.782
20		0.5		685.12		20.1299		125.84
20		0.5		685.44		20.1309		125.899
20		0.5		685.76		20.1289		125.957
20		0.5		686.08		20.1346		126.02
20		0.5		686.4		20.1276		126.077
20		0.5		686.72		20.1235		126.131
20		0.5		687.04		20.1259		126.191
20		0.5		687.36		20.1329		126.255
20		0.5		687.68		20.125		126.312
20		0.5		688		20.1281		126.37
20		0.5		688.32		20.1349		126.429
20		0.5		688.64		20.1355		126.491
20		0.5		688.96		20.1391		126.55
20		0.5		689.28		20.1389		126.611
20		0.5		689.6		20.1408		126.669
20		0.5		689.92		20.131		126.73
20		0.5		690.24		20.1229		126.789
20		0.5		690.56		20.1254		126.847
20		0.5		690.88		20.1297		126.908
20		0.5		691.2		20.1289		126.965
20		0.5		691.52		20.1175		127.026
20		0.5		691.84		20.1088		127.082
20		0.5		692.16		20.1077		127.138
20		0.5		692.48		20.1151		127.196
20		0.5		692.8		20.118		127.255
20		0.5		693.12		20.1167		127.311
20		0.5		693.44		20.1258		127.367
20		0.5		693.76		20.137		127.424
20		0.5		694.08		20.1372		127.484
20		0.5		694.4		20.1416		127.542
20		0.5		694.72		20.1455		127.599
20		0.5		695.04		20.1479		127.656
20		0.5		695.36		20.1444		127.717
20		0.5		695.68		20.1415		127.775
20		0.5		696		20.1414		127.834
20		0.5		696.32		20.1503		127.89
20		0.5		696.64		20.1499		127.952
20		0.5		696.96		20.1489		128.007
20		0.5		697.28		20.1404		128.067
20		0.5		697.6		20.1356		128.128
20		0.5		697.92		20.1378		128.181
20		0.5		698.24		20.1425		128.24
20		0.5		698.56		20.1493		128.3
20		0.5		698.88		20.1602		128.361
20		0.5		699.2		20.1594		128.421
20		0.5		699.52		20.1506		128.478
20		0.5		699.84		20.1401		128.536
20		0.5		700.16		20.1394		128.595
20		0.5		700.48		20.1471		128.654
20		0.5		700.8		20.1358		128.712
20		0.5		701.12		20.1268		128.777
20		0.5		701.44		20.1243		128.836
20		0.5		701.76		20.1155		128.897
20		0.5		702.08		20.1177		128.956
20		0.5		702.4		20.1134		129.019
20		0.5		702.72		20.1186		129.08
20		0.5		703.04		20.1132		129.14
20		0.5		703.36		20.1008		129.196
20		0.5		703.68		20.0966		129.256
20		0.5		704		20.0962		129.316
20		0.5		704.32		20.0875		129.373
20		0.5		704.64		20.0767		129.432
20		0.5		704.96		20.0777		129.491
20		0.5		705.28		20.0757		129.543
20		0.5		705.6		20.0894		129.603
20		0.5		705.92		20.0938		129.666
20		0.5		706.24		20.0821		129.724
20		0.5		706.56		20.0796		129.788
20		0.5		706.88		20.0761		129.844
20		0.5		707.2		20.0755		129.905
20		0.5		707.52		20.0688		129.964
20		0.5		707.84		20.0823		130.023
20		0.5		708.16		20.073		130.081
20		0.5		708.48		20.0825		130.139
20		0.5		708.8		20.087		130.196
20		0.5		709.12		20.0722		130.252
20		0.5		709.44		20.0739		130.317
20		0.5		709.76		20.0782		130.377
20		0.5		710.08		20.0814		130.434
20		0.5		710.4		20.0878		130.491
20		0.5		710.72		20.0881		130.553
20		0.5		711.04		20.0848		130.612
20		0.5		711.36		20.0828		130.673
20		0.5		711.68		20.0781		130.73
20		0.5		712		20.0751		130.789
20		0.5		712.32		20.0727		130.851
20		0.5		712.64		20.083		130.912
20		0.5		712.96		20.0767		130.973
20		0.5		713.28		20.0809		131.032
20		0.5		713.6		20.0789		131.091
20		0.5		713.92		20.0804		131.147
20		0.5		714.24		20.0794		131.207
20		0.5		714.56		20.0786		131.265
20		0.5		714.88		20.0847		131.321
20		0.5		715.2		20.0858		131.381
20		0.5		715.52		20.0782		131.441
20		0.5		715.84		20.0842		131.505
20		0.5		716.16		20.0817		131.559
20		0.5		716.48		20.0752		131.616
20		0.5		716.8		20.061		131.672
20		0.5		717.12		20.0615		131.733
20		0.5		717.44		20.0572		131.789
20		0.5		717.76		20.0512		131.848
20		0.5		718.08		20.0506		131.906
20		0.5		718.4		20.0472		131.964
20		0.5		718.72		20.054		132.026
20		0.5		719.04		20.0559		132.086
20		0.5		719.36		20.0504		132.142
20		0.5		719.68		20.0518		132.205
20		0.5		720		20.052		132.268
20		0.5		720.32		20.0477		132.329
20		0.5		720.64		20.0395		132.392
20		0.5		720.96		20.0309		132.452
20		0.5		721.28		20.0364		132.509
20		0.5		721.6		20.0359		132.564
20		0.5		721.92		20.0205		132.624
20		0.5		722.24		20.0141		132.684
20		0.5		722.56		20.0167		132.743
20		0.5		722.88		20.0212		132.801
20		0.5		723.2		20.0121		132.859
20		0.5		723.52		20.0063		132.915
20		0.5		723.84		19.9932		132.973
20		0.5		724.16		19.9835		133.035
20		0.5		724.48		19.9766		133.09
20		0.5		724.8		19.982		133.15
20		0.5		725.12		19.9784		133.211
20		0.5		725.44		19.9726		133.263
20		0.5		725.76		19.9757		133.317
20		0.5		726.08		19.9607		133.38
20		0.5		726.4		19.9528		133.442
20		0.5		726.72		19.9467		133.499
20		0.5		727.04		19.9535		133.556
20		0.5		727.36		19.9544		133.612
20		0.5		727.68		19.9559		133.672
20		0.5		728		19.9562		133.73
20		0.5		728.32		19.9566		133.791
20		0.5		728.64		19.9478		133.847
20		0.5		728.96		19.95		133.9
20		0.5		729.28		19.9491		133.963
20		0.5		729.6		19.9527		134.022
20		0.5		729.92		19.9474		134.079
20		0.5		730.24		19.9368		134.139
20		0.5		730.56		19.9414		134.197
20		0.5		730.88		19.9461		134.26
20		0.5		731.2		19.9455		134.315
20		0.5		731.52		19.9474		134.372
20		0.5		731.84		19.9422		134.43
20		0.5		732.16		19.9357		134.49
20		0.5		732.48		19.9244		134.548
20		0.5		732.8		19.9332		134.606
20		0.5		733.12		19.9354		134.667
20		0.5		733.44		19.9332		134.728
20		0.5		733.76		19.9367		134.785
20		0.5		734.08		19.9366		134.846
20		0.5		734.4		19.9463		134.899
20		0.5		734.72		19.9334		134.955
20		0.5		735.04		19.9335		135.013
20		0.5		735.36		19.9294		135.07
20		0.5		735.68		19.9249		135.124
20		0.5		736		19.9282		135.183
20		0.5		736.32		19.9284		135.242
20		0.5		736.64		19.9364		135.307
20		0.5		736.96		19.9332		135.362
20		0.5		737.28		19.9309		135.425
20		0.5		737.6		19.9339		135.484
20		0.5		737.92		19.9243		135.541
20		0.5		738.24		19.9259		135.603
20		0.5		738.56		19.9179		135.659
20		0.5		738.88		19.9205		135.717
20		0.5		739.2		19.9178		135.773
20		0.5		739.52		19.9032		135.828
20		0.5		739.84		19.9021		135.89
20		0.5		740.16		19.9097		135.947
20		0.5		740.48		19.9177		136.012
20		0.5		740.8		19.9167		136.07
20		0.5		741.12		19.911		136.13
20		0.5		741.44		19.9015		136.19
20		0.5		741.76		19.8949		136.244
20		0.5		742.08		19.8998		136.301
20		0.5		742.4		19.9102		136.361
20		0.5		742.72		19.9146		136.42
20		0.5		743.04		19.9151		136.474
20		0.5		743.36		19.9197		136.532
20		0.5		743.68		19.9247		136.587
20		0.5		744		19.926		136.644
20		0.5		744.32		19.9277		136.701
20		0.5		744.64		19.9331		136.76
20		0.5		744.96		19.9241		136.812
20		0.5		745.28		19.9244		136.867
20		0.5		745.6		19.9207		136.928
20		0.5		745.92		19.927		136.989
20		0.5		746.24		19.9216		137.048
20		0.5		746.56		19.9278		137.11
20		0.5		746.88		19.937		137.172
20		0.5		747.2		19.9343		137.228
20		0.5		747.52		19.9375		137.285
20		0.5		747.84		19.9507		137.343
20		0.5		748.16		19.9494		137.396
20		0.5		748.48		19.951		137.451
20		0.5		748.8		19.9376		137.507
20		0.5		749.12		19.9405		137.568
20		0.5		749.44		19.9432		137.627
20		0.5		749.76		19.9513		137.68
20		0.5		750.08		19.9455		137.74
20		0.5		750.4		19.9502		137.794
20		0.5		750.72		19.9405		137.854
20		0.5		751.04		19.94		137.913
20		0.5		751.36		19.952		137.976
20		0.5		751.68		19.9448		138.033
20		0.5		752		19.9483		138.094
20		0.5		752.32		19.951		138.151
20		0.5		752.64		19.9458		138.209
20		0.5		752.96		19.929		138.265
20		0.5		753.28		19.9254		138.327
20		0.5		753.6		19.9225		138.386
20		0.5		753.92		19.9304		138.444
20		0.5		754.24		19.9323		138.496
20		0.5		754.56		19.9361		138.557
20		0.5		754.88		19.941		138.613
20		0.5		755.2		19.936		138.671
20		0.5		755.52		19.9413		138.727
20		0.5		755.84		19.9499		138.787
20		0.5		756.16		19.9456		138.846
20		0.5		756.48		19.9485		138.904
20		0.5		756.8		19.9457		138.961
20		0.5		757.12		19.952		139.018
20		0.5		757.44		19.9469		139.078
20		0.5		757.76		19.9407		139.141
20		0.5		758.08		19.9405		139.198
20		0.5		758.4		19.9365		139.255
20		0.5		758.72		19.9301		139.311
20		0.5		759.04		19.9311		139.367
20		0.5		759.36		19.9377		139.42
20		0.5		759.68		19.9442		139.482
20		0.5		760		19.9428		139.541
20		0.5		760.32		19.9514		139.6
20		0.5		760.64		19.9525		139.661
20		0.5		760.96		19.9623		139.713
20		0.5		761.28		19.9669		139.772
20		0.5		761.6		19.9628		139.829
20		0.5		761.92		19.9593		139.885
20		0.5		762.24		19.9562		139.947
20		0.5		762.56		19.9474		140.006
20		0.5		762.88		19.9447		140.065
20		0.5		763.2		19.9505		140.124
20		0.5		763.52		19.9643		140.18
20		0.5		763.84		19.9598		140.239
20		0.5		764.16		19.962		140.294
20		0.5		764.48		19.9653		140.351
20		0.5		764.8		19.9665		140.411
20		0.5		765.12		19.961		140.467
20		0.5		765.44		19.963		140.526
20		0.5		765.76		19.9699		140.582
20		0.5		766.08		19.9683		140.646
20		0.5		766.4		19.9758		140.709
20		0.5		766.72		19.9844		140.764
20		0.5		767.04		19.9896		140.826
20		0.5		767.36		19.9919		140.884
20		0.5		767.68		19.9958		140.943
20		0.5		768		19.9955		141.004
20		0.5		768.32		19.9932		141.063
20		0.5		768.64		19.9993		141.118
20		0.5		768.96		19.9967		141.181
20		0.5		769.28		19.9983		141.238
20		0.5		769.6		19.9951		141.296
20		0.5		769.92		20.0005		141.356
20		0.5		770.24		20.0057		141.414
20		0.5		770.56		20.0018		141.473
20		0.5		770.88		20.0087		141.528
20		0.5		771.2		20.0053		141.587
20		0.5		771.52		20.0046		141.647
20		0.5		771.84		20.0074		141.701
20		0.5		772.16		20.0022		141.761
20		0.5		772.48		19.9868		141.813
20		0.5		772.8		19.9881		141.87
20		0.5		773.12		19.9997		141.923
20		0.5		773.44		20.0087		141.982
20		0.5		773.76		19.9986		142.04
20		0.5		774.08		19.9918		142.096
20		0.5		774.4		19.987		142.156
20		0.5		774.72		19.9803		142.217
20		0.5		775.04		19.9796		142.272
20		0.5		775.36		19.9832		142.331
20		0.5		775.68		19.9722		142.387
20		0.5		776		19.981		142.448
20		0.5		776.32		19.9772		142.502
20		0.5		776.64		19.985		142.559
20		0.5		776.96		19.9847		142.616
20		0.5		777.28		19.996		142.675
20		0.5		777.6		19.99		142.735
20		0.5		777.92		19.9823		142.795
20		0.5		778.24		19.9857		142.852
20		0.5		778.56		19.988		142.908
20		0.5		778.88		19.9841		142.96
20		0.5		779.2		19.9864		143.02
20		0.5		779.52		19.989		143.082
20		0.5		779.84		19.9852		143.14
20		0.5		780.16		19.9776		143.195
20		0.5		780.48		19.9819		143.255
20		0.5		780.8		19.9792		143.31
20		0.5		781.12		19.9826		143.365
20		0.5		781.44		19.9806		143.427
20		0.5		781.76		19.9798		143.485
20		0.5		782.08		19.9759		143.548
20		0.5		782.4		19.9762		143.606
20		0.5		782.72		19.9797		143.669
20		0.5		783.04		19.9729		143.722
20		0.5		783.36		19.9795		143.782
20		0.5		783.68		19.9751		143.844
20		0.5		784		19.9846		143.905
20		0.5		784.32		19.9806		143.964
20		0.5		784.64		19.9814		144.024
20		0.5		784.96		19.9728		144.088
20		0.5		785.28		19.9796		144.148
20		0.5		785.6		19.9843		144.212
20		0.5		785.92		19.9937		144.272
20		0.5		786.24		19.9983		144.33
20		0.5		786.56		20.0018		144.387
20		0.5		786.88		19.9958		144.442
20		0.5		787.2		19.9966		144.504
20		0.5		787.52		19.9983		144.563
20		0.5		787.84		20.0061		144.619
20		0.5		788.16		20.0039		144.678
20		0.5		788.48		19.998		144.737
20		0.5		788.8		19.9931		144.796
20		0.5		789.12		19.9927		144.853
20		0.5		789.44		20.0031		144.91
20		0.5		789.76		20.0008		144.967
20		0.5		790.08		20.0098		145.026
20		0.5		790.4		20.0104		145.087
20		0.5		790.72		20.0042		145.147
20		0.5		791.04		20.0057		145.208
20		0.5		791.36		20.0043		145.264
20		0.5		791.68		20.0015		145.322
20		0.5		792		20.0046		145.378
20		0.5		792.32		19.9988		145.437
20		0.5		792.64		19.9964		145.499
20		0.5		792.96		19.9983		145.555
20		0.5		793.28		19.9962		145.625
20		0.5		793.6		20.002		145.69
20		0.5		793.92		19.9942		145.757
20		0.5		794.24		20.002		145.818
20		0.5		794.56		20.0122		145.875
20		0.5		794.88		20.0122		145.94
20		0.5		795.2		20.0094		146.009
20		0.5		795.52		20.011		146.071
20		0.5		795.668		20.0124		146.1
