#########################################################################
#Electron Drift Line StepTime=0.32us at rIN=20cm				#
#rIN_cm		zIN_cm		DriftTimeIN_us	rOUT_cm		z_OUT_cm#
#########################################################################
20		0.5		0.32		19.9998		0.553997
20		0.5		0.64		19.9904		0.617837
20		0.5		0.96		19.988		0.677616
20		0.5		1.28		19.9887		0.741172
20		0.5		1.6		19.9851		0.803857
20		0.5		1.92		19.9874		0.862852
20		0.5		2.24		19.9916		0.920679
20		0.5		2.56		19.9911		0.980123
20		0.5		2.88		19.999		1.03497
20		0.5		3.2		19.9956		1.09232
20		0.5		3.52		19.9992		1.15259
20		0.5		3.84		19.9994		1.21069
20		0.5		4.16		19.9912		1.26758
20		0.5		4.48		19.9794		1.32389
20		0.5		4.8		19.9771		1.38383
20		0.5		5.12		19.9711		1.44346
20		0.5		5.44		19.9723		1.49977
20		0.5		5.76		19.9851		1.55765
20		0.5		6.08		19.9874		1.61132
20		0.5		6.4		19.9876		1.6724
20		0.5		6.72		19.9917		1.73034
20		0.5		7.04		19.9931		1.78702
20		0.5		7.36		19.9912		1.84809
20		0.5		7.68		19.9868		1.90922
20		0.5		8		19.9881		1.96715
20		0.5		8.32		19.999		2.02936
20		0.5		8.64		19.9929		2.08917
20		0.5		8.96		19.9829		2.14682
20		0.5		9.28		19.9828		2.20403
20		0.5		9.6		19.9885		2.25773
20		0.5		9.92		19.9877		2.3202
20		0.5		10.24		19.9925		2.37578
20		0.5		10.56		19.9849		2.43029
20		0.5		10.88		19.9799		2.49202
20		0.5		11.2		19.9721		2.55201
20		0.5		11.52		19.9723		2.60818
20		0.5		11.84		19.9741		2.66551
20		0.5		12.16		19.9749		2.72505
20		0.5		12.48		19.9838		2.78312
20		0.5		12.8		19.9877		2.84109
20		0.5		13.12		19.9831		2.89968
20		0.5		13.44		19.9937		2.9571
20		0.5		13.76		19.9938		3.01719
20		0.5		14.08		19.9937		3.07672
20		0.5		14.4		19.9972		3.13719
20		0.5		14.72		19.9999		3.19555
20		0.5		15.04		19.9973		3.2536
20		0.5		15.36		20.0045		3.31076
20		0.5		15.68		20.0026		3.36987
20		0.5		16		20.0072		3.43091
20		0.5		16.32		20.0177		3.48945
20		0.5		16.64		20.0095		3.54959
20		0.5		16.96		20.0105		3.60459
20		0.5		17.28		20.0167		3.66616
20		0.5		17.6		20.0281		3.72665
20		0.5		17.92		20.0206		3.78424
20		0.5		18.24		20.0183		3.83984
20		0.5		18.56		20.0244		3.89776
20		0.5		18.88		20.0241		3.9619
20		0.5		19.2		20.0319		4.02129
20		0.5		19.52		20.0356		4.08239
20		0.5		19.84		20.0327		4.14212
20		0.5		20.16		20.0338		4.20313
20		0.5		20.48		20.0377		4.25678
20		0.5		20.8		20.0354		4.31866
20		0.5		21.12		20.0391		4.3824
20		0.5		21.44		20.0473		4.44519
20		0.5		21.76		20.0511		4.50262
20		0.5		22.08		20.0617		4.56268
20		0.5		22.4		20.0533		4.6221
20		0.5		22.72		20.0495		4.68266
20		0.5		23.04		20.0489		4.74166
20		0.5		23.36		20.0625		4.79745
20		0.5		23.68		20.0657		4.85401
20		0.5		24		20.0589		4.90872
20		0.5		24.32		20.0581		4.97175
20		0.5		24.64		20.0519		5.0294
20		0.5		24.96		20.0541		5.08588
20		0.5		25.28		20.0491		5.14138
20		0.5		25.6		20.0536		5.20083
20		0.5		25.92		20.0554		5.26076
20		0.5		26.24		20.0563		5.32067
20		0.5		26.56		20.0521		5.38533
20		0.5		26.88		20.0579		5.44742
20		0.5		27.2		20.0571		5.50771
20		0.5		27.52		20.0474		5.56187
20		0.5		27.84		20.0431		5.622
20		0.5		28.16		20.0502		5.68292
20		0.5		28.48		20.0503		5.74439
20		0.5		28.8		20.0491		5.80678
20		0.5		29.12		20.0416		5.86255
20		0.5		29.44		20.0233		5.91735
20		0.5		29.76		20.0209		5.97216
20		0.5		30.08		20.0202		6.02941
20		0.5		30.4		20.0189		6.08847
20		0.5		30.72		20.0223		6.14993
20		0.5		31.04		20.0228		6.20617
20		0.5		31.36		20.0265		6.2625
20		0.5		31.68		20.0309		6.31671
20		0.5		32		20.0351		6.37437
20		0.5		32.32		20.0384		6.43253
20		0.5		32.64		20.0412		6.48744
20		0.5		32.96		20.0402		6.54418
20		0.5		33.28		20.0255		6.60107
20		0.5		33.6		20.0229		6.66073
20		0.5		33.92		20.0341		6.72066
20		0.5		34.24		20.0357		6.77982
20		0.5		34.56		20.0211		6.83918
20		0.5		34.88		20.0221		6.89917
20		0.5		35.2		20.0303		6.95288
20		0.5		35.52		20.0255		7.01252
20		0.5		35.84		20.0267		7.07567
20		0.5		36.16		20.0294		7.13396
20		0.5		36.48		20.0342		7.19099
20		0.5		36.8		20.0384		7.2492
20		0.5		37.12		20.0378		7.30201
20		0.5		37.44		20.0526		7.35061
20		0.5		37.76		20.0602		7.41167
20		0.5		38.08		20.0701		7.47155
20		0.5		38.4		20.0699		7.52719
20		0.5		38.72		20.0675		7.58611
20		0.5		39.04		20.0678		7.6407
20		0.5		39.36		20.0671		7.69812
20		0.5		39.68		20.0698		7.75609
20		0.5		40		20.0697		7.81371
20		0.5		40.32		20.0635		7.8699
20		0.5		40.64		20.0601		7.92587
20		0.5		40.96		20.0641		7.98665
20		0.5		41.28		20.0644		8.04064
20		0.5		41.6		20.0535		8.09949
20		0.5		41.92		20.0497		8.15674
20		0.5		42.24		20.0521		8.21743
20		0.5		42.56		20.0568		8.27546
20		0.5		42.88		20.0484		8.3286
20		0.5		43.2		20.0669		8.39009
20		0.5		43.52		20.072		8.45537
20		0.5		43.84		20.0808		8.51451
20		0.5		44.16		20.0782		8.57362
20		0.5		44.48		20.0844		8.6325
20		0.5		44.8		20.0866		8.68934
20		0.5		45.12		20.0766		8.74999
20		0.5		45.44		20.0793		8.80974
20		0.5		45.76		20.0791		8.86778
20		0.5		46.08		20.0836		8.92487
20		0.5		46.4		20.0809		8.97878
20		0.5		46.72		20.0849		9.03538
20		0.5		47.04		20.0852		9.0953
20		0.5		47.36		20.078		9.15152
20		0.5		47.68		20.0787		9.20411
20		0.5		48		20.0754		9.26218
20		0.5		48.32		20.0771		9.32125
20		0.5		48.64		20.0773		9.38446
20		0.5		48.96		20.0802		9.44427
20		0.5		49.28		20.0717		9.50593
20		0.5		49.6		20.0741		9.56147
20		0.5		49.92		20.063		9.61641
20		0.5		50.24		20.0628		9.67473
20		0.5		50.56		20.0623		9.73231
20		0.5		50.88		20.0617		9.79136
20		0.5		51.2		20.0632		9.8499
20		0.5		51.52		20.0524		9.90839
20		0.5		51.84		20.0571		9.96592
20		0.5		52.16		20.0595		10.0252
20		0.5		52.48		20.0539		10.0829
20		0.5		52.8		20.054		10.1434
20		0.5		53.12		20.0516		10.2032
20		0.5		53.44		20.0532		10.265
20		0.5		53.76		20.0553		10.3223
20		0.5		54.08		20.0529		10.3847
20		0.5		54.4		20.0513		10.4438
20		0.5		54.72		20.0441		10.5009
20		0.5		55.04		20.0499		10.56
20		0.5		55.36		20.048		10.6154
20		0.5		55.68		20.0521		10.6674
20		0.5		56		20.0556		10.7285
20		0.5		56.32		20.0611		10.7875
20		0.5		56.64		20.0579		10.8471
20		0.5		56.96		20.0529		10.902
20		0.5		57.28		20.0519		10.9609
20		0.5		57.6		20.0447		11.0179
20		0.5		57.92		20.0488		11.079
20		0.5		58.24		20.0433		11.1393
20		0.5		58.56		20.0502		11.198
20		0.5		58.88		20.0468		11.2532
20		0.5		59.2		20.0491		11.316
20		0.5		59.52		20.0476		11.3723
20		0.5		59.84		20.0486		11.4293
20		0.5		60.16		20.0554		11.4882
20		0.5		60.48		20.0438		11.5488
20		0.5		60.8		20.0321		11.6088
20		0.5		61.12		20.0223		11.6659
20		0.5		61.44		20.023		11.7213
20		0.5		61.76		20.0247		11.7795
20		0.5		62.08		20.021		11.837
20		0.5		62.4		20.01		11.8948
20		0.5		62.72		20.0097		11.9564
20		0.5		63.04		20.0072		12.0164
20		0.5		63.36		20.0096		12.0746
20		0.5		63.68		19.9971		12.1367
20		0.5		64		19.9993		12.1905
20		0.5		64.32		19.9916		12.2479
20		0.5		64.64		19.9995		12.3069
20		0.5		64.96		19.9977		12.3649
20		0.5		65.28		20.0042		12.4286
20		0.5		65.6		19.9906		12.4885
20		0.5		65.92		19.9945		12.547
20		0.5		66.24		19.9987		12.6038
20		0.5		66.56		19.9993		12.6604
20		0.5		66.88		20.001		12.7214
20		0.5		67.2		19.9984		12.7786
20		0.5		67.52		19.9921		12.8362
20		0.5		67.84		19.9926		12.896
20		0.5		68.16		19.997		12.9547
20		0.5		68.48		20.0032		13.015
20		0.5		68.8		20.0058		13.0707
20		0.5		69.12		19.998		13.1305
20		0.5		69.44		20.0043		13.19
20		0.5		69.76		20.0035		13.2494
20		0.5		70.08		20.0117		13.3074
20		0.5		70.4		20.0119		13.3676
20		0.5		70.72		20.0094		13.4236
20		0.5		71.04		20.0169		13.4824
20		0.5		71.36		20.0164		13.5391
20		0.5		71.68		20.0193		13.5966
20		0.5		72		20.0295		13.6554
20		0.5		72.32		20.0287		13.7154
20		0.5		72.64		20.0343		13.7705
20		0.5		72.96		20.0397		13.8288
20		0.5		73.28		20.0407		13.888
20		0.5		73.6		20.0453		13.9451
20		0.5		73.92		20.0455		14.0034
20		0.5		74.24		20.0416		14.0666
20		0.5		74.56		20.0469		14.1281
20		0.5		74.88		20.0565		14.1891
20		0.5		75.2		20.0647		14.2517
20		0.5		75.52		20.0642		14.3082
20		0.5		75.84		20.0708		14.3636
20		0.5		76.16		20.061		14.4203
20		0.5		76.48		20.0666		14.4802
20		0.5		76.8		20.0655		14.5402
20		0.5		77.12		20.0728		14.5963
20		0.5		77.44		20.0778		14.6541
20		0.5		77.76		20.0807		14.716
20		0.5		78.08		20.0863		14.7735
20		0.5		78.4		20.0927		14.8347
20		0.5		78.72		20.1031		14.8962
20		0.5		79.04		20.0925		14.9561
20		0.5		79.36		20.0855		15.0138
20		0.5		79.68		20.0948		15.0765
20		0.5		80		20.0941		15.1297
20		0.5		80.32		20.0943		15.1883
20		0.5		80.64		20.0995		15.2495
20		0.5		80.96		20.0989		15.3057
20		0.5		81.28		20.1022		15.3615
20		0.5		81.6		20.0917		15.4246
20		0.5		81.92		20.0922		15.4818
20		0.5		82.24		20.08		15.5374
20		0.5		82.56		20.0787		15.5935
20		0.5		82.88		20.0793		15.6543
20		0.5		83.2		20.0684		15.7153
20		0.5		83.52		20.0654		15.7764
20		0.5		83.84		20.0683		15.8339
20		0.5		84.16		20.0786		15.8965
20		0.5		84.48		20.0858		15.9583
20		0.5		84.8		20.085		16.0162
20		0.5		85.12		20.0815		16.0767
20		0.5		85.44		20.0763		16.136
20		0.5		85.76		20.0664		16.1948
20		0.5		86.08		20.0752		16.2513
20		0.5		86.4		20.0844		16.3045
20		0.5		86.72		20.0789		16.3674
20		0.5		87.04		20.0781		16.4275
20		0.5		87.36		20.0856		16.4813
20		0.5		87.68		20.0865		16.541
20		0.5		88		20.0897		16.6013
20		0.5		88.32		20.082		16.6582
20		0.5		88.64		20.0796		16.713
20		0.5		88.96		20.0788		16.7694
20		0.5		89.28		20.0836		16.8289
20		0.5		89.6		20.083		16.8824
20		0.5		89.92		20.0881		16.9433
20		0.5		90.24		20.0967		17.0014
20		0.5		90.56		20.0912		17.0589
20		0.5		90.88		20.097		17.1176
20		0.5		91.2		20.0946		17.1821
20		0.5		91.52		20.0968		17.2382
20		0.5		91.84		20.1055		17.3014
20		0.5		92.16		20.1004		17.3591
20		0.5		92.48		20.0952		17.4125
20		0.5		92.8		20.0983		17.473
20		0.5		93.12		20.0993		17.5279
20		0.5		93.44		20.1043		17.5859
20		0.5		93.76		20.1068		17.6387
20		0.5		94.08		20.1013		17.6937
20		0.5		94.4		20.1052		17.7501
20		0.5		94.72		20.1047		17.8147
20		0.5		95.04		20.1148		17.8739
20		0.5		95.36		20.1076		17.9335
20		0.5		95.68		20.1035		17.9953
20		0.5		96		20.0949		18.0532
20		0.5		96.32		20.0892		18.1126
20		0.5		96.64		20.0906		18.1719
20		0.5		96.96		20.0876		18.2247
20		0.5		97.28		20.0845		18.2828
20		0.5		97.6		20.0859		18.3422
20		0.5		97.92		20.0825		18.3959
20		0.5		98.24		20.0782		18.4564
20		0.5		98.56		20.0825		18.5101
20		0.5		98.88		20.0864		18.5678
20		0.5		99.2		20.0894		18.6194
20		0.5		99.52		20.0887		18.675
20		0.5		99.84		20.0895		18.7374
20		0.5		100.16		20.0923		18.7966
20		0.5		100.48		20.0912		18.8535
20		0.5		100.8		20.0907		18.9133
20		0.5		101.12		20.088		18.9704
20		0.5		101.44		20.0936		19.0299
20		0.5		101.76		20.0931		19.0858
20		0.5		102.08		20.0924		19.1428
20		0.5		102.4		20.0874		19.1966
20		0.5		102.72		20.0863		19.2569
20		0.5		103.04		20.0945		19.313
20		0.5		103.36		20.0884		19.373
20		0.5		103.68		20.0802		19.4341
20		0.5		104		20.0832		19.4942
20		0.5		104.32		20.0798		19.5578
20		0.5		104.64		20.0828		19.6212
20		0.5		104.96		20.0839		19.6807
20		0.5		105.28		20.0915		19.7409
20		0.5		105.6		20.0947		19.7976
20		0.5		105.92		20.0953		19.8575
20		0.5		106.24		20.0831		19.9144
20		0.5		106.56		20.0853		19.9765
20		0.5		106.88		20.0809		20.032
20		0.5		107.2		20.0819		20.0884
20		0.5		107.52		20.0838		20.1487
20		0.5		107.84		20.0945		20.2068
20		0.5		108.16		20.0975		20.263
20		0.5		108.48		20.093		20.3201
20		0.5		108.8		20.086		20.3801
20		0.5		109.12		20.086		20.4402
20		0.5		109.44		20.1031		20.4998
20		0.5		109.76		20.1033		20.562
20		0.5		110.08		20.1088		20.6216
20		0.5		110.4		20.1048		20.6803
20		0.5		110.72		20.106		20.743
20		0.5		111.04		20.1065		20.8052
20		0.5		111.36		20.1043		20.8642
20		0.5		111.68		20.0967		20.9289
20		0.5		112		20.1019		20.9842
20		0.5		112.32		20.1116		21.0452
20		0.5		112.64		20.1088		21.0995
20		0.5		112.96		20.1036		21.1573
20		0.5		113.28		20.0944		21.2193
20		0.5		113.6		20.0861		21.2771
20		0.5		113.92		20.0838		21.3312
20		0.5		114.24		20.08		21.385
20		0.5		114.56		20.0857		21.4433
20		0.5		114.88		20.0925		21.5012
20		0.5		115.2		20.0904		21.5612
20		0.5		115.52		20.094		21.6168
20		0.5		115.84		20.0987		21.6751
20		0.5		116.16		20.1074		21.7355
20		0.5		116.48		20.117		21.7924
20		0.5		116.8		20.1146		21.8496
20		0.5		117.12		20.1214		21.9047
20		0.5		117.44		20.1216		21.9618
20		0.5		117.76		20.1222		22.0205
20		0.5		118.08		20.1193		22.0726
20		0.5		118.4		20.1213		22.1332
20		0.5		118.72		20.1074		22.1927
20		0.5		119.04		20.0989		22.254
20		0.5		119.36		20.1064		22.3123
20		0.5		119.68		20.1042		22.3719
20		0.5		120		20.1059		22.428
20		0.5		120.32		20.0974		22.4837
20		0.5		120.64		20.0894		22.5416
20		0.5		120.96		20.0838		22.6025
20		0.5		121.28		20.0833		22.6571
20		0.5		121.6		20.0831		22.7173
20		0.5		121.92		20.0963		22.7716
20		0.5		122.24		20.0997		22.8289
20		0.5		122.56		20.0954		22.8841
20		0.5		122.88		20.1027		22.9446
20		0.5		123.2		20.1085		23.0069
20		0.5		123.52		20.1109		23.0683
20		0.5		123.84		20.1129		23.1222
20		0.5		124.16		20.119		23.1849
20		0.5		124.48		20.1243		23.2428
20		0.5		124.8		20.1255		23.2992
20		0.5		125.12		20.132		23.3563
20		0.5		125.44		20.131		23.4145
20		0.5		125.76		20.1221		23.4757
20		0.5		126.08		20.1251		23.5321
20		0.5		126.4		20.1166		23.595
20		0.5		126.72		20.122		23.6509
20		0.5		127.04		20.1295		23.7076
20		0.5		127.36		20.132		23.7659
20		0.5		127.68		20.1234		23.8246
20		0.5		128		20.126		23.8805
20		0.5		128.32		20.1209		23.9349
20		0.5		128.64		20.1254		23.992
20		0.5		128.96		20.1361		24.0492
20		0.5		129.28		20.1246		24.1101
20		0.5		129.6		20.1216		24.1661
20		0.5		129.92		20.1258		24.224
20		0.5		130.24		20.1239		24.2784
20		0.5		130.56		20.122		24.3397
20		0.5		130.88		20.1178		24.4003
20		0.5		131.2		20.1176		24.4603
20		0.5		131.52		20.13		24.52
20		0.5		131.84		20.1318		24.573
20		0.5		132.16		20.1335		24.6332
20		0.5		132.48		20.1477		24.6933
20		0.5		132.8		20.1423		24.7503
20		0.5		133.12		20.145		24.8089
20		0.5		133.44		20.149		24.8663
20		0.5		133.76		20.153		24.9276
20		0.5		134.08		20.1552		24.9837
20		0.5		134.4		20.1457		25.0399
20		0.5		134.72		20.1549		25.1058
20		0.5		135.04		20.1549		25.16
20		0.5		135.36		20.1518		25.2204
20		0.5		135.68		20.1507		25.2797
20		0.5		136		20.1467		25.3417
20		0.5		136.32		20.1496		25.4029
20		0.5		136.64		20.1511		25.4646
20		0.5		136.96		20.1444		25.5235
20		0.5		137.28		20.1529		25.5821
20		0.5		137.6		20.1498		25.6421
20		0.5		137.92		20.1421		25.7005
20		0.5		138.24		20.1362		25.7608
20		0.5		138.56		20.1336		25.819
20		0.5		138.88		20.1448		25.8786
20		0.5		139.2		20.1455		25.9385
20		0.5		139.52		20.1432		25.9999
20		0.5		139.84		20.1472		26.0596
20		0.5		140.16		20.1484		26.116
20		0.5		140.48		20.1538		26.1725
20		0.5		140.8		20.1577		26.2304
20		0.5		141.12		20.1628		26.2888
20		0.5		141.44		20.1622		26.3475
20		0.5		141.76		20.1631		26.4089
20		0.5		142.08		20.1581		26.4698
20		0.5		142.4		20.1689		26.5265
20		0.5		142.72		20.1671		26.5862
20		0.5		143.04		20.1632		26.6436
20		0.5		143.36		20.1598		26.7044
20		0.5		143.68		20.1633		26.761
20		0.5		144		20.1714		26.8216
20		0.5		144.32		20.1751		26.8795
20		0.5		144.64		20.1812		26.9407
20		0.5		144.96		20.1894		27.0031
20		0.5		145.28		20.1848		27.0639
20		0.5		145.6		20.1885		27.1246
20		0.5		145.92		20.1921		27.1778
20		0.5		146.24		20.1903		27.24
20		0.5		146.56		20.1816		27.2993
20		0.5		146.88		20.1763		27.3578
20		0.5		147.2		20.175		27.4183
20		0.5		147.52		20.173		27.4739
20		0.5		147.84		20.1533		27.5293
20		0.5		148.16		20.1551		27.5863
20		0.5		148.48		20.1533		27.6455
20		0.5		148.8		20.1547		27.7046
20		0.5		149.12		20.1561		27.7622
20		0.5		149.44		20.1712		27.8222
20		0.5		149.76		20.1719		27.8805
20		0.5		150.08		20.1833		27.9315
20		0.5		150.4		20.1838		27.9917
20		0.5		150.72		20.1793		28.0527
20		0.5		151.04		20.1801		28.1048
20		0.5		151.36		20.1781		28.1649
20		0.5		151.68		20.1705		28.2259
20		0.5		152		20.168		28.2841
20		0.5		152.32		20.1712		28.3443
20		0.5		152.64		20.1679		28.3984
20		0.5		152.96		20.1651		28.4546
20		0.5		153.28		20.1533		28.5102
20		0.5		153.6		20.1481		28.571
20		0.5		153.92		20.1456		28.6322
20		0.5		154.24		20.1401		28.6883
20		0.5		154.56		20.1481		28.7488
20		0.5		154.88		20.1451		28.8034
20		0.5		155.2		20.1392		28.8663
20		0.5		155.52		20.1346		28.9257
20		0.5		155.84		20.1319		28.9816
20		0.5		156.16		20.1347		29.04
20		0.5		156.48		20.1303		29.0944
20		0.5		156.8		20.1342		29.1565
20		0.5		157.12		20.1438		29.2169
20		0.5		157.44		20.1358		29.2721
20		0.5		157.76		20.1433		29.3316
20		0.5		158.08		20.1448		29.3925
20		0.5		158.4		20.1368		29.4471
20		0.5		158.72		20.137		29.5031
20		0.5		159.04		20.1359		29.5634
20		0.5		159.36		20.1317		29.625
20		0.5		159.68		20.1447		29.6807
20		0.5		160		20.1442		29.741
20		0.5		160.32		20.1588		29.8
20		0.5		160.64		20.1546		29.8589
20		0.5		160.96		20.1562		29.9173
20		0.5		161.28		20.1622		29.9768
20		0.5		161.6		20.1537		30.0362
20		0.5		161.92		20.1498		30.0928
20		0.5		162.24		20.16		30.158
20		0.5		162.56		20.1648		30.2112
20		0.5		162.88		20.1631		30.269
20		0.5		163.2		20.1536		30.3276
20		0.5		163.52		20.1553		30.3905
20		0.5		163.84		20.1562		30.4509
20		0.5		164.16		20.1575		30.5108
20		0.5		164.48		20.1634		30.5664
20		0.5		164.8		20.1613		30.622
20		0.5		165.12		20.1672		30.6769
20		0.5		165.44		20.1722		30.7409
20		0.5		165.76		20.1812		30.798
20		0.5		166.08		20.1834		30.8565
20		0.5		166.4		20.1754		30.9151
20		0.5		166.72		20.1763		30.9732
20		0.5		167.04		20.1887		31.0309
20		0.5		167.36		20.1926		31.0881
20		0.5		167.68		20.1782		31.1487
20		0.5		168		20.1859		31.2079
20		0.5		168.32		20.1864		31.2688
20		0.5		168.64		20.1846		31.3252
20		0.5		168.96		20.1853		31.3812
20		0.5		169.28		20.1858		31.4434
20		0.5		169.6		20.1814		31.5019
20		0.5		169.92		20.1765		31.5575
20		0.5		170.24		20.1763		31.6183
20		0.5		170.56		20.1739		31.6802
20		0.5		170.88		20.1714		31.7421
20		0.5		171.2		20.1606		31.8032
20		0.5		171.52		20.1595		31.8612
20		0.5		171.84		20.1532		31.9216
20		0.5		172.16		20.1486		31.9804
20		0.5		172.48		20.1561		32.0404
20		0.5		172.8		20.1623		32.0953
20		0.5		173.12		20.1597		32.1585
20		0.5		173.44		20.1643		32.2187
20		0.5		173.76		20.1752		32.2782
20		0.5		174.08		20.1796		32.3376
20		0.5		174.4		20.1854		32.3929
20		0.5		174.72		20.1853		32.4491
20		0.5		175.04		20.1821		32.5063
20		0.5		175.36		20.1813		32.5602
20		0.5		175.68		20.1866		32.6166
20		0.5		176		20.1927		32.6745
20		0.5		176.32		20.1969		32.7281
20		0.5		176.64		20.1907		32.7856
20		0.5		176.96		20.1893		32.8432
20		0.5		177.28		20.1898		32.9026
20		0.5		177.6		20.1955		32.9562
20		0.5		177.92		20.1947		33.0141
20		0.5		178.24		20.1889		33.0676
20		0.5		178.56		20.1872		33.1282
20		0.5		178.88		20.1934		33.1869
20		0.5		179.2		20.1887		33.2446
20		0.5		179.52		20.1907		33.3044
20		0.5		179.84		20.1983		33.3669
20		0.5		180.16		20.1945		33.4228
20		0.5		180.48		20.1978		33.4811
20		0.5		180.8		20.1979		33.5393
20		0.5		181.12		20.1995		33.6015
20		0.5		181.44		20.1943		33.6609
20		0.5		181.76		20.1986		33.7219
20		0.5		182.08		20.2039		33.776
20		0.5		182.4		20.1899		33.8361
20		0.5		182.72		20.1844		33.8928
20		0.5		183.04		20.1972		33.9543
20		0.5		183.36		20.1889		34.0126
20		0.5		183.68		20.1861		34.0704
20		0.5		184		20.1874		34.1295
20		0.5		184.32		20.1798		34.1877
20		0.5		184.64		20.176		34.2372
20		0.5		184.96		20.1876		34.2941
20		0.5		185.28		20.1897		34.352
20		0.5		185.6		20.1741		34.4061
20		0.5		185.92		20.17		34.4649
20		0.5		186.24		20.1681		34.5241
20		0.5		186.56		20.1629		34.5863
20		0.5		186.88		20.1572		34.6447
20		0.5		187.2		20.1735		34.7022
20		0.5		187.52		20.1813		34.7621
20		0.5		187.84		20.1767		34.82
20		0.5		188.16		20.1755		34.8795
20		0.5		188.48		20.1659		34.937
20		0.5		188.8		20.1622		34.9995
20		0.5		189.12		20.1594		35.0594
20		0.5		189.44		20.1518		35.1211
20		0.5		189.76		20.1425		35.1772
20		0.5		190.08		20.1336		35.2344
20		0.5		190.4		20.1265		35.2939
20		0.5		190.72		20.1223		35.3512
20		0.5		191.04		20.1199		35.4103
20		0.5		191.36		20.1155		35.4766
20		0.5		191.68		20.1189		35.5379
20		0.5		192		20.1201		35.6007
20		0.5		192.32		20.1168		35.6609
20		0.5		192.64		20.1282		35.7185
20		0.5		192.96		20.1271		35.7761
20		0.5		193.28		20.1242		35.833
20		0.5		193.6		20.1177		35.8908
20		0.5		193.92		20.1151		35.9487
20		0.5		194.24		20.1199		36.006
20		0.5		194.56		20.1208		36.0622
20		0.5		194.88		20.1254		36.1243
20		0.5		195.2		20.1267		36.1822
20		0.5		195.52		20.1268		36.2383
20		0.5		195.84		20.1287		36.2924
20		0.5		196.16		20.124		36.3535
20		0.5		196.48		20.1138		36.4071
20		0.5		196.8		20.1064		36.4648
20		0.5		197.12		20.1091		36.5224
20		0.5		197.44		20.1141		36.5835
20		0.5		197.76		20.1263		36.6372
20		0.5		198.08		20.1352		36.6953
20		0.5		198.4		20.1333		36.752
20		0.5		198.72		20.1328		36.8133
20		0.5		199.04		20.1246		36.8722
20		0.5		199.36		20.1211		36.9329
20		0.5		199.68		20.1235		36.9913
20		0.5		200		20.1185		37.0474
20		0.5		200.32		20.1122		37.1077
20		0.5		200.64		20.1216		37.1634
20		0.5		200.96		20.1161		37.2223
20		0.5		201.28		20.1188		37.2838
20		0.5		201.6		20.1151		37.3396
20		0.5		201.92		20.1135		37.3967
20		0.5		202.24		20.1238		37.4576
20		0.5		202.56		20.1219		37.5151
20		0.5		202.88		20.1184		37.567
20		0.5		203.2		20.1289		37.6232
20		0.5		203.52		20.1242		37.6795
20		0.5		203.84		20.1266		37.7362
20		0.5		204.16		20.1203		37.7971
20		0.5		204.48		20.136		37.8568
20		0.5		204.8		20.1289		37.9166
20		0.5		205.12		20.1235		37.9735
20		0.5		205.44		20.1208		38.0333
20		0.5		205.76		20.1144		38.0918
20		0.5		206.08		20.1125		38.1501
20		0.5		206.4		20.1171		38.2131
20		0.5		206.72		20.1244		38.2712
20		0.5		207.04		20.1165		38.3298
20		0.5		207.36		20.1222		38.3877
20		0.5		207.68		20.1214		38.4434
20		0.5		208		20.1243		38.499
20		0.5		208.32		20.1228		38.5585
20		0.5		208.64		20.1235		38.6173
20		0.5		208.96		20.1217		38.6792
20		0.5		209.28		20.1309		38.7416
20		0.5		209.6		20.1297		38.8039
20		0.5		209.92		20.1339		38.8631
20		0.5		210.24		20.1345		38.9206
20		0.5		210.56		20.129		38.9802
20		0.5		210.88		20.1264		39.0432
20		0.5		211.2		20.1153		39.099
20		0.5		211.52		20.1161		39.1537
20		0.5		211.84		20.1198		39.2132
20		0.5		212.16		20.1243		39.2745
20		0.5		212.48		20.127		39.3339
20		0.5		212.8		20.1249		39.3903
20		0.5		213.12		20.1284		39.4458
20		0.5		213.44		20.1258		39.5045
20		0.5		213.76		20.1373		39.5625
20		0.5		214.08		20.1275		39.6247
20		0.5		214.4		20.1323		39.6794
20		0.5		214.72		20.1335		39.7364
20		0.5		215.04		20.1312		39.8034
20		0.5		215.36		20.1238		39.8605
20		0.5		215.68		20.1223		39.9201
20		0.5		216		20.1163		39.9776
20		0.5		216.32		20.1103		40.0352
20		0.5		216.64		20.1082		40.0945
20		0.5		216.96		20.1092		40.1507
20		0.5		217.28		20.1142		40.2099
20		0.5		217.6		20.1247		40.2712
20		0.5		217.92		20.1209		40.3281
20		0.5		218.24		20.1204		40.3918
20		0.5		218.56		20.1262		40.4503
20		0.5		218.88		20.1351		40.5068
20		0.5		219.2		20.1412		40.5632
20		0.5		219.52		20.1431		40.6236
20		0.5		219.84		20.1418		40.681
20		0.5		220.16		20.1439		40.7422
20		0.5		220.48		20.1363		40.801
20		0.5		220.8		20.1355		40.863
20		0.5		221.12		20.1296		40.922
20		0.5		221.44		20.1343		40.9793
20		0.5		221.76		20.1353		41.0384
20		0.5		222.08		20.1313		41.0958
20		0.5		222.4		20.1318		41.1533
20		0.5		222.72		20.1382		41.2099
20		0.5		223.04		20.1363		41.2718
20		0.5		223.36		20.1328		41.3282
20		0.5		223.68		20.1374		41.383
20		0.5		224		20.1337		41.4405
20		0.5		224.32		20.1297		41.498
20		0.5		224.64		20.1374		41.5576
20		0.5		224.96		20.1425		41.6152
20		0.5		225.28		20.1337		41.6734
20		0.5		225.6		20.1369		41.7334
20		0.5		225.92		20.139		41.7906
20		0.5		226.24		20.1327		41.8484
20		0.5		226.56		20.1287		41.9029
20		0.5		226.88		20.1405		41.9615
20		0.5		227.2		20.1579		42.0186
20		0.5		227.52		20.1541		42.0779
20		0.5		227.84		20.151		42.1322
20		0.5		228.16		20.1592		42.1942
20		0.5		228.48		20.1514		42.2531
20		0.5		228.8		20.1501		42.3115
20		0.5		229.12		20.1475		42.3731
20		0.5		229.44		20.1442		42.4301
20		0.5		229.76		20.1451		42.4882
20		0.5		230.08		20.1439		42.5478
20		0.5		230.4		20.1369		42.6055
20		0.5		230.72		20.1252		42.6657
20		0.5		231.04		20.1254		42.7209
20		0.5		231.36		20.1134		42.7827
20		0.5		231.68		20.1238		42.8464
20		0.5		232		20.1184		42.9053
20		0.5		232.32		20.1203		42.9635
20		0.5		232.64		20.1211		43.0256
20		0.5		232.96		20.1148		43.0876
20		0.5		233.28		20.1206		43.1471
20		0.5		233.6		20.1209		43.205
20		0.5		233.92		20.1238		43.268
20		0.5		234.24		20.1257		43.3267
20		0.5		234.56		20.1289		43.3852
20		0.5		234.88		20.1308		43.4449
20		0.5		235.2		20.1289		43.5002
20		0.5		235.52		20.1285		43.5599
20		0.5		235.84		20.1386		43.6192
20		0.5		236.16		20.1409		43.6829
20		0.5		236.48		20.1537		43.7413
20		0.5		236.8		20.1513		43.8001
20		0.5		237.12		20.1626		43.861
20		0.5		237.44		20.1567		43.917
20		0.5		237.76		20.1585		43.9781
20		0.5		238.08		20.1512		44.0395
20		0.5		238.4		20.1518		44.0984
20		0.5		238.72		20.1492		44.1604
20		0.5		239.04		20.1492		44.2126
20		0.5		239.36		20.1435		44.2684
20		0.5		239.68		20.1371		44.329
20		0.5		240		20.133		44.3928
20		0.5		240.32		20.1359		44.4484
20		0.5		240.64		20.1325		44.5053
20		0.5		240.96		20.1343		44.5655
20		0.5		241.28		20.1313		44.6183
20		0.5		241.6		20.1308		44.6795
20		0.5		241.92		20.1255		44.7415
20		0.5		242.24		20.1401		44.7986
20		0.5		242.56		20.1514		44.8542
20		0.5		242.88		20.1509		44.9119
20		0.5		243.2		20.1485		44.9718
20		0.5		243.52		20.1337		45.0304
20		0.5		243.84		20.1282		45.0898
20		0.5		244.16		20.1204		45.1491
20		0.5		244.48		20.1175		45.2099
20		0.5		244.8		20.1277		45.2687
20		0.5		245.12		20.125		45.3275
20		0.5		245.44		20.1205		45.3899
20		0.5		245.76		20.1205		45.4518
20		0.5		246.08		20.1299		45.5087
20		0.5		246.4		20.1317		45.5689
20		0.5		246.72		20.1266		45.6233
20		0.5		247.04		20.1319		45.6845
20		0.5		247.36		20.144		45.7393
20		0.5		247.68		20.1414		45.8025
20		0.5		248		20.1376		45.8615
20		0.5		248.32		20.1291		45.9177
20		0.5		248.64		20.1289		45.9749
20		0.5		248.96		20.1349		46.0335
20		0.5		249.28		20.1394		46.0882
20		0.5		249.6		20.1371		46.1452
20		0.5		249.92		20.1331		46.2028
20		0.5		250.24		20.1372		46.2636
20		0.5		250.56		20.1392		46.3205
20		0.5		250.88		20.1371		46.3799
20		0.5		251.2		20.1388		46.4376
20		0.5		251.52		20.1486		46.4951
20		0.5		251.84		20.1511		46.5503
20		0.5		252.16		20.1457		46.6102
20		0.5		252.48		20.1536		46.6682
20		0.5		252.8		20.1521		46.7263
20		0.5		253.12		20.1519		46.7867
20		0.5		253.44		20.1529		46.8446
20		0.5		253.76		20.1465		46.9009
20		0.5		254.08		20.1394		46.9555
20		0.5		254.4		20.1357		47.0122
20		0.5		254.72		20.1368		47.0753
20		0.5		255.04		20.1342		47.1317
20		0.5		255.36		20.1388		47.19
20		0.5		255.68		20.1432		47.25
20		0.5		256		20.1413		47.3083
20		0.5		256.32		20.1437		47.3679
20		0.5		256.64		20.1437		47.4248
20		0.5		256.96		20.1472		47.4844
20		0.5		257.28		20.1433		47.5396
20		0.5		257.6		20.1381		47.5981
20		0.5		257.92		20.1341		47.6536
20		0.5		258.24		20.1213		47.7142
20		0.5		258.56		20.1146		47.7676
20		0.5		258.88		20.1199		47.8256
20		0.5		259.2		20.1116		47.883
20		0.5		259.52		20.104		47.9417
20		0.5		259.84		20.1049		47.9978
20		0.5		260.16		20.1067		48.0561
20		0.5		260.48		20.104		48.1166
20		0.5		260.8		20.102		48.1734
20		0.5		261.12		20.1056		48.2348
20		0.5		261.44		20.0986		48.2936
20		0.5		261.76		20.1164		48.3523
20		0.5		262.08		20.124		48.4127
20		0.5		262.4		20.1299		48.4702
20		0.5		262.72		20.1346		48.5248
20		0.5		263.04		20.1448		48.5839
20		0.5		263.36		20.1453		48.643
20		0.5		263.68		20.1284		48.7056
20		0.5		264		20.1321		48.7638
20		0.5		264.32		20.1329		48.8226
20		0.5		264.64		20.1295		48.8782
20		0.5		264.96		20.1381		48.9405
20		0.5		265.28		20.1316		48.996
20		0.5		265.6		20.1183		49.0506
20		0.5		265.92		20.1213		49.1094
20		0.5		266.24		20.1221		49.1693
20		0.5		266.56		20.1335		49.227
20		0.5		266.88		20.1265		49.2823
20		0.5		267.2		20.1333		49.3402
20		0.5		267.52		20.1222		49.398
20		0.5		267.84		20.1176		49.4535
20		0.5		268.16		20.1186		49.5117
20		0.5		268.48		20.1129		49.5753
20		0.5		268.8		20.1166		49.6348
20		0.5		269.12		20.1172		49.6932
20		0.5		269.44		20.1141		49.753
20		0.5		269.76		20.1117		49.8096
20		0.5		270.08		20.1105		49.8705
20		0.5		270.4		20.1002		49.9255
20		0.5		270.72		20.0991		49.9814
20		0.5		271.04		20.0973		50.0351
20		0.5		271.36		20.1122		50.0892
20		0.5		271.68		20.1156		50.1473
20		0.5		272		20.1171		50.2036
20		0.5		272.32		20.1228		50.2642
20		0.5		272.64		20.1223		50.3231
20		0.5		272.96		20.1252		50.3892
20		0.5		273.28		20.1245		50.4441
20		0.5		273.6		20.1365		50.4982
20		0.5		273.92		20.1475		50.5568
20		0.5		274.24		20.1477		50.6194
20		0.5		274.56		20.1357		50.6762
20		0.5		274.88		20.1284		50.7339
20		0.5		275.2		20.1246		50.7952
20		0.5		275.52		20.1294		50.8466
20		0.5		275.84		20.1339		50.9037
20		0.5		276.16		20.1254		50.9669
20		0.5		276.48		20.1426		51.0256
20		0.5		276.8		20.1348		51.0864
20		0.5		277.12		20.1317		51.1492
20		0.5		277.44		20.1395		51.207
20		0.5		277.76		20.1475		51.2605
20		0.5		278.08		20.1536		51.3193
20		0.5		278.4		20.1448		51.3829
20		0.5		278.72		20.1361		51.4374
20		0.5		279.04		20.1237		51.4986
20		0.5		279.36		20.1294		51.5588
20		0.5		279.68		20.1225		51.6136
20		0.5		280		20.1213		51.6716
20		0.5		280.32		20.1357		51.7314
20		0.5		280.64		20.1432		51.791
20		0.5		280.96		20.1358		51.8479
20		0.5		281.28		20.1303		51.9063
20		0.5		281.6		20.1285		51.9649
20		0.5		281.92		20.1254		52.0251
20		0.5		282.24		20.1228		52.085
20		0.5		282.56		20.1146		52.147
20		0.5		282.88		20.108		52.1999
20		0.5		283.2		20.1097		52.262
20		0.5		283.52		20.098		52.3234
20		0.5		283.84		20.103		52.3855
20		0.5		284.16		20.1053		52.4447
20		0.5		284.48		20.1101		52.5032
20		0.5		284.8		20.1046		52.5644
20		0.5		285.12		20.099		52.6229
20		0.5		285.44		20.1031		52.6788
20		0.5		285.76		20.1059		52.7379
20		0.5		286.08		20.1071		52.79
20		0.5		286.4		20.115		52.8465
20		0.5		286.72		20.1244		52.9053
20		0.5		287.04		20.1219		52.9615
20		0.5		287.36		20.126		53.0224
20		0.5		287.68		20.1259		53.08
20		0.5		288		20.1292		53.1458
20		0.5		288.32		20.1309		53.2109
20		0.5		288.64		20.1401		53.2695
20		0.5		288.96		20.1507		53.3277
20		0.5		289.28		20.1582		53.3888
20		0.5		289.6		20.154		53.4487
20		0.5		289.92		20.1601		53.5087
20		0.5		290.24		20.1549		53.5679
20		0.5		290.56		20.1569		53.6292
20		0.5		290.88		20.159		53.6874
20		0.5		291.2		20.1539		53.7419
20		0.5		291.52		20.1621		53.7928
20		0.5		291.84		20.1536		53.8494
20		0.5		292.16		20.1534		53.9087
20		0.5		292.48		20.1557		53.9774
20		0.5		292.8		20.15		54.0329
20		0.5		293.12		20.1553		54.0936
20		0.5		293.44		20.1566		54.1534
20		0.5		293.76		20.1368		54.2112
20		0.5		294.08		20.1479		54.2738
20		0.5		294.4		20.1466		54.3318
20		0.5		294.72		20.1459		54.3883
20		0.5		295.04		20.1483		54.4503
20		0.5		295.36		20.1464		54.5064
20		0.5		295.68		20.1378		54.5669
20		0.5		296		20.1381		54.6307
20		0.5		296.32		20.1436		54.6937
20		0.5		296.64		20.1532		54.756
20		0.5		296.96		20.1514		54.812
20		0.5		297.28		20.1468		54.8714
20		0.5		297.6		20.1451		54.9271
20		0.5		297.92		20.1482		54.9832
20		0.5		298.24		20.154		55.0409
20		0.5		298.56		20.15		55.0986
20		0.5		298.88		20.1542		55.1581
20		0.5		299.2		20.1584		55.2158
20		0.5		299.52		20.1543		55.2743
20		0.5		299.84		20.1476		55.332
20		0.5		300.16		20.1586		55.3871
20		0.5		300.48		20.1533		55.4465
20		0.5		300.8		20.1578		55.5067
20		0.5		301.12		20.1547		55.5634
20		0.5		301.44		20.16		55.6209
20		0.5		301.76		20.1642		55.6781
20		0.5		302.08		20.1615		55.7449
20		0.5		302.4		20.1565		55.7978
20		0.5		302.72		20.1607		55.8564
20		0.5		303.04		20.1639		55.9174
20		0.5		303.36		20.156		55.9774
20		0.5		303.68		20.1571		56.0352
20		0.5		304		20.1587		56.0914
20		0.5		304.32		20.1539		56.1472
20		0.5		304.64		20.1557		56.2003
20		0.5		304.96		20.1484		56.2628
20		0.5		305.28		20.1461		56.318
20		0.5		305.6		20.1411		56.3729
20		0.5		305.92		20.1421		56.4275
20		0.5		306.24		20.1424		56.4847
20		0.5		306.56		20.1369		56.5475
20		0.5		306.88		20.1372		56.6036
20		0.5		307.2		20.1378		56.6668
20		0.5		307.52		20.1449		56.7224
20		0.5		307.84		20.1501		56.782
20		0.5		308.16		20.1417		56.8404
20		0.5		308.48		20.1511		56.8985
20		0.5		308.8		20.1573		56.9546
20		0.5		309.12		20.1583		57.0124
20		0.5		309.44		20.1505		57.0684
20		0.5		309.76		20.1545		57.1275
20		0.5		310.08		20.1675		57.1838
20		0.5		310.4		20.1695		57.2414
20		0.5		310.72		20.167		57.3073
20		0.5		311.04		20.1597		57.3682
20		0.5		311.36		20.154		57.4315
20		0.5		311.68		20.1506		57.4891
20		0.5		312		20.144		57.5443
20		0.5		312.32		20.1449		57.6022
20		0.5		312.64		20.1537		57.6607
20		0.5		312.96		20.1429		57.7229
20		0.5		313.28		20.1494		57.777
20		0.5		313.6		20.1476		57.8374
20		0.5		313.92		20.1523		57.8929
20		0.5		314.24		20.1539		57.9461
20		0.5		314.56		20.1622		58.0019
20		0.5		314.88		20.1614		58.0567
20		0.5		315.2		20.1648		58.1156
20		0.5		315.52		20.1667		58.1723
20		0.5		315.84		20.1634		58.2352
20		0.5		316.16		20.1622		58.2933
20		0.5		316.48		20.1527		58.3516
20		0.5		316.8		20.1551		58.4114
20		0.5		317.12		20.1651		58.4701
20		0.5		317.44		20.1602		58.5249
20		0.5		317.76		20.1655		58.5795
20		0.5		318.08		20.1563		58.6393
20		0.5		318.4		20.1599		58.697
20		0.5		318.72		20.1632		58.7538
20		0.5		319.04		20.1594		58.8155
20		0.5		319.36		20.1574		58.8736
20		0.5		319.68		20.159		58.9289
20		0.5		320		20.1595		58.9912
20		0.5		320.32		20.1658		59.0459
20		0.5		320.64		20.1782		59.1035
20		0.5		320.96		20.1697		59.1567
20		0.5		321.28		20.1732		59.218
20		0.5		321.6		20.1781		59.2752
20		0.5		321.92		20.1727		59.3386
20		0.5		322.24		20.1685		59.3987
20		0.5		322.56		20.1679		59.4552
20		0.5		322.88		20.1745		59.512
20		0.5		323.2		20.1874		59.5701
20		0.5		323.52		20.1798		59.6315
20		0.5		323.84		20.1796		59.6915
20		0.5		324.16		20.1778		59.7476
20		0.5		324.48		20.1779		59.806
20		0.5		324.8		20.1825		59.8648
20		0.5		325.12		20.1864		59.9199
20		0.5		325.44		20.1878		59.9779
20		0.5		325.76		20.1941		60.035
20		0.5		326.08		20.1853		60.0956
20		0.5		326.4		20.1888		60.1514
20		0.5		326.72		20.1864		60.2042
20		0.5		327.04		20.1982		60.2621
20		0.5		327.36		20.1982		60.3215
20		0.5		327.68		20.2018		60.3792
20		0.5		328		20.1927		60.442
20		0.5		328.32		20.1862		60.4967
20		0.5		328.64		20.1814		60.5565
20		0.5		328.96		20.178		60.618
20		0.5		329.28		20.1814		60.676
20		0.5		329.6		20.1825		60.735
20		0.5		329.92		20.1869		60.7985
20		0.5		330.24		20.1852		60.8579
20		0.5		330.56		20.1829		60.9184
20		0.5		330.88		20.1778		60.9787
20		0.5		331.2		20.1722		61.0395
20		0.5		331.52		20.181		61.0958
20		0.5		331.84		20.1882		61.1569
20		0.5		332.16		20.197		61.2188
20		0.5		332.48		20.19		61.2753
20		0.5		332.8		20.1805		61.3302
20		0.5		333.12		20.1797		61.3889
20		0.5		333.44		20.1863		61.4488
20		0.5		333.76		20.1862		61.506
20		0.5		334.08		20.1927		61.5649
20		0.5		334.4		20.1772		61.6246
20		0.5		334.72		20.1784		61.6817
20		0.5		335.04		20.173		61.7412
20		0.5		335.36		20.1678		61.7989
20		0.5		335.68		20.1693		61.8574
20		0.5		336		20.1721		61.9167
20		0.5		336.32		20.1788		61.9742
20		0.5		336.64		20.1847		62.0348
20		0.5		336.96		20.1888		62.0936
20		0.5		337.28		20.1929		62.1502
20		0.5		337.6		20.2039		62.2129
20		0.5		337.92		20.2048		62.2676
20		0.5		338.24		20.219		62.3279
20		0.5		338.56		20.2276		62.3832
20		0.5		338.88		20.2289		62.4449
20		0.5		339.2		20.2186		62.5058
20		0.5		339.52		20.2144		62.5635
20		0.5		339.84		20.2143		62.6223
20		0.5		340.16		20.2123		62.6803
20		0.5		340.48		20.2102		62.7416
20		0.5		340.8		20.2109		62.8
20		0.5		341.12		20.2076		62.8627
20		0.5		341.44		20.2077		62.921
20		0.5		341.76		20.203		62.9826
20		0.5		342.08		20.2043		63.0392
20		0.5		342.4		20.2071		63.0947
20		0.5		342.72		20.2023		63.1507
20		0.5		343.04		20.2033		63.2102
20		0.5		343.36		20.2075		63.2646
20		0.5		343.68		20.2017		63.3204
20		0.5		344		20.2068		63.378
20		0.5		344.32		20.2086		63.4319
20		0.5		344.64		20.2		63.4905
20		0.5		344.96		20.2076		63.5541
20		0.5		345.28		20.2055		63.6111
20		0.5		345.6		20.217		63.6728
20		0.5		345.92		20.2223		63.7321
20		0.5		346.24		20.2246		63.7906
20		0.5		346.56		20.2334		63.8515
20		0.5		346.88		20.2396		63.9092
20		0.5		347.2		20.2447		63.9676
20		0.5		347.52		20.2508		64.0294
20		0.5		347.84		20.2365		64.0904
20		0.5		348.16		20.2412		64.1537
20		0.5		348.48		20.2491		64.2118
20		0.5		348.8		20.2467		64.2699
20		0.5		349.12		20.2517		64.3259
20		0.5		349.44		20.2562		64.3833
20		0.5		349.76		20.2395		64.4406
20		0.5		350.08		20.2463		64.4961
20		0.5		350.4		20.2418		64.5556
20		0.5		350.72		20.2439		64.615
20		0.5		351.04		20.2329		64.6745
20		0.5		351.36		20.2352		64.7318
20		0.5		351.68		20.2361		64.7905
20		0.5		352		20.2451		64.8528
20		0.5		352.32		20.2446		64.9097
20		0.5		352.64		20.2439		64.9725
20		0.5		352.96		20.2402		65.028
20		0.5		353.28		20.2405		65.0891
20		0.5		353.6		20.2398		65.1484
20		0.5		353.92		20.2395		65.2062
20		0.5		354.24		20.25		65.2646
20		0.5		354.56		20.248		65.3249
20		0.5		354.88		20.2457		65.386
20		0.5		355.2		20.2523		65.4437
20		0.5		355.52		20.2498		65.5013
20		0.5		355.84		20.2554		65.5616
20		0.5		356.16		20.2491		65.6214
20		0.5		356.48		20.2598		65.6783
20		0.5		356.8		20.2637		65.7338
20		0.5		357.12		20.2713		65.7889
20		0.5		357.44		20.2645		65.8473
20		0.5		357.76		20.268		65.9079
20		0.5		358.08		20.2703		65.9603
20		0.5		358.4		20.275		66.017
20		0.5		358.72		20.2681		66.0756
20		0.5		359.04		20.2625		66.1341
20		0.5		359.36		20.2616		66.1941
20		0.5		359.68		20.2669		66.2526
20		0.5		360		20.2619		66.3125
20		0.5		360.32		20.2553		66.3692
20		0.5		360.64		20.2537		66.4297
20		0.5		360.96		20.2478		66.4878
20		0.5		361.28		20.2459		66.5439
20		0.5		361.6		20.2411		66.6024
20		0.5		361.92		20.2434		66.6642
20		0.5		362.24		20.2411		66.7205
20		0.5		362.56		20.2408		66.7783
20		0.5		362.88		20.2322		66.8372
20		0.5		363.2		20.2344		66.8905
20		0.5		363.52		20.2245		66.9443
20		0.5		363.84		20.2331		67.0064
20		0.5		364.16		20.248		67.0703
20		0.5		364.48		20.2502		67.1285
20		0.5		364.8		20.2557		67.1861
20		0.5		365.12		20.2578		67.2438
20		0.5		365.44		20.2578		67.3008
20		0.5		365.76		20.2558		67.3612
20		0.5		366.08		20.2518		67.4198
20		0.5		366.4		20.2424		67.483
20		0.5		366.72		20.2502		67.5409
20		0.5		367.04		20.2502		67.5973
20		0.5		367.36		20.249		67.6578
20		0.5		367.68		20.2489		67.7152
20		0.5		368		20.2504		67.7694
20		0.5		368.32		20.2562		67.8305
20		0.5		368.64		20.2418		67.889
20		0.5		368.96		20.247		67.9453
20		0.5		369.28		20.2525		68.0046
20		0.5		369.6		20.2476		68.0571
20		0.5		369.92		20.2519		68.119
20		0.5		370.24		20.2458		68.18
20		0.5		370.56		20.239		68.241
20		0.5		370.88		20.2375		68.2982
20		0.5		371.2		20.2358		68.3573
20		0.5		371.52		20.2288		68.4158
20		0.5		371.84		20.2373		68.4766
20		0.5		372.16		20.2383		68.5303
20		0.5		372.48		20.2453		68.5891
20		0.5		372.8		20.2356		68.6507
20		0.5		373.12		20.2361		68.7071
20		0.5		373.44		20.2349		68.7669
20		0.5		373.76		20.2357		68.8231
20		0.5		374.08		20.2277		68.881
20		0.5		374.4		20.2357		68.9422
20		0.5		374.72		20.2419		68.9994
20		0.5		375.04		20.2409		69.0557
20		0.5		375.36		20.2385		69.1146
20		0.5		375.68		20.2458		69.1712
20		0.5		376		20.2475		69.2309
20		0.5		376.32		20.2459		69.2921
20		0.5		376.64		20.2462		69.353
20		0.5		376.96		20.2404		69.4106
20		0.5		377.28		20.2241		69.4661
20		0.5		377.6		20.227		69.5194
20		0.5		377.92		20.2254		69.5753
20		0.5		378.24		20.2262		69.6314
20		0.5		378.56		20.2342		69.6884
20		0.5		378.88		20.2328		69.7433
20		0.5		379.2		20.2126		69.8
20		0.5		379.52		20.2161		69.8573
20		0.5		379.84		20.2224		69.9168
20		0.5		380.16		20.2333		69.983
20		0.5		380.48		20.2331		70.0409
20		0.5		380.8		20.2321		70.102
20		0.5		381.12		20.23		70.1531
20		0.5		381.44		20.2335		70.2139
20		0.5		381.76		20.2348		70.2727
20		0.5		382.08		20.2293		70.3331
20		0.5		382.4		20.2244		70.3924
20		0.5		382.72		20.2299		70.4515
20		0.5		383.04		20.2261		70.5113
20		0.5		383.36		20.2257		70.5705
20		0.5		383.68		20.2256		70.632
20		0.5		384		20.2306		70.6896
20		0.5		384.32		20.2371		70.7469
20		0.5		384.64		20.243		70.8075
20		0.5		384.96		20.2276		70.8657
20		0.5		385.28		20.2327		70.9315
20		0.5		385.6		20.246		70.9878
20		0.5		385.92		20.2428		71.0487
20		0.5		386.24		20.2357		71.1063
20		0.5		386.56		20.2355		71.1629
20		0.5		386.88		20.2381		71.2227
20		0.5		387.2		20.2402		71.2782
20		0.5		387.52		20.2476		71.3379
20		0.5		387.84		20.2474		71.3982
20		0.5		388.16		20.24		71.4549
20		0.5		388.48		20.2391		71.5125
20		0.5		388.8		20.24		71.5702
20		0.5		389.12		20.2422		71.6273
20		0.5		389.44		20.2452		71.681
20		0.5		389.76		20.2485		71.7371
20		0.5		390.08		20.2337		71.7939
20		0.5		390.4		20.2355		71.8523
20		0.5		390.72		20.2342		71.9112
20		0.5		391.04		20.2284		71.9719
20		0.5		391.36		20.225		72.0334
20		0.5		391.68		20.2296		72.0923
20		0.5		392		20.2264		72.1496
20		0.5		392.32		20.2281		72.2104
20		0.5		392.64		20.2188		72.2669
20		0.5		392.96		20.2245		72.3285
20		0.5		393.28		20.2219		72.3868
20		0.5		393.6		20.22		72.4429
20		0.5		393.92		20.2205		72.4955
20		0.5		394.24		20.2245		72.5605
20		0.5		394.56		20.2219		72.6199
20		0.5		394.88		20.2208		72.6772
20		0.5		395.2		20.2274		72.7371
20		0.5		395.52		20.227		72.7972
20		0.5		395.84		20.236		72.8575
20		0.5		396.16		20.2294		72.9147
20		0.5		396.48		20.2225		72.965
20		0.5		396.8		20.2319		73.0235
20		0.5		397.12		20.2205		73.0809
20		0.5		397.44		20.2136		73.1375
20		0.5		397.76		20.2091		73.1922
20		0.5		398.08		20.2188		73.2549
20		0.5		398.4		20.2181		73.3183
20		0.5		398.72		20.215		73.3801
20		0.5		399.04		20.218		73.437
20		0.5		399.36		20.2167		73.499
20		0.5		399.68		20.2147		73.5597
20		0.5		400		20.2146		73.6197
20		0.5		400.32		20.2143		73.6794
20		0.5		400.64		20.2123		73.7341
20		0.5		400.96		20.2113		73.7973
20		0.5		401.28		20.2174		73.8593
20		0.5		401.6		20.2125		73.9182
20		0.5		401.92		20.2248		73.9748
20		0.5		402.24		20.2298		74.0348
20		0.5		402.56		20.2189		74.0912
20		0.5		402.88		20.2154		74.1524
20		0.5		403.2		20.2101		74.2122
20		0.5		403.52		20.2108		74.2721
20		0.5		403.84		20.2143		74.3289
20		0.5		404.16		20.2184		74.3877
20		0.5		404.48		20.209		74.4447
20		0.5		404.8		20.2109		74.5084
20		0.5		405.12		20.2103		74.5681
20		0.5		405.44		20.2208		74.6281
20		0.5		405.76		20.2229		74.6905
20		0.5		406.08		20.2207		74.7482
20		0.5		406.4		20.2251		74.807
20		0.5		406.72		20.2214		74.8618
20		0.5		407.04		20.208		74.9223
20		0.5		407.36		20.2077		74.985
20		0.5		407.68		20.2113		75.0422
20		0.5		408		20.2036		75.0959
20		0.5		408.32		20.2009		75.1571
20		0.5		408.64		20.2017		75.2146
20		0.5		408.96		20.1984		75.2692
20		0.5		409.28		20.2058		75.3279
20		0.5		409.6		20.2053		75.3842
20		0.5		409.92		20.2018		75.4363
20		0.5		410.24		20.2043		75.4976
20		0.5		410.56		20.2048		75.5552
20		0.5		410.88		20.1914		75.6157
20		0.5		411.2		20.1901		75.6728
20		0.5		411.52		20.1855		75.73
20		0.5		411.84		20.2001		75.7831
20		0.5		412.16		20.1867		75.8401
20		0.5		412.48		20.1808		75.9013
20		0.5		412.8		20.1801		75.9606
20		0.5		413.12		20.186		76.0213
20		0.5		413.44		20.1786		76.0809
20		0.5		413.76		20.1713		76.1412
20		0.5		414.08		20.1776		76.203
20		0.5		414.4		20.1815		76.2673
20		0.5		414.72		20.1803		76.3274
20		0.5		415.04		20.1734		76.3847
20		0.5		415.36		20.1818		76.4432
20		0.5		415.68		20.1815		76.5034
20		0.5		416		20.1902		76.5621
20		0.5		416.32		20.1925		76.6202
20		0.5		416.64		20.1975		76.6768
20		0.5		416.96		20.194		76.7371
20		0.5		417.28		20.2014		76.7945
20		0.5		417.6		20.2008		76.8516
20		0.5		417.92		20.2015		76.9095
20		0.5		418.24		20.1973		76.9637
20		0.5		418.56		20.2021		77.0249
20		0.5		418.88		20.2011		77.0841
20		0.5		419.2		20.1905		77.1465
20		0.5		419.52		20.1906		77.2025
20		0.5		419.84		20.1846		77.2589
20		0.5		420.16		20.1798		77.3137
20		0.5		420.48		20.1687		77.3763
20		0.5		420.8		20.1712		77.4347
20		0.5		421.12		20.1675		77.4956
20		0.5		421.44		20.1787		77.554
20		0.5		421.76		20.1817		77.6148
20		0.5		422.08		20.1819		77.6707
20		0.5		422.4		20.1662		77.7273
20		0.5		422.72		20.1555		77.7864
20		0.5		423.04		20.1527		77.8486
20		0.5		423.36		20.1611		77.9112
20		0.5		423.68		20.167		77.9697
20		0.5		424		20.1674		78.0297
20		0.5		424.32		20.1783		78.0889
20		0.5		424.64		20.1779		78.1488
20		0.5		424.96		20.1782		78.2083
20		0.5		425.28		20.1799		78.2671
20		0.5		425.6		20.1801		78.3255
20		0.5		425.92		20.1764		78.3899
20		0.5		426.24		20.1794		78.4465
20		0.5		426.56		20.1785		78.5003
20		0.5		426.88		20.177		78.56
20		0.5		427.2		20.187		78.6194
20		0.5		427.52		20.1858		78.675
20		0.5		427.84		20.185		78.7325
20		0.5		428.16		20.194		78.7897
20		0.5		428.48		20.1932		78.8483
20		0.5		428.8		20.1981		78.9072
20		0.5		429.12		20.2064		78.9702
20		0.5		429.44		20.212		79.0335
20		0.5		429.76		20.2101		79.0921
20		0.5		430.08		20.2093		79.1515
20		0.5		430.4		20.2133		79.2117
20		0.5		430.72		20.2269		79.2735
20		0.5		431.04		20.2303		79.3304
20		0.5		431.36		20.2333		79.389
20		0.5		431.68		20.242		79.4458
20		0.5		432		20.2433		79.5028
20		0.5		432.32		20.2341		79.5556
20		0.5		432.64		20.2298		79.6051
20		0.5		432.96		20.2256		79.6632
20		0.5		433.28		20.224		79.722
20		0.5		433.6		20.2329		79.7827
20		0.5		433.92		20.2377		79.8428
20		0.5		434.24		20.2372		79.9011
20		0.5		434.56		20.2375		79.9599
20		0.5		434.88		20.2401		80.0177
20		0.5		435.2		20.2402		80.0796
20		0.5		435.52		20.2338		80.1348
20		0.5		435.84		20.2368		80.1944
20		0.5		436.16		20.2484		80.2534
20		0.5		436.48		20.2514		80.3115
20		0.5		436.8		20.2516		80.3695
20		0.5		437.12		20.2592		80.43
20		0.5		437.44		20.2633		80.4914
20		0.5		437.76		20.2711		80.5487
20		0.5		438.08		20.2624		80.6116
20		0.5		438.4		20.256		80.6706
20		0.5		438.72		20.2595		80.7312
20		0.5		439.04		20.2616		80.7956
20		0.5		439.36		20.2609		80.8471
20		0.5		439.68		20.2487		80.9069
20		0.5		440		20.2522		80.9628
20		0.5		440.32		20.2431		81.0185
20		0.5		440.64		20.2465		81.0745
20		0.5		440.96		20.2478		81.1391
20		0.5		441.28		20.2483		81.1948
20		0.5		441.6		20.254		81.2498
20		0.5		441.92		20.2615		81.3063
20		0.5		442.24		20.2571		81.3651
20		0.5		442.56		20.2666		81.423
20		0.5		442.88		20.2773		81.4826
20		0.5		443.2		20.2794		81.5452
20		0.5		443.52		20.2801		81.6018
20		0.5		443.84		20.2817		81.663
20		0.5		444.16		20.2783		81.7236
20		0.5		444.48		20.2764		81.7827
20		0.5		444.8		20.2734		81.8473
20		0.5		445.12		20.2771		81.9064
20		0.5		445.44		20.277		81.9654
20		0.5		445.76		20.2727		82.0222
20		0.5		446.08		20.2688		82.0747
20		0.5		446.4		20.2622		82.133
20		0.5		446.72		20.2592		82.1937
20		0.5		447.04		20.2685		82.2561
20		0.5		447.36		20.2873		82.317
20		0.5		447.68		20.2955		82.3786
20		0.5		448		20.2949		82.439
20		0.5		448.32		20.2823		82.5034
20		0.5		448.64		20.2834		82.5629
20		0.5		448.96		20.2763		82.6224
20		0.5		449.28		20.267		82.6817
20		0.5		449.6		20.2618		82.7398
20		0.5		449.92		20.2703		82.799
20		0.5		450.24		20.2742		82.8571
20		0.5		450.56		20.277		82.9181
20		0.5		450.88		20.2735		82.9751
20		0.5		451.2		20.2713		83.0361
20		0.5		451.52		20.2743		83.0956
20		0.5		451.84		20.2803		83.1524
20		0.5		452.16		20.2683		83.2113
20		0.5		452.48		20.2585		83.2697
20		0.5		452.8		20.2546		83.3273
20		0.5		453.12		20.261		83.381
20		0.5		453.44		20.2658		83.4407
20		0.5		453.76		20.2729		83.5009
20		0.5		454.08		20.2642		83.5609
20		0.5		454.4		20.2674		83.6147
20		0.5		454.72		20.2747		83.6699
20		0.5		455.04		20.2652		83.7317
20		0.5		455.36		20.2645		83.7926
20		0.5		455.68		20.2608		83.8531
20		0.5		456		20.2618		83.9109
20		0.5		456.32		20.2727		83.974
20		0.5		456.64		20.2716		84.0349
20		0.5		456.96		20.2678		84.0941
20		0.5		457.28		20.2652		84.1491
20		0.5		457.6		20.2663		84.2112
20		0.5		457.92		20.2735		84.2665
20		0.5		458.24		20.2732		84.3272
20		0.5		458.56		20.2653		84.3869
20		0.5		458.88		20.2531		84.448
20		0.5		459.2		20.259		84.5114
20		0.5		459.52		20.2575		84.5741
20		0.5		459.84		20.2504		84.629
20		0.5		460.16		20.2546		84.6872
20		0.5		460.48		20.2552		84.7468
20		0.5		460.8		20.2523		84.8027
20		0.5		461.12		20.2522		84.8565
20		0.5		461.44		20.2564		84.9146
20		0.5		461.76		20.2539		84.971
20		0.5		462.08		20.2581		85.0267
20		0.5		462.4		20.2637		85.083
20		0.5		462.72		20.2667		85.1425
20		0.5		463.04		20.2626		85.2001
20		0.5		463.36		20.2628		85.2574
20		0.5		463.68		20.2609		85.3183
20		0.5		464		20.2552		85.373
20		0.5		464.32		20.2474		85.4286
20		0.5		464.64		20.2484		85.4887
20		0.5		464.96		20.2478		85.5479
20		0.5		465.28		20.2508		85.6067
20		0.5		465.6		20.2491		85.6675
20		0.5		465.92		20.2435		85.7293
20		0.5		466.24		20.2423		85.7869
20		0.5		466.56		20.2364		85.8395
20		0.5		466.88		20.2346		85.8987
20		0.5		467.2		20.2243		85.9569
20		0.5		467.52		20.219		86.0159
20		0.5		467.84		20.2234		86.0758
20		0.5		468.16		20.2237		86.1311
20		0.5		468.48		20.2329		86.1923
20		0.5		468.8		20.2253		86.2527
20		0.5		469.12		20.2173		86.3125
20		0.5		469.44		20.2183		86.3666
20		0.5		469.76		20.2087		86.4261
20		0.5		470.08		20.1992		86.4861
20		0.5		470.4		20.1887		86.545
20		0.5		470.72		20.1942		86.6001
20		0.5		471.04		20.2074		86.6595
20		0.5		471.36		20.2062		86.7159
20		0.5		471.68		20.2117		86.7745
20		0.5		472		20.2147		86.8349
20		0.5		472.32		20.2198		86.8908
20		0.5		472.64		20.2216		86.9492
20		0.5		472.96		20.2243		87.0067
20		0.5		473.28		20.2318		87.0661
20		0.5		473.6		20.2305		87.1231
20		0.5		473.92		20.2245		87.1823
20		0.5		474.24		20.2347		87.2378
20		0.5		474.56		20.2305		87.2954
20		0.5		474.88		20.2353		87.357
20		0.5		475.2		20.2395		87.4169
20		0.5		475.52		20.2427		87.4799
20		0.5		475.84		20.2477		87.5388
20		0.5		476.16		20.2554		87.5998
20		0.5		476.48		20.2425		87.6547
20		0.5		476.8		20.2473		87.7126
20		0.5		477.12		20.2503		87.7722
20		0.5		477.44		20.2516		87.8329
20		0.5		477.76		20.2581		87.8908
20		0.5		478.08		20.2577		87.9456
20		0.5		478.4		20.2589		88.0108
20		0.5		478.72		20.2617		88.0677
20		0.5		479.04		20.2606		88.1315
20		0.5		479.36		20.2671		88.1861
20		0.5		479.68		20.2766		88.2442
20		0.5		480		20.2738		88.3022
20		0.5		480.32		20.2802		88.3565
20		0.5		480.64		20.2668		88.4167
20		0.5		480.96		20.2715		88.4726
20		0.5		481.28		20.264		88.5281
20		0.5		481.6		20.2626		88.586
20		0.5		481.92		20.2704		88.6462
20		0.5		482.24		20.2652		88.7009
20		0.5		482.56		20.2629		88.758
20		0.5		482.88		20.2607		88.812
20		0.5		483.2		20.2627		88.8708
20		0.5		483.52		20.257		88.9315
20		0.5		483.84		20.2525		88.9889
20		0.5		484.16		20.25		89.047
20		0.5		484.48		20.2484		89.1068
20		0.5		484.8		20.2404		89.1679
20		0.5		485.12		20.2403		89.2257
20		0.5		485.44		20.2435		89.2851
20		0.5		485.76		20.2485		89.34
20		0.5		486.08		20.2471		89.401
20		0.5		486.4		20.2452		89.4626
20		0.5		486.72		20.2386		89.5205
20		0.5		487.04		20.2401		89.578
20		0.5		487.36		20.2438		89.635
20		0.5		487.68		20.2415		89.6956
20		0.5		488		20.25		89.7596
20		0.5		488.32		20.252		89.8191
20		0.5		488.64		20.2519		89.8745
20		0.5		488.96		20.2517		89.9352
20		0.5		489.28		20.2461		89.9927
20		0.5		489.6		20.2584		90.0508
20		0.5		489.92		20.2476		90.113
20		0.5		490.24		20.2482		90.1703
20		0.5		490.56		20.2497		90.2284
20		0.5		490.88		20.2589		90.2897
20		0.5		491.2		20.2551		90.3496
20		0.5		491.52		20.2616		90.4085
20		0.5		491.84		20.2629		90.4723
20		0.5		492.16		20.2628		90.5306
20		0.5		492.48		20.264		90.5897
20		0.5		492.8		20.256		90.6496
20		0.5		493.12		20.2511		90.7144
20		0.5		493.44		20.2519		90.7718
20		0.5		493.76		20.2475		90.8306
20		0.5		494.08		20.2462		90.8904
20		0.5		494.4		20.2463		90.949
20		0.5		494.72		20.2473		91.0112
20		0.5		495.04		20.2503		91.0678
20		0.5		495.36		20.2552		91.1279
20		0.5		495.68		20.2514		91.1872
20		0.5		496		20.2428		91.2479
20		0.5		496.32		20.236		91.3106
20		0.5		496.64		20.2394		91.3657
20		0.5		496.96		20.244		91.4314
20		0.5		497.28		20.2397		91.4915
20		0.5		497.6		20.2331		91.5514
20		0.5		497.92		20.2242		91.6063
20		0.5		498.24		20.2219		91.6687
20		0.5		498.56		20.2252		91.7318
20		0.5		498.88		20.2294		91.7876
20		0.5		499.2		20.2343		91.8432
20		0.5		499.52		20.2312		91.9016
20		0.5		499.84		20.2295		91.9631
20		0.5		500.16		20.2218		92.0216
20		0.5		500.48		20.23		92.0729
20		0.5		500.8		20.2275		92.1322
20		0.5		501.12		20.2224		92.1915
20		0.5		501.44		20.2164		92.2466
20		0.5		501.76		20.2025		92.3061
20		0.5		502.08		20.2034		92.3648
20		0.5		502.4		20.208		92.4241
20		0.5		502.72		20.2148		92.4802
20		0.5		503.04		20.2105		92.5338
20		0.5		503.36		20.2119		92.5968
20		0.5		503.68		20.2004		92.6584
20		0.5		504		20.1967		92.7185
20		0.5		504.32		20.1902		92.7718
20		0.5		504.64		20.1898		92.8307
20		0.5		504.96		20.1972		92.8882
20		0.5		505.28		20.2148		92.9464
20		0.5		505.6		20.2141		93.0054
20		0.5		505.92		20.2156		93.0656
20		0.5		506.24		20.2223		93.1233
20		0.5		506.56		20.217		93.1796
20		0.5		506.88		20.2229		93.2356
20		0.5		507.2		20.219		93.2899
20		0.5		507.52		20.2225		93.3471
20		0.5		507.84		20.2247		93.401
20		0.5		508.16		20.2266		93.4627
20		0.5		508.48		20.2187		93.5201
20		0.5		508.8		20.2085		93.5759
20		0.5		509.12		20.2119		93.6336
20		0.5		509.44		20.2315		93.6843
20		0.5		509.76		20.2375		93.7416
20		0.5		510.08		20.2452		93.8043
20		0.5		510.4		20.245		93.8625
20		0.5		510.72		20.2497		93.9204
20		0.5		511.04		20.2544		93.9807
20		0.5		511.36		20.2615		94.0349
20		0.5		511.68		20.258		94.0919
20		0.5		512		20.2695		94.1472
20		0.5		512.32		20.2747		94.2043
20		0.5		512.64		20.2788		94.2641
20		0.5		512.96		20.285		94.3271
20		0.5		513.28		20.2869		94.3835
20		0.5		513.6		20.2794		94.442
20		0.5		513.92		20.279		94.4983
20		0.5		514.24		20.28		94.5546
20		0.5		514.56		20.2807		94.6138
20		0.5		514.88		20.2759		94.673
20		0.5		515.2		20.2742		94.7334
20		0.5		515.52		20.2734		94.7934
20		0.5		515.84		20.2651		94.8501
20		0.5		516.16		20.2581		94.908
20		0.5		516.48		20.2611		94.9702
20		0.5		516.8		20.2675		95.0312
20		0.5		517.12		20.2599		95.0906
20		0.5		517.44		20.2582		95.1529
20		0.5		517.76		20.2567		95.2103
20		0.5		518.08		20.2617		95.2683
20		0.5		518.4		20.2694		95.3223
20		0.5		518.72		20.269		95.377
20		0.5		519.04		20.2676		95.4316
20		0.5		519.36		20.2615		95.4905
20		0.5		519.68		20.2689		95.5486
20		0.5		520		20.2676		95.6031
20		0.5		520.32		20.263		95.666
20		0.5		520.64		20.2751		95.7282
20		0.5		520.96		20.273		95.7859
20		0.5		521.28		20.2783		95.8413
20		0.5		521.6		20.2803		95.8975
20		0.5		521.92		20.2773		95.9584
20		0.5		522.24		20.2735		96.0199
20		0.5		522.56		20.2704		96.0811
20		0.5		522.88		20.2733		96.1433
20		0.5		523.2		20.2717		96.2082
20		0.5		523.52		20.2786		96.2721
20		0.5		523.84		20.2799		96.3329
20		0.5		524.16		20.2737		96.3926
20		0.5		524.48		20.2714		96.4471
20		0.5		524.8		20.2743		96.5115
20		0.5		525.12		20.2721		96.5711
20		0.5		525.44		20.2539		96.635
20		0.5		525.76		20.2679		96.6937
20		0.5		526.08		20.2591		96.7544
20		0.5		526.4		20.2684		96.8162
20		0.5		526.72		20.2661		96.8703
20		0.5		527.04		20.2518		96.9269
20		0.5		527.36		20.2499		96.9869
20		0.5		527.68		20.2499		97.0475
20		0.5		528		20.2518		97.1046
20		0.5		528.32		20.2565		97.1645
20		0.5		528.64		20.2539		97.226
20		0.5		528.96		20.2528		97.2853
20		0.5		529.28		20.2495		97.3368
20		0.5		529.6		20.2536		97.3947
20		0.5		529.92		20.2528		97.4492
20		0.5		530.24		20.2602		97.5068
20		0.5		530.56		20.2568		97.5618
20		0.5		530.88		20.262		97.6211
20		0.5		531.2		20.256		97.6857
20		0.5		531.52		20.261		97.7469
20		0.5		531.84		20.2667		97.8031
20		0.5		532.16		20.2592		97.8608
20		0.5		532.48		20.258		97.9213
20		0.5		532.8		20.2532		97.9755
20		0.5		533.12		20.2507		98.0359
20		0.5		533.44		20.2507		98.0897
20		0.5		533.76		20.2587		98.1449
20		0.5		534.08		20.2673		98.2102
20		0.5		534.4		20.2681		98.2688
20		0.5		534.72		20.2769		98.321
20		0.5		535.04		20.2675		98.3789
20		0.5		535.36		20.2684		98.4388
20		0.5		535.68		20.2597		98.4978
20		0.5		536		20.2569		98.551
20		0.5		536.32		20.2595		98.6061
20		0.5		536.64		20.2615		98.6629
20		0.5		536.96		20.2582		98.7265
20		0.5		537.28		20.2572		98.7824
20		0.5		537.6		20.2599		98.8371
20		0.5		537.92		20.2589		98.8991
20		0.5		538.24		20.2603		98.956
20		0.5		538.56		20.2617		99.0154
20		0.5		538.88		20.2637		99.0768
20		0.5		539.2		20.2705		99.1346
20		0.5		539.52		20.2727		99.1939
20		0.5		539.84		20.2677		99.2473
20		0.5		540.16		20.2637		99.305
20		0.5		540.48		20.2585		99.3651
20		0.5		540.8		20.2588		99.4263
20		0.5		541.12		20.2618		99.4807
20		0.5		541.44		20.2579		99.5397
20		0.5		541.76		20.2532		99.6
20		0.5		542.08		20.2567		99.6617
20		0.5		542.4		20.265		99.7241
20		0.5		542.72		20.2576		99.7817
20		0.5		543.04		20.2582		99.8441
20		0.5		543.36		20.2501		99.9005
20		0.5		543.68		20.2476		99.9575
20		0.5		544		20.2419		100.017
20		0.5		544.32		20.2412		100.071
20		0.5		544.64		20.2446		100.13
20		0.5		544.96		20.2463		100.192
20		0.5		545.28		20.2456		100.247
20		0.5		545.6		20.2431		100.306
20		0.5		545.92		20.2474		100.362
20		0.5		546.24		20.2379		100.419
20		0.5		546.56		20.2399		100.484
20		0.5		546.88		20.2443		100.543
20		0.5		547.2		20.2407		100.601
20		0.5		547.52		20.2409		100.654
20		0.5		547.84		20.2464		100.715
20		0.5		548.16		20.2462		100.776
20		0.5		548.48		20.2455		100.836
20		0.5		548.8		20.2397		100.893
20		0.5		549.12		20.2415		100.949
20		0.5		549.44		20.2436		101.006
20		0.5		549.76		20.2472		101.064
20		0.5		550.08		20.2459		101.124
20		0.5		550.4		20.246		101.179
20		0.5		550.72		20.2492		101.236
20		0.5		551.04		20.2514		101.296
20		0.5		551.36		20.2542		101.351
20		0.5		551.68		20.2475		101.408
20		0.5		552		20.2487		101.466
20		0.5		552.32		20.2419		101.523
20		0.5		552.64		20.2522		101.578
20		0.5		552.96		20.2577		101.633
20		0.5		553.28		20.2724		101.698
20		0.5		553.6		20.2635		101.75
20		0.5		553.92		20.2673		101.81
20		0.5		554.24		20.26		101.872
20		0.5		554.56		20.267		101.931
20		0.5		554.88		20.2744		101.987
20		0.5		555.2		20.2763		102.044
20		0.5		555.52		20.2623		102.102
20		0.5		555.84		20.2604		102.158
20		0.5		556.16		20.2589		102.219
20		0.5		556.48		20.2482		102.28
20		0.5		556.8		20.2423		102.336
20		0.5		557.12		20.2319		102.395
20		0.5		557.44		20.2332		102.455
20		0.5		557.76		20.2369		102.513
20		0.5		558.08		20.2292		102.57
20		0.5		558.4		20.2356		102.63
20		0.5		558.72		20.2412		102.69
20		0.5		559.04		20.2389		102.744
20		0.5		559.36		20.2337		102.8
20		0.5		559.68		20.2351		102.857
20		0.5		560		20.2434		102.911
20		0.5		560.32		20.2502		102.97
20		0.5		560.64		20.2482		103.028
20		0.5		560.96		20.2358		103.083
20		0.5		561.28		20.2426		103.143
20		0.5		561.6		20.2439		103.2
20		0.5		561.92		20.2387		103.258
20		0.5		562.24		20.2421		103.313
20		0.5		562.56		20.2251		103.37
20		0.5		562.88		20.2302		103.427
20		0.5		563.2		20.2269		103.484
20		0.5		563.52		20.2279		103.534
20		0.5		563.84		20.228		103.589
20		0.5		564.16		20.2285		103.645
20		0.5		564.48		20.2322		103.708
20		0.5		564.8		20.2264		103.766
20		0.5		565.12		20.2225		103.822
20		0.5		565.44		20.2321		103.884
20		0.5		565.76		20.2448		103.942
20		0.5		566.08		20.2365		103.999
20		0.5		566.4		20.2428		104.052
20		0.5		566.72		20.2518		104.112
20		0.5		567.04		20.241		104.167
20		0.5		567.36		20.2441		104.227
20		0.5		567.68		20.249		104.286
20		0.5		568		20.2551		104.346
20		0.5		568.32		20.2548		104.398
20		0.5		568.64		20.2497		104.449
20		0.5		568.96		20.2588		104.509
20		0.5		569.28		20.2671		104.568
20		0.5		569.6		20.2811		104.623
20		0.5		569.92		20.2873		104.682
20		0.5		570.24		20.2806		104.742
20		0.5		570.56		20.2726		104.801
20		0.5		570.88		20.2717		104.861
20		0.5		571.2		20.2883		104.92
20		0.5		571.52		20.2903		104.978
20		0.5		571.84		20.2838		105.037
20		0.5		572.16		20.2839		105.091
20		0.5		572.48		20.2802		105.145
20		0.5		572.8		20.2843		105.202
20		0.5		573.12		20.2772		105.262
20		0.5		573.44		20.2816		105.323
20		0.5		573.76		20.2822		105.383
20		0.5		574.08		20.2793		105.446
20		0.5		574.4		20.2853		105.51
20		0.5		574.72		20.2757		105.57
20		0.5		575.04		20.281		105.634
20		0.5		575.36		20.2815		105.689
20		0.5		575.68		20.2738		105.747
20		0.5		576		20.2777		105.801
20		0.5		576.32		20.2783		105.86
20		0.5		576.64		20.268		105.917
20		0.5		576.96		20.2737		105.981
20		0.5		577.28		20.2832		106.038
20		0.5		577.6		20.2825		106.096
20		0.5		577.92		20.2848		106.153
20		0.5		578.24		20.2848		106.206
20		0.5		578.56		20.287		106.26
20		0.5		578.88		20.2851		106.317
20		0.5		579.2		20.283		106.374
20		0.5		579.52		20.2806		106.434
20		0.5		579.84		20.2785		106.489
20		0.5		580.16		20.2728		106.549
20		0.5		580.48		20.2769		106.61
20		0.5		580.8		20.2669		106.666
20		0.5		581.12		20.2625		106.723
20		0.5		581.44		20.2584		106.778
20		0.5		581.76		20.2471		106.834
20		0.5		582.08		20.2378		106.891
20		0.5		582.4		20.2333		106.946
20		0.5		582.72		20.235		107
20		0.5		583.04		20.2322		107.058
20		0.5		583.36		20.2358		107.113
20		0.5		583.68		20.2319		107.165
20		0.5		584		20.2345		107.222
20		0.5		584.32		20.238		107.275
20		0.5		584.64		20.2357		107.336
20		0.5		584.96		20.2383		107.39
20		0.5		585.28		20.2408		107.446
20		0.5		585.6		20.2402		107.503
20		0.5		585.92		20.2309		107.558
20		0.5		586.24		20.2312		107.616
20		0.5		586.56		20.2261		107.68
20		0.5		586.88		20.2309		107.738
20		0.5		587.2		20.2276		107.796
20		0.5		587.52		20.2311		107.856
20		0.5		587.84		20.2313		107.916
20		0.5		588.16		20.2278		107.972
20		0.5		588.48		20.2267		108.034
20		0.5		588.8		20.229		108.091
20		0.5		589.12		20.2227		108.148
20		0.5		589.44		20.2231		108.203
20		0.5		589.76		20.2196		108.26
20		0.5		590.08		20.2158		108.319
20		0.5		590.4		20.2218		108.377
20		0.5		590.72		20.2259		108.438
20		0.5		591.04		20.2298		108.498
20		0.5		591.36		20.2239		108.557
20		0.5		591.68		20.2265		108.621
20		0.5		592		20.237		108.676
20		0.5		592.32		20.2418		108.739
20		0.5		592.64		20.2458		108.804
20		0.5		592.96		20.2373		108.863
20		0.5		593.28		20.2466		108.919
20		0.5		593.6		20.2504		108.976
20		0.5		593.92		20.2508		109.032
20		0.5		594.24		20.2436		109.095
20		0.5		594.56		20.249		109.152
20		0.5		594.88		20.2473		109.21
20		0.5		595.2		20.2432		109.267
20		0.5		595.52		20.2431		109.329
20		0.5		595.84		20.2373		109.389
20		0.5		596.16		20.2352		109.451
20		0.5		596.48		20.2346		109.508
20		0.5		596.8		20.2328		109.563
20		0.5		597.12		20.2316		109.618
20		0.5		597.44		20.2272		109.679
20		0.5		597.76		20.228		109.736
20		0.5		598.08		20.2254		109.795
20		0.5		598.4		20.2257		109.851
20		0.5		598.72		20.2245		109.914
20		0.5		599.04		20.2242		109.973
20		0.5		599.36		20.2253		110.027
20		0.5		599.68		20.2228		110.086
20		0.5		600		20.2234		110.139
20		0.5		600.32		20.2253		110.197
20		0.5		600.64		20.2176		110.254
20		0.5		600.96		20.2089		110.318
20		0.5		601.28		20.2093		110.379
20		0.5		601.6		20.2108		110.439
20		0.5		601.92		20.2237		110.496
20		0.5		602.24		20.2193		110.556
20		0.5		602.56		20.215		110.615
20		0.5		602.88		20.2233		110.674
20		0.5		603.2		20.2219		110.73
20		0.5		603.52		20.2223		110.791
20		0.5		603.84		20.2129		110.853
20		0.5		604.16		20.218		110.908
20		0.5		604.48		20.2209		110.964
20		0.5		604.8		20.2247		111.027
20		0.5		605.12		20.2254		111.09
20		0.5		605.44		20.2165		111.153
20		0.5		605.76		20.219		111.21
20		0.5		606.08		20.2186		111.274
20		0.5		606.4		20.2161		111.331
20		0.5		606.72		20.2096		111.388
20		0.5		607.04		20.214		111.445
20		0.5		607.36		20.2125		111.504
20		0.5		607.68		20.2197		111.561
20		0.5		608		20.2276		111.618
20		0.5		608.32		20.2261		111.674
20		0.5		608.64		20.2209		111.737
20		0.5		608.96		20.2164		111.8
20		0.5		609.28		20.2267		111.859
20		0.5		609.6		20.2286		111.915
20		0.5		609.92		20.2225		111.973
20		0.5		610.24		20.2135		112.034
20		0.5		610.56		20.2066		112.093
20		0.5		610.88		20.2132		112.149
20		0.5		611.2		20.2174		112.208
20		0.5		611.52		20.2181		112.268
20		0.5		611.84		20.2097		112.325
20		0.5		612.16		20.2092		112.385
20		0.5		612.48		20.2141		112.445
20		0.5		612.8		20.2232		112.503
20		0.5		613.12		20.2228		112.563
20		0.5		613.44		20.2211		112.624
20		0.5		613.76		20.2227		112.68
20		0.5		614.08		20.2191		112.735
20		0.5		614.4		20.2098		112.793
20		0.5		614.72		20.2208		112.853
20		0.5		615.04		20.22		112.916
20		0.5		615.36		20.2138		112.973
20		0.5		615.68		20.2147		113.032
20		0.5		616		20.2117		113.092
20		0.5		616.32		20.2144		113.152
20		0.5		616.64		20.2126		113.21
20		0.5		616.96		20.2216		113.269
20		0.5		617.28		20.2185		113.327
20		0.5		617.6		20.2302		113.383
20		0.5		617.92		20.2322		113.444
20		0.5		618.24		20.2349		113.502
20		0.5		618.56		20.234		113.559
20		0.5		618.88		20.2257		113.617
20		0.5		619.2		20.2285		113.675
20		0.5		619.52		20.2267		113.726
20		0.5		619.84		20.2204		113.784
20		0.5		620.16		20.2162		113.841
20		0.5		620.48		20.2198		113.901
20		0.5		620.8		20.2185		113.961
20		0.5		621.12		20.2187		114.021
20		0.5		621.44		20.2256		114.082
20		0.5		621.76		20.2194		114.14
20		0.5		622.08		20.2167		114.198
20		0.5		622.4		20.2278		114.26
20		0.5		622.72		20.2382		114.319
20		0.5		623.04		20.24		114.375
20		0.5		623.36		20.2511		114.438
20		0.5		623.68		20.2511		114.494
20		0.5		624		20.252		114.549
20		0.5		624.32		20.2559		114.607
20		0.5		624.64		20.2463		114.664
20		0.5		624.96		20.2439		114.722
20		0.5		625.28		20.2478		114.776
20		0.5		625.6		20.2319		114.836
20		0.5		625.92		20.2322		114.894
20		0.5		626.24		20.2259		114.953
20		0.5		626.56		20.2334		115.013
20		0.5		626.88		20.2371		115.074
20		0.5		627.2		20.233		115.131
20		0.5		627.52		20.2346		115.192
20		0.5		627.84		20.232		115.253
20		0.5		628.16		20.2218		115.311
20		0.5		628.48		20.2272		115.369
20		0.5		628.8		20.2375		115.426
20		0.5		629.12		20.2401		115.482
20		0.5		629.44		20.2445		115.544
20		0.5		629.76		20.2408		115.603
20		0.5		630.08		20.2364		115.663
20		0.5		630.4		20.237		115.72
20		0.5		630.72		20.2318		115.778
20		0.5		631.04		20.2247		115.839
20		0.5		631.36		20.215		115.899
20		0.5		631.68		20.2165		115.965
20		0.5		632		20.2128		116.023
20		0.5		632.32		20.2196		116.083
20		0.5		632.64		20.2185		116.139
20		0.5		632.96		20.2216		116.2
20		0.5		633.28		20.2221		116.259
20		0.5		633.6		20.2241		116.317
20		0.5		633.92		20.2294		116.371
20		0.5		634.24		20.23		116.431
20		0.5		634.56		20.23		116.491
20		0.5		634.88		20.2194		116.544
20		0.5		635.2		20.2249		116.601
20		0.5		635.52		20.2234		116.659
20		0.5		635.84		20.219		116.718
20		0.5		636.16		20.2224		116.782
20		0.5		636.48		20.2265		116.839
20		0.5		636.8		20.2266		116.899
20		0.5		637.12		20.2161		116.955
20		0.5		637.44		20.2203		117.011
20		0.5		637.76		20.2198		117.065
20		0.5		638.08		20.2207		117.125
20		0.5		638.4		20.2158		117.185
20		0.5		638.72		20.2205		117.24
20		0.5		639.04		20.2125		117.298
20		0.5		639.36		20.2081		117.358
20		0.5		639.68		20.2084		117.416
20		0.5		640		20.2135		117.473
20		0.5		640.32		20.2037		117.539
20		0.5		640.64		20.2035		117.599
20		0.5		640.96		20.2103		117.659
20		0.5		641.28		20.2161		117.717
20		0.5		641.6		20.2174		117.774
20		0.5		641.92		20.213		117.83
20		0.5		642.24		20.2036		117.886
20		0.5		642.56		20.2149		117.945
20		0.5		642.88		20.2125		118.005
20		0.5		643.2		20.2139		118.06
20		0.5		643.52		20.2037		118.123
20		0.5		643.84		20.2021		118.179
20		0.5		644.16		20.22		118.24
20		0.5		644.48		20.2168		118.298
20		0.5		644.8		20.2184		118.36
20		0.5		645.12		20.2142		118.415
20		0.5		645.44		20.2293		118.475
20		0.5		645.76		20.2366		118.532
20		0.5		646.08		20.229		118.59
20		0.5		646.4		20.2329		118.647
20		0.5		646.72		20.2234		118.705
20		0.5		647.04		20.2187		118.77
20		0.5		647.36		20.2275		118.83
20		0.5		647.68		20.2231		118.891
20		0.5		648		20.2245		118.952
20		0.5		648.32		20.2312		119.012
20		0.5		648.64		20.2322		119.075
20		0.5		648.96		20.2291		119.129
20		0.5		649.28		20.2233		119.188
20		0.5		649.6		20.2238		119.24
20		0.5		649.92		20.2355		119.301
20		0.5		650.24		20.2295		119.359
20		0.5		650.56		20.222		119.416
20		0.5		650.88		20.2178		119.474
20		0.5		651.2		20.2122		119.535
20		0.5		651.52		20.2098		119.593
20		0.5		651.84		20.2149		119.648
20		0.5		652.16		20.2122		119.707
20		0.5		652.48		20.2102		119.767
20		0.5		652.8		20.2075		119.829
20		0.5		653.12		20.2108		119.89
20		0.5		653.44		20.2096		119.949
20		0.5		653.76		20.2085		120.01
20		0.5		654.08		20.2147		120.067
20		0.5		654.4		20.2198		120.125
20		0.5		654.72		20.2303		120.183
20		0.5		655.04		20.2216		120.246
20		0.5		655.36		20.232		120.305
20		0.5		655.68		20.2392		120.362
20		0.5		656		20.24		120.421
20		0.5		656.32		20.249		120.479
20		0.5		656.64		20.2548		120.537
20		0.5		656.96		20.2493		120.598
20		0.5		657.28		20.2475		120.657
20		0.5		657.6		20.2461		120.719
20		0.5		657.92		20.2386		120.776
20		0.5		658.24		20.2408		120.832
20		0.5		658.56		20.2405		120.89
20		0.5		658.88		20.239		120.949
20		0.5		659.2		20.2414		121.01
20		0.5		659.52		20.2294		121.067
20		0.5		659.84		20.2273		121.124
20		0.5		660.16		20.2199		121.179
20		0.5		660.48		20.218		121.236
20		0.5		660.8		20.2194		121.292
20		0.5		661.12		20.2285		121.349
20		0.5		661.44		20.2379		121.406
20		0.5		661.76		20.2372		121.464
20		0.5		662.08		20.2364		121.519
20		0.5		662.4		20.2325		121.576
20		0.5		662.72		20.2377		121.63
20		0.5		663.04		20.2375		121.69
20		0.5		663.36		20.2444		121.752
20		0.5		663.68		20.2393		121.811
20		0.5		664		20.2458		121.871
20		0.5		664.32		20.2474		121.932
20		0.5		664.64		20.2594		121.985
20		0.5		664.96		20.2662		122.043
20		0.5		665.28		20.2564		122.106
20		0.5		665.6		20.2618		122.169
20		0.5		665.92		20.2665		122.232
20		0.5		666.24		20.2623		122.293
20		0.5		666.56		20.2561		122.355
20		0.5		666.88		20.2533		122.417
20		0.5		667.2		20.2531		122.472
20		0.5		667.52		20.2529		122.528
20		0.5		667.84		20.2538		122.589
20		0.5		668.16		20.254		122.649
20		0.5		668.48		20.2525		122.7
20		0.5		668.8		20.2485		122.759
20		0.5		669.12		20.2555		122.82
20		0.5		669.44		20.2566		122.877
20		0.5		669.76		20.2651		122.934
20		0.5		670.08		20.2565		122.993
20		0.5		670.4		20.25		123.054
20		0.5		670.72		20.2552		123.108
20		0.5		671.04		20.2579		123.164
20		0.5		671.36		20.2534		123.221
20		0.5		671.68		20.2504		123.28
20		0.5		672		20.2535		123.335
20		0.5		672.32		20.2579		123.396
20		0.5		672.64		20.265		123.455
20		0.5		672.96		20.2749		123.515
20		0.5		673.28		20.266		123.574
20		0.5		673.6		20.2658		123.635
20		0.5		673.92		20.2684		123.69
20		0.5		674.24		20.2728		123.748
20		0.5		674.56		20.2738		123.809
20		0.5		674.88		20.2745		123.872
20		0.5		675.2		20.2723		123.933
20		0.5		675.52		20.2722		123.993
20		0.5		675.84		20.2701		124.05
20		0.5		676.16		20.2647		124.108
20		0.5		676.48		20.2626		124.162
20		0.5		676.8		20.261		124.224
20		0.5		677.12		20.2643		124.281
20		0.5		677.44		20.2547		124.344
20		0.5		677.76		20.2612		124.404
20		0.5		678.08		20.2564		124.461
20		0.5		678.4		20.2583		124.524
20		0.5		678.72		20.2478		124.575
20		0.5		679.04		20.2416		124.638
20		0.5		679.36		20.2446		124.697
20		0.5		679.68		20.2438		124.75
20		0.5		680		20.2515		124.81
20		0.5		680.32		20.2518		124.871
20		0.5		680.64		20.248		124.93
20		0.5		680.96		20.2549		124.987
20		0.5		681.28		20.256		125.052
20		0.5		681.6		20.2615		125.111
20		0.5		681.92		20.2543		125.164
20		0.5		682.24		20.2528		125.223
20		0.5		682.56		20.2459		125.275
20		0.5		682.88		20.24		125.332
20		0.5		683.2		20.2355		125.392
20		0.5		683.52		20.2363		125.452
20		0.5		683.84		20.2343		125.507
20		0.5		684.16		20.2399		125.565
20		0.5		684.48		20.2384		125.62
20		0.5		684.8		20.2403		125.673
20		0.5		685.12		20.2385		125.731
20		0.5		685.44		20.2494		125.791
20		0.5		685.76		20.2535		125.851
20		0.5		686.08		20.25		125.911
20		0.5		686.4		20.243		125.971
20		0.5		686.72		20.2391		126.028
20		0.5		687.04		20.2316		126.088
20		0.5		687.36		20.2449		126.145
20		0.5		687.68		20.2364		126.204
20		0.5		688		20.2455		126.264
20		0.5		688.32		20.2548		126.325
20		0.5		688.64		20.256		126.384
20		0.5		688.96		20.2623		126.438
20		0.5		689.28		20.2631		126.497
20		0.5		689.6		20.2575		126.55
20		0.5		689.92		20.2585		126.603
20		0.5		690.24		20.2552		126.66
20		0.5		690.56		20.2491		126.715
20		0.5		690.88		20.2463		126.78
20		0.5		691.2		20.2486		126.838
20		0.5		691.52		20.243		126.901
20		0.5		691.84		20.2384		126.962
20		0.5		692.16		20.2352		127.021
20		0.5		692.48		20.2472		127.078
20		0.5		692.8		20.2457		127.136
20		0.5		693.12		20.2485		127.193
20		0.5		693.44		20.2448		127.247
20		0.5		693.76		20.2433		127.307
20		0.5		694.08		20.2443		127.365
20		0.5		694.4		20.2354		127.423
20		0.5		694.72		20.2364		127.479
20		0.5		695.04		20.2366		127.54
20		0.5		695.36		20.2425		127.597
20		0.5		695.68		20.2485		127.659
20		0.5		696		20.2456		127.719
20		0.5		696.32		20.2465		127.778
20		0.5		696.64		20.2451		127.836
20		0.5		696.96		20.2402		127.889
20		0.5		697.28		20.2449		127.948
20		0.5		697.6		20.2423		128.004
20		0.5		697.92		20.2338		128.062
20		0.5		698.24		20.243		128.121
20		0.5		698.56		20.2364		128.184
20		0.5		698.88		20.2389		128.248
20		0.5		699.2		20.2408		128.299
20		0.5		699.52		20.2516		128.358
20		0.5		699.84		20.246		128.419
20		0.5		700.16		20.248		128.477
20		0.5		700.48		20.2398		128.533
20		0.5		700.8		20.2425		128.588
20		0.5		701.12		20.2434		128.647
20		0.5		701.44		20.2393		128.709
20		0.5		701.76		20.2493		128.768
20		0.5		702.08		20.2411		128.827
20		0.5		702.4		20.2417		128.886
20		0.5		702.72		20.2394		128.945
20		0.5		703.04		20.2475		129.002
20		0.5		703.36		20.2412		129.058
20		0.5		703.68		20.2458		129.119
20		0.5		704		20.2455		129.178
20		0.5		704.32		20.2448		129.232
20		0.5		704.64		20.2356		129.289
20		0.5		704.96		20.2304		129.356
20		0.5		705.28		20.2305		129.415
20		0.5		705.6		20.2387		129.475
20		0.5		705.92		20.2324		129.538
20		0.5		706.24		20.243		129.599
20		0.5		706.56		20.2387		129.656
20		0.5		706.88		20.2398		129.711
20		0.5		707.2		20.2447		129.769
20		0.5		707.52		20.2457		129.824
20		0.5		707.84		20.2551		129.887
20		0.5		708.16		20.2603		129.944
20		0.5		708.48		20.2581		130
20		0.5		708.8		20.2555		130.06
20		0.5		709.12		20.2433		130.122
20		0.5		709.44		20.2409		130.182
20		0.5		709.76		20.2426		130.242
20		0.5		710.08		20.25		130.306
20		0.5		710.4		20.2557		130.368
20		0.5		710.72		20.2565		130.426
20		0.5		711.04		20.2595		130.486
20		0.5		711.36		20.2654		130.537
20		0.5		711.68		20.2677		130.587
20		0.5		712		20.262		130.643
20		0.5		712.32		20.2496		130.704
20		0.5		712.64		20.2428		130.762
20		0.5		712.96		20.2442		130.818
20		0.5		713.28		20.2382		130.874
20		0.5		713.6		20.2268		130.935
20		0.5		713.92		20.2217		130.996
20		0.5		714.24		20.2192		131.053
20		0.5		714.56		20.2192		131.117
20		0.5		714.88		20.227		131.17
20		0.5		715.2		20.2319		131.23
20		0.5		715.52		20.2264		131.288
20		0.5		715.84		20.2193		131.344
20		0.5		716.16		20.2091		131.405
20		0.5		716.48		20.2139		131.463
20		0.5		716.8		20.2105		131.522
20		0.5		717.12		20.2138		131.574
20		0.5		717.44		20.2216		131.633
20		0.5		717.76		20.2236		131.688
20		0.5		718.08		20.2178		131.746
20		0.5		718.4		20.2104		131.804
20		0.5		718.72		20.2032		131.861
20		0.5		719.04		20.2065		131.925
20		0.5		719.36		20.2092		131.982
20		0.5		719.68		20.208		132.043
20		0.5		720		20.2008		132.103
20		0.5		720.32		20.1907		132.161
20		0.5		720.64		20.188		132.218
20		0.5		720.96		20.199		132.276
20		0.5		721.28		20.2139		132.337
20		0.5		721.6		20.2164		132.394
20		0.5		721.92		20.2176		132.455
20		0.5		722.24		20.2187		132.517
20		0.5		722.56		20.2172		132.574
20		0.5		722.88		20.2063		132.627
20		0.5		723.2		20.1968		132.685
20		0.5		723.52		20.1966		132.742
20		0.5		723.84		20.1988		132.803
20		0.5		724.16		20.1985		132.857
20		0.5		724.48		20.1923		132.92
20		0.5		724.8		20.1868		132.974
20		0.5		725.12		20.1958		133.032
20		0.5		725.44		20.1986		133.094
20		0.5		725.76		20.2054		133.149
20		0.5		726.08		20.1961		133.207
20		0.5		726.4		20.1939		133.266
20		0.5		726.72		20.2098		133.321
20		0.5		727.04		20.2117		133.379
20		0.5		727.36		20.2172		133.439
20		0.5		727.68		20.2134		133.501
20		0.5		728		20.2144		133.563
20		0.5		728.32		20.2158		133.615
20		0.5		728.64		20.2074		133.673
20		0.5		728.96		20.2074		133.732
20		0.5		729.28		20.2157		133.791
20		0.5		729.6		20.2111		133.853
20		0.5		729.92		20.2186		133.913
20		0.5		730.24		20.2157		133.973
20		0.5		730.56		20.2122		134.033
20		0.5		730.88		20.2094		134.089
20		0.5		731.2		20.2124		134.142
20		0.5		731.52		20.2227		134.197
20		0.5		731.84		20.2145		134.256
20		0.5		732.16		20.2172		134.313
20		0.5		732.48		20.2124		134.366
20		0.5		732.8		20.214		134.431
20		0.5		733.12		20.221		134.494
20		0.5		733.44		20.2221		134.553
20		0.5		733.76		20.215		134.609
20		0.5		734.08		20.2169		134.668
20		0.5		734.4		20.21		134.729
20		0.5		734.72		20.209		134.79
20		0.5		735.04		20.2047		134.848
20		0.5		735.36		20.2088		134.905
20		0.5		735.68		20.2136		134.964
20		0.5		736		20.2102		135.018
20		0.5		736.32		20.2127		135.077
20		0.5		736.64		20.2184		135.135
20		0.5		736.96		20.2166		135.196
20		0.5		737.28		20.2198		135.255
20		0.5		737.6		20.2183		135.312
20		0.5		737.92		20.2209		135.367
20		0.5		738.24		20.2111		135.42
20		0.5		738.56		20.2003		135.48
20		0.5		738.88		20.2096		135.543
20		0.5		739.2		20.2085		135.596
20		0.5		739.52		20.2024		135.65
20		0.5		739.84		20.2066		135.704
20		0.5		740.16		20.2073		135.764
20		0.5		740.48		20.2095		135.823
20		0.5		740.8		20.2116		135.883
20		0.5		741.12		20.2102		135.941
20		0.5		741.44		20.202		136.001
20		0.5		741.76		20.2152		136.06
20		0.5		742.08		20.2124		136.118
20		0.5		742.4		20.2071		136.176
20		0.5		742.72		20.1989		136.235
20		0.5		743.04		20.2074		136.296
20		0.5		743.36		20.2096		136.354
20		0.5		743.68		20.1971		136.413
20		0.5		744		20.2015		136.47
20		0.5		744.32		20.1996		136.529
20		0.5		744.64		20.2001		136.589
20		0.5		744.96		20.1976		136.644
20		0.5		745.28		20.1992		136.704
20		0.5		745.6		20.1958		136.765
20		0.5		745.92		20.185		136.822
20		0.5		746.24		20.1812		136.88
20		0.5		746.56		20.1734		136.941
20		0.5		746.88		20.1734		136.996
20		0.5		747.2		20.1765		137.054
20		0.5		747.52		20.1796		137.11
20		0.5		747.84		20.1831		137.164
20		0.5		748.16		20.1784		137.224
20		0.5		748.48		20.1778		137.28
20		0.5		748.8		20.1793		137.339
20		0.5		749.12		20.1718		137.4
20		0.5		749.44		20.1723		137.457
20		0.5		749.76		20.1748		137.517
20		0.5		750.08		20.1746		137.572
20		0.5		750.4		20.181		137.631
20		0.5		750.72		20.1814		137.686
20		0.5		751.04		20.1834		137.748
20		0.5		751.36		20.1888		137.811
20		0.5		751.68		20.1952		137.869
20		0.5		752		20.1906		137.929
20		0.5		752.32		20.1831		137.986
20		0.5		752.64		20.1818		138.046
20		0.5		752.96		20.1907		138.105
20		0.5		753.28		20.1828		138.166
20		0.5		753.6		20.1819		138.225
20		0.5		753.92		20.1879		138.285
20		0.5		754.24		20.1951		138.348
20		0.5		754.56		20.2048		138.408
20		0.5		754.88		20.2		138.461
20		0.5		755.2		20.1926		138.518
20		0.5		755.52		20.1925		138.573
20		0.5		755.84		20.1887		138.626
20		0.5		756.16		20.1924		138.691
20		0.5		756.48		20.192		138.75
20		0.5		756.8		20.1907		138.808
20		0.5		757.12		20.1991		138.865
20		0.5		757.44		20.1946		138.926
20		0.5		757.76		20.1943		138.982
20		0.5		758.08		20.1896		139.043
20		0.5		758.4		20.1978		139.1
20		0.5		758.72		20.2064		139.164
20		0.5		759.04		20.203		139.224
20		0.5		759.36		20.2114		139.286
20		0.5		759.68		20.2072		139.344
20		0.5		760		20.21		139.403
20		0.5		760.32		20.2088		139.46
20		0.5		760.64		20.2085		139.517
20		0.5		760.96		20.2064		139.58
20		0.5		761.28		20.2143		139.642
20		0.5		761.6		20.213		139.696
20		0.5		761.92		20.2037		139.755
20		0.5		762.24		20.191		139.81
20		0.5		762.56		20.1896		139.867
20		0.5		762.88		20.1845		139.925
20		0.5		763.2		20.185		139.982
20		0.5		763.52		20.1951		140.043
20		0.5		763.84		20.2077		140.102
20		0.5		764.16		20.203		140.163
20		0.5		764.48		20.2082		140.223
20		0.5		764.8		20.2138		140.279
20		0.5		765.12		20.2194		140.336
20		0.5		765.44		20.219		140.391
20		0.5		765.76		20.207		140.453
20		0.5		766.08		20.2167		140.508
20		0.5		766.4		20.2221		140.57
20		0.5		766.72		20.221		140.625
20		0.5		767.04		20.2225		140.682
20		0.5		767.36		20.2246		140.742
20		0.5		767.68		20.2201		140.8
20		0.5		768		20.2192		140.857
20		0.5		768.32		20.2251		140.922
20		0.5		768.64		20.2327		140.981
20		0.5		768.96		20.24		141.041
20		0.5		769.28		20.2302		141.101
20		0.5		769.6		20.2334		141.164
20		0.5		769.92		20.2336		141.22
20		0.5		770.24		20.2464		141.28
20		0.5		770.56		20.2403		141.335
20		0.5		770.88		20.2359		141.396
20		0.5		771.2		20.2358		141.453
20		0.5		771.52		20.2395		141.51
20		0.5		771.84		20.2445		141.566
20		0.5		772.16		20.2456		141.625
20		0.5		772.48		20.2509		141.685
20		0.5		772.8		20.2503		141.74
20		0.5		773.12		20.2425		141.797
20		0.5		773.44		20.2392		141.859
20		0.5		773.76		20.2383		141.918
20		0.5		774.08		20.2474		141.976
20		0.5		774.4		20.2486		142.033
20		0.5		774.72		20.25		142.092
20		0.5		775.04		20.2547		142.149
20		0.5		775.36		20.257		142.208
20		0.5		775.68		20.2593		142.27
20		0.5		776		20.2666		142.326
20		0.5		776.32		20.2652		142.385
20		0.5		776.64		20.2664		142.445
20		0.5		776.96		20.2862		142.503
20		0.5		777.28		20.2901		142.565
20		0.5		777.6		20.3008		142.629
20		0.5		777.92		20.3076		142.687
20		0.5		778.24		20.3162		142.749
20		0.5		778.56		20.3202		142.81
20		0.5		778.88		20.314		142.869
20		0.5		779.2		20.3074		142.93
20		0.5		779.52		20.3153		142.991
20		0.5		779.84		20.3197		143.048
20		0.5		780.16		20.3136		143.106
20		0.5		780.48		20.3095		143.166
20		0.5		780.8		20.3039		143.226
20		0.5		781.12		20.3089		143.287
20		0.5		781.44		20.3012		143.347
20		0.5		781.76		20.3006		143.406
20		0.5		782.08		20.2974		143.462
20		0.5		782.4		20.298		143.519
20		0.5		782.72		20.2961		143.579
20		0.5		783.04		20.2991		143.636
20		0.5		783.36		20.3008		143.695
20		0.5		783.68		20.2974		143.754
20		0.5		784		20.2961		143.815
20		0.5		784.32		20.3016		143.874
20		0.5		784.64		20.2987		143.93
20		0.5		784.96		20.2874		143.986
20		0.5		785.28		20.2952		144.043
20		0.5		785.6		20.2957		144.099
20		0.5		785.92		20.2944		144.157
20		0.5		786.24		20.2829		144.219
20		0.5		786.56		20.2855		144.282
20		0.5		786.88		20.2833		144.336
20		0.5		787.2		20.2884		144.393
20		0.5		787.52		20.2869		144.452
20		0.5		787.84		20.2835		144.51
20		0.5		788.16		20.2841		144.571
20		0.5		788.48		20.2832		144.635
20		0.5		788.8		20.2749		144.695
20		0.5		789.12		20.2692		144.753
20		0.5		789.44		20.2749		144.813
20		0.5		789.76		20.2706		144.87
20		0.5		790.08		20.271		144.928
20		0.5		790.4		20.2714		144.986
20		0.5		790.72		20.2715		145.049
20		0.5		791.04		20.2865		145.11
20		0.5		791.36		20.2907		145.169
20		0.5		791.68		20.2966		145.227
20		0.5		792		20.2931		145.292
20		0.5		792.32		20.3006		145.35
20		0.5		792.64		20.2955		145.413
20		0.5		792.96		20.292		145.468
20		0.5		793.28		20.2697		145.525
20		0.5		793.6		20.2651		145.587
20		0.5		793.92		20.2539		145.65
20		0.5		794.24		20.2508		145.717
20		0.5		794.56		20.248		145.783
20		0.5		794.88		20.2549		145.85
20		0.5		795.2		20.2471		145.913
20		0.5		795.52		20.242		145.976
20		0.5		795.84		20.2433		146.039
20		0.5		796.14		20.2507		146.1
