#########################################################################
#Electron Drift Line StepTime=0.32us at rIN=20cm				#
#rIN_cm		zIN_cm		DriftTimeIN_us	rOUT_cm		z_OUT_cm#
#########################################################################
20		0.5		0.32		20.0015		0.552824
20		0.5		0.64		20.0026		0.607057
20		0.5		0.96		19.9985		0.667677
20		0.5		1.28		19.9891		0.725552
20		0.5		1.6		19.9927		0.782994
20		0.5		1.92		19.9819		0.843227
20		0.5		2.24		19.9798		0.904644
20		0.5		2.56		19.9843		0.963115
20		0.5		2.88		19.9856		1.01967
20		0.5		3.2		19.983		1.07248
20		0.5		3.52		19.9824		1.13285
20		0.5		3.84		19.9785		1.19366
20		0.5		4.16		19.9705		1.25229
20		0.5		4.48		19.9809		1.30609
20		0.5		4.8		19.9834		1.36447
20		0.5		5.12		19.9893		1.4198
20		0.5		5.44		19.9878		1.47812
20		0.5		5.76		19.9971		1.53843
20		0.5		6.08		20.001		1.59892
20		0.5		6.4		19.9949		1.65693
20		0.5		6.72		19.9954		1.7212
20		0.5		7.04		19.9909		1.77787
20		0.5		7.36		19.9918		1.83716
20		0.5		7.68		19.9772		1.90004
20		0.5		8		19.976		1.96143
20		0.5		8.32		19.9702		2.01956
20		0.5		8.64		19.9592		2.07367
20		0.5		8.96		19.9526		2.13117
20		0.5		9.28		19.9541		2.18802
20		0.5		9.6		19.9578		2.24605
20		0.5		9.92		19.9589		2.30555
20		0.5		10.24		19.9547		2.36216
20		0.5		10.56		19.9652		2.4163
20		0.5		10.88		19.9639		2.46946
20		0.5		11.2		19.9626		2.52964
20		0.5		11.52		19.9659		2.5894
20		0.5		11.84		19.962		2.64591
20		0.5		12.16		19.9524		2.70063
20		0.5		12.48		19.9627		2.75491
20		0.5		12.8		19.9531		2.81515
20		0.5		13.12		19.9558		2.87113
20		0.5		13.44		19.9505		2.9331
20		0.5		13.76		19.9478		2.9901
20		0.5		14.08		19.9422		3.04997
20		0.5		14.4		19.9365		3.11373
20		0.5		14.72		19.9382		3.17571
20		0.5		15.04		19.944		3.22877
20		0.5		15.36		19.9477		3.28916
20		0.5		15.68		19.9491		3.34458
20		0.5		16		19.9464		3.40172
20		0.5		16.32		19.9619		3.4568
20		0.5		16.64		19.9662		3.51741
20		0.5		16.96		19.9554		3.57094
20		0.5		17.28		19.9552		3.62933
20		0.5		17.6		19.9643		3.68544
20		0.5		17.92		19.9686		3.74489
20		0.5		18.24		19.961		3.80288
20		0.5		18.56		19.9613		3.86611
20		0.5		18.88		19.9662		3.92301
20		0.5		19.2		19.9713		3.97518
20		0.5		19.52		19.9681		4.03808
20		0.5		19.84		19.9684		4.0976
20		0.5		20.16		19.962		4.15433
20		0.5		20.48		19.9698		4.21482
20		0.5		20.8		19.9766		4.27541
20		0.5		21.12		19.9756		4.33606
20		0.5		21.44		19.982		4.39303
20		0.5		21.76		19.9793		4.45453
20		0.5		22.08		19.9876		4.5113
20		0.5		22.4		19.986		4.56512
20		0.5		22.72		19.9821		4.62252
20		0.5		23.04		19.9848		4.68657
20		0.5		23.36		19.9853		4.74568
20		0.5		23.68		19.9821		4.80016
20		0.5		24		19.9857		4.85907
20		0.5		24.32		19.9897		4.92251
20		0.5		24.64		19.9828		4.97882
20		0.5		24.96		19.9754		5.04117
20		0.5		25.28		19.9723		5.09775
20		0.5		25.6		19.9692		5.15581
20		0.5		25.92		19.9679		5.21101
20		0.5		26.24		19.9649		5.26814
20		0.5		26.56		19.9689		5.33238
20		0.5		26.88		19.9657		5.39623
20		0.5		27.2		19.9557		5.45767
20		0.5		27.52		19.9451		5.51315
20		0.5		27.84		19.9534		5.5768
20		0.5		28.16		19.9504		5.63442
20		0.5		28.48		19.9512		5.69155
20		0.5		28.8		19.9502		5.74867
20		0.5		29.12		19.9415		5.80749
20		0.5		29.44		19.9367		5.86827
20		0.5		29.76		19.9315		5.9282
20		0.5		30.08		19.9306		5.98429
20		0.5		30.4		19.935		6.04567
20		0.5		30.72		19.9432		6.10697
20		0.5		31.04		19.9523		6.17321
20		0.5		31.36		19.9528		6.23465
20		0.5		31.68		19.9514		6.29853
20		0.5		32		19.9541		6.35454
20		0.5		32.32		19.9452		6.41585
20		0.5		32.64		19.951		6.47566
20		0.5		32.96		19.9515		6.53361
20		0.5		33.28		19.9583		6.5905
20		0.5		33.6		19.9619		6.64549
20		0.5		33.92		19.9585		6.69866
20		0.5		34.24		19.9617		6.7572
20		0.5		34.56		19.9739		6.81553
20		0.5		34.88		19.9654		6.87837
20		0.5		35.2		19.9671		6.93962
20		0.5		35.52		19.9591		7.00102
20		0.5		35.84		19.9591		7.05956
20		0.5		36.16		19.9666		7.1192
20		0.5		36.48		19.9685		7.17646
20		0.5		36.8		19.9605		7.23637
20		0.5		37.12		19.9611		7.29528
20		0.5		37.44		19.9616		7.35443
20		0.5		37.76		19.9687		7.41234
20		0.5		38.08		19.9568		7.46994
20		0.5		38.4		19.961		7.5316
20		0.5		38.72		19.9675		7.59177
20		0.5		39.04		19.9691		7.65075
20		0.5		39.36		19.9617		7.71015
20		0.5		39.68		19.9524		7.76992
20		0.5		40		19.9503		7.82957
20		0.5		40.32		19.9337		7.89008
20		0.5		40.64		19.9338		7.94688
20		0.5		40.96		19.934		7.99987
20		0.5		41.28		19.9392		8.05464
20		0.5		41.6		19.9381		8.1161
20		0.5		41.92		19.9403		8.17384
20		0.5		42.24		19.9494		8.23282
20		0.5		42.56		19.9421		8.29253
20		0.5		42.88		19.9449		8.35105
20		0.5		43.2		19.9408		8.41017
20		0.5		43.52		19.9386		8.47046
20		0.5		43.84		19.935		8.52628
20		0.5		44.16		19.9483		8.58412
20		0.5		44.48		19.9495		8.64338
20		0.5		44.8		19.9592		8.70181
20		0.5		45.12		19.9594		8.75553
20		0.5		45.44		19.9595		8.81336
20		0.5		45.76		19.9613		8.86829
20		0.5		46.08		19.9581		8.92859
20		0.5		46.4		19.9683		8.98538
20		0.5		46.72		19.9643		9.049
20		0.5		47.04		19.9683		9.10756
20		0.5		47.36		19.964		9.16304
20		0.5		47.68		19.9557		9.22602
20		0.5		48		19.9553		9.28316
20		0.5		48.32		19.9538		9.34114
20		0.5		48.64		19.9478		9.40131
20		0.5		48.96		19.9538		9.46331
20		0.5		49.28		19.9648		9.52228
20		0.5		49.6		19.9727		9.5739
20		0.5		49.92		19.969		9.63377
20		0.5		50.24		19.9667		9.69393
20		0.5		50.56		19.9611		9.75413
20		0.5		50.88		19.962		9.8095
20		0.5		51.2		19.9599		9.86921
20		0.5		51.52		19.9506		9.93145
20		0.5		51.84		19.9502		9.99391
20		0.5		52.16		19.9604		10.0555
20		0.5		52.48		19.9597		10.114
20		0.5		52.8		19.9636		10.1704
20		0.5		53.12		19.9543		10.2275
20		0.5		53.44		19.9633		10.2899
20		0.5		53.76		19.9672		10.3444
20		0.5		54.08		19.9656		10.407
20		0.5		54.4		19.9694		10.4622
20		0.5		54.72		19.9671		10.5171
20		0.5		55.04		19.9585		10.5793
20		0.5		55.36		19.9575		10.638
20		0.5		55.68		19.9482		10.6973
20		0.5		56		19.9487		10.7586
20		0.5		56.32		19.9419		10.8174
20		0.5		56.64		19.9414		10.8784
20		0.5		56.96		19.9471		10.9393
20		0.5		57.28		19.9391		11.0009
20		0.5		57.6		19.9314		11.0617
20		0.5		57.92		19.9363		11.1196
20		0.5		58.24		19.9375		11.1796
20		0.5		58.56		19.9333		11.2371
20		0.5		58.88		19.9261		11.2959
20		0.5		59.2		19.9322		11.3641
20		0.5		59.52		19.9253		11.4232
20		0.5		59.84		19.9167		11.48
20		0.5		60.16		19.9146		11.5392
20		0.5		60.48		19.9094		11.595
20		0.5		60.8		19.9044		11.6567
20		0.5		61.12		19.8881		11.7108
20		0.5		61.44		19.8971		11.7671
20		0.5		61.76		19.8968		11.8265
20		0.5		62.08		19.8943		11.8846
20		0.5		62.4		19.9032		11.9434
20		0.5		62.72		19.8985		11.9968
20		0.5		63.04		19.9064		12.0614
20		0.5		63.36		19.9071		12.1201
20		0.5		63.68		19.9102		12.1743
20		0.5		64		19.9086		12.2341
20		0.5		64.32		19.9114		12.2925
20		0.5		64.64		19.9149		12.3517
20		0.5		64.96		19.9202		12.409
20		0.5		65.28		19.922		12.4695
20		0.5		65.6		19.9329		12.5287
20		0.5		65.92		19.9403		12.5871
20		0.5		66.24		19.9385		12.6482
20		0.5		66.56		19.942		12.7088
20		0.5		66.88		19.9363		12.7655
20		0.5		67.2		19.935		12.8217
20		0.5		67.52		19.9302		12.8794
20		0.5		67.84		19.9261		12.9388
20		0.5		68.16		19.9349		12.9934
20		0.5		68.48		19.9422		13.0568
20		0.5		68.8		19.9502		13.116
20		0.5		69.12		19.9472		13.1752
20		0.5		69.44		19.951		13.2351
20		0.5		69.76		19.9477		13.2988
20		0.5		70.08		19.9381		13.3572
20		0.5		70.4		19.9302		13.4203
20		0.5		70.72		19.9279		13.476
20		0.5		71.04		19.9171		13.5398
20		0.5		71.36		19.916		13.6017
20		0.5		71.68		19.9277		13.6619
20		0.5		72		19.9236		13.7221
20		0.5		72.32		19.9206		13.7824
20		0.5		72.64		19.9187		13.8417
20		0.5		72.96		19.9183		13.9018
20		0.5		73.28		19.9054		13.9628
20		0.5		73.6		19.914		14.0244
20		0.5		73.92		19.9136		14.088
20		0.5		74.24		19.9171		14.141
20		0.5		74.56		19.917		14.1999
20		0.5		74.88		19.9155		14.2511
20		0.5		75.2		19.913		14.3121
20		0.5		75.52		19.9149		14.3747
20		0.5		75.84		19.9147		14.4327
20		0.5		76.16		19.9158		14.4891
20		0.5		76.48		19.9174		14.5513
20		0.5		76.8		19.9199		14.6108
20		0.5		77.12		19.9213		14.6672
20		0.5		77.44		19.9298		14.7294
20		0.5		77.76		19.9318		14.7853
20		0.5		78.08		19.9286		14.8408
20		0.5		78.4		19.9277		14.9031
20		0.5		78.72		19.9197		14.9613
20		0.5		79.04		19.9208		15.0254
20		0.5		79.36		19.9299		15.0771
20		0.5		79.68		19.9306		15.1369
20		0.5		80		19.9293		15.1912
20		0.5		80.32		19.9353		15.2511
20		0.5		80.64		19.9409		15.3092
20		0.5		80.96		19.9434		15.3693
20		0.5		81.28		19.9367		15.4219
20		0.5		81.6		19.9365		15.4781
20		0.5		81.92		19.9371		15.5401
20		0.5		82.24		19.9497		15.5968
20		0.5		82.56		19.9491		15.6519
20		0.5		82.88		19.9436		15.7094
20		0.5		83.2		19.9505		15.7692
20		0.5		83.52		19.9549		15.8238
20		0.5		83.84		19.9604		15.8834
20		0.5		84.16		19.9583		15.9436
20		0.5		84.48		19.9589		15.9995
20		0.5		84.8		19.9694		16.0521
20		0.5		85.12		19.9719		16.1055
20		0.5		85.44		19.9761		16.1667
20		0.5		85.76		19.9827		16.2207
20		0.5		86.08		19.978		16.2772
20		0.5		86.4		19.9836		16.3374
20		0.5		86.72		19.9827		16.3977
20		0.5		87.04		19.9788		16.4559
20		0.5		87.36		19.9804		16.5171
20		0.5		87.68		19.9864		16.575
20		0.5		88		19.995		16.6324
20		0.5		88.32		19.9971		16.6854
20		0.5		88.64		19.9994		16.7409
20		0.5		88.96		19.9966		16.7989
20		0.5		89.28		20.0086		16.8624
20		0.5		89.6		20.008		16.9251
20		0.5		89.92		20.0132		16.9818
20		0.5		90.24		20.0126		17.0363
20		0.5		90.56		20.0039		17.0954
20		0.5		90.88		20.0064		17.1572
20		0.5		91.2		20.0001		17.2207
20		0.5		91.52		19.9972		17.2793
20		0.5		91.84		19.9977		17.3403
20		0.5		92.16		19.9854		17.3992
20		0.5		92.48		19.9884		17.4544
20		0.5		92.8		19.9917		17.5087
20		0.5		93.12		19.9841		17.5709
20		0.5		93.44		19.9883		17.6248
20		0.5		93.76		19.9904		17.682
20		0.5		94.08		19.9946		17.7392
20		0.5		94.4		19.9982		17.7983
20		0.5		94.72		20.0054		17.8508
20		0.5		95.04		20.0087		17.9105
20		0.5		95.36		20.0125		17.9688
20		0.5		95.68		20.0189		18.0222
20		0.5		96		20.0138		18.0814
20		0.5		96.32		20.0179		18.1405
20		0.5		96.64		20.0181		18.2017
20		0.5		96.96		20.0077		18.2646
20		0.5		97.28		20.0143		18.3221
20		0.5		97.6		20.0253		18.3781
20		0.5		97.92		20.0362		18.4351
20		0.5		98.24		20.0496		18.4977
20		0.5		98.56		20.0604		18.556
20		0.5		98.88		20.0556		18.6127
20		0.5		99.2		20.0556		18.6779
20		0.5		99.52		20.0479		18.7377
20		0.5		99.84		20.0459		18.7949
20		0.5		100.16		20.0409		18.8557
20		0.5		100.48		20.0523		18.9103
20		0.5		100.8		20.0595		18.9704
20		0.5		101.12		20.0528		19.0342
20		0.5		101.44		20.0554		19.0993
20		0.5		101.76		20.0507		19.1552
20		0.5		102.08		20.0449		19.2135
20		0.5		102.4		20.0448		19.2713
20		0.5		102.72		20.047		19.3384
20		0.5		103.04		20.056		19.3927
20		0.5		103.36		20.0543		19.4521
20		0.5		103.68		20.0517		19.5097
20		0.5		104		20.0509		19.5684
20		0.5		104.32		20.0533		19.6296
20		0.5		104.64		20.0522		19.6864
20		0.5		104.96		20.0475		19.7382
20		0.5		105.28		20.0406		19.7969
20		0.5		105.6		20.0355		19.8564
20		0.5		105.92		20.0294		19.9142
20		0.5		106.24		20.0315		19.972
20		0.5		106.56		20.0375		20.0298
20		0.5		106.88		20.0294		20.0864
20		0.5		107.2		20.0277		20.1425
20		0.5		107.52		20.0277		20.1947
20		0.5		107.84		20.0335		20.2542
20		0.5		108.16		20.0344		20.315
20		0.5		108.48		20.031		20.37
20		0.5		108.8		20.0361		20.4308
20		0.5		109.12		20.0316		20.4867
20		0.5		109.44		20.0249		20.5445
20		0.5		109.76		20.0306		20.6006
20		0.5		110.08		20.0243		20.6595
20		0.5		110.4		20.0162		20.7132
20		0.5		110.72		20.0199		20.7711
20		0.5		111.04		20.0193		20.8242
20		0.5		111.36		20.0173		20.8885
20		0.5		111.68		20.027		20.951
20		0.5		112		20.0297		21.0108
20		0.5		112.32		20.0312		21.068
20		0.5		112.64		20.0317		21.1305
20		0.5		112.96		20.0253		21.1899
20		0.5		113.28		20.0282		21.2509
20		0.5		113.6		20.0307		21.3128
20		0.5		113.92		20.0304		21.3707
20		0.5		114.24		20.0245		21.4276
20		0.5		114.56		20.0186		21.4903
20		0.5		114.88		20.0207		21.5515
20		0.5		115.2		20.0194		21.6117
20		0.5		115.52		20.0259		21.669
20		0.5		115.84		20.0213		21.7271
20		0.5		116.16		20.0188		21.7895
20		0.5		116.48		20.021		21.8468
20		0.5		116.8		20.0213		21.9053
20		0.5		117.12		20.0122		21.9613
20		0.5		117.44		20.0261		22.0196
20		0.5		117.76		20.0201		22.0766
20		0.5		118.08		20.0269		22.1354
20		0.5		118.4		20.0203		22.1962
20		0.5		118.72		20.0244		22.2539
20		0.5		119.04		20.0136		22.3192
20		0.5		119.36		20.0251		22.3754
20		0.5		119.68		20.037		22.4346
20		0.5		120		20.0338		22.4983
20		0.5		120.32		20.036		22.5562
20		0.5		120.64		20.0389		22.6165
20		0.5		120.96		20.0391		22.6731
20		0.5		121.28		20.0367		22.7302
20		0.5		121.6		20.0372		22.7908
20		0.5		121.92		20.033		22.8506
20		0.5		122.24		20.0229		22.9093
20		0.5		122.56		20.0257		22.9654
20		0.5		122.88		20.028		23.0249
20		0.5		123.2		20.0213		23.0873
20		0.5		123.52		20.018		23.1442
20		0.5		123.84		20.02		23.201
20		0.5		124.16		20.0105		23.2657
20		0.5		124.48		19.997		23.3269
20		0.5		124.8		19.9887		23.3874
20		0.5		125.12		19.9922		23.4486
20		0.5		125.44		19.9932		23.5104
20		0.5		125.76		19.9943		23.5727
20		0.5		126.08		19.9968		23.6322
20		0.5		126.4		19.9856		23.6921
20		0.5		126.72		19.9838		23.7554
20		0.5		127.04		19.9875		23.8108
20		0.5		127.36		19.9898		23.8708
20		0.5		127.68		19.975		23.9278
20		0.5		128		19.9708		23.9861
20		0.5		128.32		19.9733		24.0391
20		0.5		128.64		19.9675		24.0984
20		0.5		128.96		19.9645		24.1575
20		0.5		129.28		19.9636		24.2181
20		0.5		129.6		19.9625		24.2814
20		0.5		129.92		19.9561		24.3328
20		0.5		130.24		19.9505		24.3863
20		0.5		130.56		19.9512		24.4426
20		0.5		130.88		19.9545		24.4957
20		0.5		131.2		19.9565		24.5553
20		0.5		131.52		19.9461		24.6124
20		0.5		131.84		19.9392		24.6694
20		0.5		132.16		19.9466		24.7245
20		0.5		132.48		19.946		24.783
20		0.5		132.8		19.9585		24.8411
20		0.5		133.12		19.9464		24.9011
20		0.5		133.44		19.9452		24.9621
20		0.5		133.76		19.9507		25.0197
20		0.5		134.08		19.9561		25.0794
20		0.5		134.4		19.9486		25.1402
20		0.5		134.72		19.9489		25.1952
20		0.5		135.04		19.9499		25.2575
20		0.5		135.36		19.9539		25.32
20		0.5		135.68		19.9493		25.3771
20		0.5		136		19.951		25.4411
20		0.5		136.32		19.9565		25.5048
20		0.5		136.64		19.9645		25.5632
20		0.5		136.96		19.9678		25.6249
20		0.5		137.28		19.9628		25.68
20		0.5		137.6		19.9644		25.7379
20		0.5		137.92		19.9689		25.8004
20		0.5		138.24		19.96		25.8546
20		0.5		138.56		19.9538		25.9147
20		0.5		138.88		19.9618		25.9697
20		0.5		139.2		19.9617		26.0296
20		0.5		139.52		19.9711		26.0849
20		0.5		139.84		19.9834		26.1425
20		0.5		140.16		19.9875		26.2001
20		0.5		140.48		19.982		26.2611
20		0.5		140.8		19.9726		26.322
20		0.5		141.12		19.9797		26.3817
20		0.5		141.44		19.9831		26.4409
20		0.5		141.76		19.9834		26.494
20		0.5		142.08		19.9791		26.5528
20		0.5		142.4		19.974		26.6092
20		0.5		142.72		19.9724		26.6688
20		0.5		143.04		19.9748		26.7241
20		0.5		143.36		19.9762		26.7803
20		0.5		143.68		19.9694		26.8381
20		0.5		144		19.9679		26.8972
20		0.5		144.32		19.9714		26.9571
20		0.5		144.64		19.9653		27.0183
20		0.5		144.96		19.9599		27.0771
20		0.5		145.28		19.9527		27.1297
20		0.5		145.6		19.9458		27.1876
20		0.5		145.92		19.9463		27.2475
20		0.5		146.24		19.9422		27.3059
20		0.5		146.56		19.954		27.3667
20		0.5		146.88		19.9594		27.427
20		0.5		147.2		19.9609		27.4852
20		0.5		147.52		19.9655		27.5442
20		0.5		147.84		19.9779		27.6087
20		0.5		148.16		19.9847		27.6704
20		0.5		148.48		19.9843		27.733
20		0.5		148.8		19.9871		27.7955
20		0.5		149.12		19.9872		27.8595
20		0.5		149.44		19.9863		27.919
20		0.5		149.76		19.9812		27.9773
20		0.5		150.08		19.9748		28.0401
20		0.5		150.4		19.9637		28.0935
20		0.5		150.72		19.9651		28.1511
20		0.5		151.04		19.9647		28.2119
20		0.5		151.36		19.9645		28.2693
20		0.5		151.68		19.9748		28.3258
20		0.5		152		19.9774		28.3831
20		0.5		152.32		19.9692		28.4405
20		0.5		152.64		19.9699		28.4991
20		0.5		152.96		19.9672		28.5569
20		0.5		153.28		19.9702		28.6125
20		0.5		153.6		19.9719		28.6702
20		0.5		153.92		19.9718		28.7277
20		0.5		154.24		19.9621		28.7857
20		0.5		154.56		19.9622		28.8446
20		0.5		154.88		19.9587		28.9026
20		0.5		155.2		19.955		28.9624
20		0.5		155.52		19.9534		29.0234
20		0.5		155.84		19.9643		29.0817
20		0.5		156.16		19.9582		29.1392
20		0.5		156.48		19.9602		29.1998
20		0.5		156.8		19.9447		29.26
20		0.5		157.12		19.9467		29.3133
20		0.5		157.44		19.9331		29.373
20		0.5		157.76		19.9325		29.4322
20		0.5		158.08		19.9327		29.4876
20		0.5		158.4		19.9305		29.546
20		0.5		158.72		19.9292		29.6034
20		0.5		159.04		19.9374		29.6607
20		0.5		159.36		19.9443		29.7198
20		0.5		159.68		19.9413		29.782
20		0.5		160		19.9431		29.8444
20		0.5		160.32		19.9486		29.8995
20		0.5		160.64		19.9451		29.9603
20		0.5		160.96		19.946		30.02
20		0.5		161.28		19.9472		30.0772
20		0.5		161.6		19.9459		30.1402
20		0.5		161.92		19.9433		30.1983
20		0.5		162.24		19.9464		30.2503
20		0.5		162.56		19.9473		30.3031
20		0.5		162.88		19.9459		30.3658
20		0.5		163.2		19.9432		30.4201
20		0.5		163.52		19.9384		30.477
20		0.5		163.84		19.9462		30.5364
20		0.5		164.16		19.9433		30.5945
20		0.5		164.48		19.9381		30.6569
20		0.5		164.8		19.9461		30.7191
20		0.5		165.12		19.9477		30.7722
20		0.5		165.44		19.9503		30.8268
20		0.5		165.76		19.9494		30.8838
20		0.5		166.08		19.9505		30.9422
20		0.5		166.4		19.9606		31.0026
20		0.5		166.72		19.9617		31.063
20		0.5		167.04		19.9604		31.1199
20		0.5		167.36		19.965		31.1813
20		0.5		167.68		19.9629		31.2418
20		0.5		168		19.9625		31.2981
20		0.5		168.32		19.9621		31.3601
20		0.5		168.64		19.9641		31.4175
20		0.5		168.96		19.9624		31.4705
20		0.5		169.28		19.9618		31.5271
20		0.5		169.6		19.9627		31.5892
20		0.5		169.92		19.9566		31.6478
20		0.5		170.24		19.9542		31.7051
20		0.5		170.56		19.9548		31.7665
20		0.5		170.88		19.9599		31.8242
20		0.5		171.2		19.9626		31.8818
20		0.5		171.52		19.9521		31.9459
20		0.5		171.84		19.952		32.0038
20		0.5		172.16		19.9478		32.0617
20		0.5		172.48		19.9501		32.1218
20		0.5		172.8		19.9501		32.1762
20		0.5		173.12		19.9445		32.2373
20		0.5		173.44		19.9526		32.2942
20		0.5		173.76		19.9546		32.3568
20		0.5		174.08		19.9602		32.4137
20		0.5		174.4		19.9666		32.4748
20		0.5		174.72		19.9766		32.5356
20		0.5		175.04		19.9819		32.5948
20		0.5		175.36		19.9833		32.6537
20		0.5		175.68		19.9833		32.7128
20		0.5		176		19.98		32.7702
20		0.5		176.32		19.9856		32.8297
20		0.5		176.64		19.9852		32.8864
20		0.5		176.96		19.9883		32.9494
20		0.5		177.28		19.9951		33.0061
20		0.5		177.6		19.9881		33.0671
20		0.5		177.92		19.9894		33.1257
20		0.5		178.24		19.9956		33.186
20		0.5		178.56		19.9919		33.2454
20		0.5		178.88		19.9967		33.3022
20		0.5		179.2		20.0018		33.365
20		0.5		179.52		20.0084		33.4237
20		0.5		179.84		20.005		33.476
20		0.5		180.16		20.0075		33.5414
20		0.5		180.48		20.0162		33.5957
20		0.5		180.8		20.0145		33.6579
20		0.5		181.12		20.0182		33.7146
20		0.5		181.44		20.0095		33.7719
20		0.5		181.76		20.01		33.8291
20		0.5		182.08		20.0118		33.895
20		0.5		182.4		20.0147		33.9485
20		0.5		182.72		20.0076		34.0093
20		0.5		183.04		20.0112		34.0683
20		0.5		183.36		20.0149		34.1287
20		0.5		183.68		20.0115		34.186
20		0.5		184		20.0056		34.2459
20		0.5		184.32		20.0089		34.3057
20		0.5		184.64		20.016		34.364
20		0.5		184.96		20.0213		34.4234
20		0.5		185.28		20.0218		34.484
20		0.5		185.6		20.0205		34.5394
20		0.5		185.92		20.0311		34.5983
20		0.5		186.24		20.0266		34.6552
20		0.5		186.56		20.0271		34.7139
20		0.5		186.88		20.029		34.7742
20		0.5		187.2		20.0326		34.8338
20		0.5		187.52		20.0296		34.8939
20		0.5		187.84		20.0282		34.9543
20		0.5		188.16		20.0327		35.0114
20		0.5		188.48		20.0285		35.0719
20		0.5		188.8		20.0167		35.1294
20		0.5		189.12		20.0262		35.188
20		0.5		189.44		20.0297		35.2488
20		0.5		189.76		20.0394		35.311
20		0.5		190.08		20.0518		35.3714
20		0.5		190.4		20.0573		35.4339
20		0.5		190.72		20.0636		35.4885
20		0.5		191.04		20.0789		35.5475
20		0.5		191.36		20.075		35.6062
20		0.5		191.68		20.0696		35.6627
20		0.5		192		20.059		35.7248
20		0.5		192.32		20.0551		35.7817
20		0.5		192.64		20.0551		35.8389
20		0.5		192.96		20.0579		35.9056
20		0.5		193.28		20.0623		35.9655
20		0.5		193.6		20.0596		36.0215
20		0.5		193.92		20.0609		36.0816
20		0.5		194.24		20.0639		36.1394
20		0.5		194.56		20.0721		36.2051
20		0.5		194.88		20.0737		36.2629
20		0.5		195.2		20.0639		36.3208
20		0.5		195.52		20.0633		36.3827
20		0.5		195.84		20.0657		36.4413
20		0.5		196.16		20.0629		36.4962
20		0.5		196.48		20.0669		36.5564
20		0.5		196.8		20.0648		36.6149
20		0.5		197.12		20.066		36.674
20		0.5		197.44		20.0628		36.7306
20		0.5		197.76		20.0555		36.7914
20		0.5		198.08		20.0529		36.8469
20		0.5		198.4		20.057		36.9079
20		0.5		198.72		20.047		36.9668
20		0.5		199.04		20.051		37.0237
20		0.5		199.36		20.0498		37.0854
20		0.5		199.68		20.0503		37.1471
20		0.5		200		20.0498		37.1992
20		0.5		200.32		20.055		37.2606
20		0.5		200.64		20.0573		37.3242
20		0.5		200.96		20.0542		37.3841
20		0.5		201.28		20.042		37.4449
20		0.5		201.6		20.0393		37.5085
20		0.5		201.92		20.0335		37.567
20		0.5		202.24		20.0418		37.6223
20		0.5		202.56		20.0394		37.6807
20		0.5		202.88		20.0403		37.7373
20		0.5		203.2		20.0407		37.7953
20		0.5		203.52		20.0443		37.8544
20		0.5		203.84		20.0394		37.9155
20		0.5		204.16		20.0427		37.9772
20		0.5		204.48		20.0444		38.0328
20		0.5		204.8		20.0391		38.0898
20		0.5		205.12		20.0429		38.1493
20		0.5		205.44		20.0452		38.2015
20		0.5		205.76		20.0593		38.26
20		0.5		206.08		20.0605		38.3172
20		0.5		206.4		20.0571		38.3773
20		0.5		206.72		20.0583		38.4387
20		0.5		207.04		20.0515		38.4981
20		0.5		207.36		20.0471		38.5599
20		0.5		207.68		20.055		38.6194
20		0.5		208		20.0562		38.6766
20		0.5		208.32		20.0491		38.7316
20		0.5		208.64		20.0488		38.7884
20		0.5		208.96		20.0414		38.8448
20		0.5		209.28		20.0463		38.9011
20		0.5		209.6		20.0425		38.9551
20		0.5		209.92		20.043		39.0126
20		0.5		210.24		20.0492		39.0692
20		0.5		210.56		20.0449		39.1286
20		0.5		210.88		20.0492		39.1858
20		0.5		211.2		20.0457		39.242
20		0.5		211.52		20.0428		39.302
20		0.5		211.84		20.043		39.3632
20		0.5		212.16		20.0387		39.4237
20		0.5		212.48		20.0446		39.484
20		0.5		212.8		20.0416		39.5427
20		0.5		213.12		20.0308		39.6
20		0.5		213.44		20.0297		39.6646
20		0.5		213.76		20.0212		39.7245
20		0.5		214.08		20.0283		39.7789
20		0.5		214.4		20.0179		39.8368
20		0.5		214.72		20.0313		39.8975
20		0.5		215.04		20.0394		39.9595
20		0.5		215.36		20.0389		40.0211
20		0.5		215.68		20.0388		40.0803
20		0.5		216		20.0465		40.1369
20		0.5		216.32		20.0409		40.1964
20		0.5		216.64		20.0416		40.2557
20		0.5		216.96		20.0476		40.3175
20		0.5		217.28		20.0478		40.3773
20		0.5		217.6		20.0411		40.4348
20		0.5		217.92		20.0458		40.4942
20		0.5		218.24		20.039		40.5548
20		0.5		218.56		20.0205		40.6159
20		0.5		218.88		20.0311		40.6749
20		0.5		219.2		20.0343		40.7306
20		0.5		219.52		20.0374		40.7817
20		0.5		219.84		20.0419		40.8345
20		0.5		220.16		20.0368		40.8975
20		0.5		220.48		20.0434		40.9598
20		0.5		220.8		20.0466		41.0166
20		0.5		221.12		20.0476		41.0766
20		0.5		221.44		20.0616		41.1383
20		0.5		221.76		20.0689		41.2018
20		0.5		222.08		20.0718		41.2631
20		0.5		222.4		20.0695		41.3196
20		0.5		222.72		20.058		41.3763
20		0.5		223.04		20.0504		41.4334
20		0.5		223.36		20.05		41.4922
20		0.5		223.68		20.0443		41.5501
20		0.5		224		20.0369		41.612
20		0.5		224.32		20.0421		41.6724
20		0.5		224.64		20.0384		41.7342
20		0.5		224.96		20.0308		41.7992
20		0.5		225.28		20.0311		41.8622
20		0.5		225.6		20.0327		41.9186
20		0.5		225.92		20.0272		41.9729
20		0.5		226.24		20.0304		42.032
20		0.5		226.56		20.0279		42.0861
20		0.5		226.88		20.0226		42.1455
20		0.5		227.2		20.0312		42.2004
20		0.5		227.52		20.0438		42.2632
20		0.5		227.84		20.0371		42.3243
20		0.5		228.16		20.0386		42.383
20		0.5		228.48		20.0345		42.4449
20		0.5		228.8		20.0286		42.5069
20		0.5		229.12		20.0294		42.5623
20		0.5		229.44		20.0314		42.6225
20		0.5		229.76		20.0292		42.6803
20		0.5		230.08		20.0334		42.7423
20		0.5		230.4		20.0442		42.8009
20		0.5		230.72		20.0441		42.8628
20		0.5		231.04		20.0386		42.9232
20		0.5		231.36		20.0504		42.9816
20		0.5		231.68		20.0446		43.0448
20		0.5		232		20.0421		43.1041
20		0.5		232.32		20.0297		43.1581
20		0.5		232.64		20.0295		43.2178
20		0.5		232.96		20.0313		43.273
20		0.5		233.28		20.0323		43.3367
20		0.5		233.6		20.0334		43.3957
20		0.5		233.92		20.0344		43.4551
20		0.5		234.24		20.0297		43.5133
20		0.5		234.56		20.0192		43.5768
20		0.5		234.88		20.0091		43.6371
20		0.5		235.2		20.0202		43.6959
20		0.5		235.52		20.0109		43.7521
20		0.5		235.84		19.993		43.808
20		0.5		236.16		19.9936		43.8687
20		0.5		236.48		19.9929		43.924
20		0.5		236.8		19.9877		43.9822
20		0.5		237.12		19.9865		44.0376
20		0.5		237.44		19.9868		44.0977
20		0.5		237.76		19.9931		44.1553
20		0.5		238.08		20.0011		44.2149
20		0.5		238.4		19.9988		44.2756
20		0.5		238.72		19.9951		44.3288
20		0.5		239.04		19.9925		44.3848
20		0.5		239.36		19.9988		44.4444
20		0.5		239.68		19.9997		44.5062
20		0.5		240		19.9899		44.5675
20		0.5		240.32		19.9846		44.6261
20		0.5		240.64		19.9949		44.6858
20		0.5		240.96		19.9981		44.7474
20		0.5		241.28		20.0016		44.806
20		0.5		241.6		19.9977		44.8606
20		0.5		241.92		20.0077		44.9173
20		0.5		242.24		20.0149		44.9736
20		0.5		242.56		20.005		45.0341
20		0.5		242.88		20.0014		45.0878
20		0.5		243.2		19.9955		45.1404
20		0.5		243.52		19.9903		45.1991
20		0.5		243.84		19.9904		45.2577
20		0.5		244.16		19.9852		45.3164
20		0.5		244.48		19.9864		45.3728
20		0.5		244.8		19.998		45.4341
20		0.5		245.12		20.0046		45.4966
20		0.5		245.44		19.9929		45.558
20		0.5		245.76		19.9931		45.621
20		0.5		246.08		19.9964		45.6781
20		0.5		246.4		19.9939		45.7378
20		0.5		246.72		19.9928		45.7979
20		0.5		247.04		19.9868		45.8577
20		0.5		247.36		19.9872		45.9131
20		0.5		247.68		19.9872		45.9734
20		0.5		248		19.9866		46.0336
20		0.5		248.32		19.9742		46.0929
20		0.5		248.64		19.9736		46.147
20		0.5		248.96		19.9629		46.2077
20		0.5		249.28		19.973		46.2636
20		0.5		249.6		19.9736		46.3168
20		0.5		249.92		19.9798		46.376
20		0.5		250.24		19.986		46.4382
20		0.5		250.56		19.9888		46.4982
20		0.5		250.88		19.9892		46.5534
20		0.5		251.2		19.9956		46.6141
20		0.5		251.52		20.0007		46.6709
20		0.5		251.84		20.0062		46.7278
20		0.5		252.16		20.0014		46.7842
20		0.5		252.48		19.992		46.844
20		0.5		252.8		19.997		46.9045
20		0.5		253.12		19.9864		46.9651
20		0.5		253.44		19.9884		47.0237
20		0.5		253.76		19.9876		47.0815
20		0.5		254.08		19.9864		47.1368
20		0.5		254.4		19.9877		47.1935
20		0.5		254.72		19.9947		47.2513
20		0.5		255.04		19.999		47.3091
20		0.5		255.36		20.0042		47.3725
20		0.5		255.68		20.0011		47.4307
20		0.5		256		20.0045		47.4867
20		0.5		256.32		20.0063		47.5464
20		0.5		256.64		20.017		47.6064
20		0.5		256.96		20.0206		47.6602
20		0.5		257.28		20.0192		47.7223
20		0.5		257.6		20.0162		47.78
20		0.5		257.92		20.0186		47.8414
20		0.5		258.24		20.0253		47.9032
20		0.5		258.56		20.0176		47.9634
20		0.5		258.88		20.0181		48.0239
20		0.5		259.2		20.0242		48.0839
20		0.5		259.52		20.0297		48.1429
20		0.5		259.84		20.0369		48.2075
20		0.5		260.16		20.0305		48.2662
20		0.5		260.48		20.0345		48.3207
20		0.5		260.8		20.0412		48.3848
20		0.5		261.12		20.0392		48.4405
20		0.5		261.44		20.0446		48.4994
20		0.5		261.76		20.0389		48.5567
20		0.5		262.08		20.035		48.6113
20		0.5		262.4		20.0427		48.6741
20		0.5		262.72		20.0376		48.7302
20		0.5		263.04		20.0374		48.7908
20		0.5		263.36		20.0391		48.8496
20		0.5		263.68		20.056		48.9068
20		0.5		264		20.0648		48.9617
20		0.5		264.32		20.0576		49.0206
20		0.5		264.64		20.059		49.0794
20		0.5		264.96		20.0538		49.1401
20		0.5		265.28		20.0504		49.2016
20		0.5		265.6		20.0452		49.2637
20		0.5		265.92		20.0435		49.3207
20		0.5		266.24		20.0489		49.384
20		0.5		266.56		20.0454		49.4392
20		0.5		266.88		20.0361		49.5002
20		0.5		267.2		20.0349		49.5628
20		0.5		267.52		20.0408		49.615
20		0.5		267.84		20.0407		49.6708
20		0.5		268.16		20.0405		49.7276
20		0.5		268.48		20.0512		49.7839
20		0.5		268.8		20.0549		49.8445
20		0.5		269.12		20.0549		49.9035
20		0.5		269.44		20.0557		49.9654
20		0.5		269.76		20.0567		50.0244
20		0.5		270.08		20.0592		50.0873
20		0.5		270.4		20.0634		50.1471
20		0.5		270.72		20.0641		50.2017
20		0.5		271.04		20.0715		50.2591
20		0.5		271.36		20.0787		50.3133
20		0.5		271.68		20.0795		50.3713
20		0.5		272		20.0769		50.435
20		0.5		272.32		20.0779		50.4943
20		0.5		272.64		20.0646		50.5526
20		0.5		272.96		20.0672		50.6131
20		0.5		273.28		20.0668		50.6668
20		0.5		273.6		20.0729		50.7223
20		0.5		273.92		20.0688		50.7796
20		0.5		274.24		20.0684		50.8408
20		0.5		274.56		20.0669		50.8973
20		0.5		274.88		20.064		50.954
20		0.5		275.2		20.0582		51.0142
20		0.5		275.52		20.0649		51.0723
20		0.5		275.84		20.0748		51.1344
20		0.5		276.16		20.0815		51.1937
20		0.5		276.48		20.0692		51.254
20		0.5		276.8		20.0754		51.3125
20		0.5		277.12		20.0785		51.3725
20		0.5		277.44		20.0797		51.4336
20		0.5		277.76		20.0816		51.4909
20		0.5		278.08		20.0737		51.5467
20		0.5		278.4		20.0764		51.6032
20		0.5		278.72		20.0831		51.6602
20		0.5		279.04		20.0863		51.7167
20		0.5		279.36		20.0837		51.7778
20		0.5		279.68		20.0802		51.8341
20		0.5		280		20.0738		51.8982
20		0.5		280.32		20.0806		51.9542
20		0.5		280.64		20.0744		52.0131
20		0.5		280.96		20.0735		52.0722
20		0.5		281.28		20.0734		52.1292
20		0.5		281.6		20.0741		52.1871
20		0.5		281.92		20.079		52.2456
20		0.5		282.24		20.0749		52.3051
20		0.5		282.56		20.0794		52.3596
20		0.5		282.88		20.0807		52.4193
20		0.5		283.2		20.0928		52.4751
20		0.5		283.52		20.0886		52.5332
20		0.5		283.84		20.0916		52.5933
20		0.5		284.16		20.0932		52.649
20		0.5		284.48		20.0954		52.7098
20		0.5		284.8		20.0936		52.7664
20		0.5		285.12		20.0934		52.8232
20		0.5		285.44		20.0855		52.8869
20		0.5		285.76		20.0916		52.9502
20		0.5		286.08		20.0918		53.0064
20		0.5		286.4		20.0966		53.062
20		0.5		286.72		20.0907		53.1214
20		0.5		287.04		20.0958		53.1774
20		0.5		287.36		20.0873		53.2331
20		0.5		287.68		20.0875		53.2902
20		0.5		288		20.0847		53.3466
20		0.5		288.32		20.0824		53.3991
20		0.5		288.64		20.0855		53.4532
20		0.5		288.96		20.083		53.5106
20		0.5		289.28		20.081		53.5721
20		0.5		289.6		20.0848		53.6308
20		0.5		289.92		20.0927		53.6875
20		0.5		290.24		20.0871		53.7449
20		0.5		290.56		20.0868		53.8034
20		0.5		290.88		20.0836		53.8665
20		0.5		291.2		20.0887		53.9254
20		0.5		291.52		20.0808		53.9873
20		0.5		291.84		20.0871		54.0471
20		0.5		292.16		20.0932		54.1024
20		0.5		292.48		20.0932		54.1575
20		0.5		292.8		20.0945		54.2143
20		0.5		293.12		20.0926		54.2763
20		0.5		293.44		20.0891		54.3369
20		0.5		293.76		20.0952		54.3919
20		0.5		294.08		20.0984		54.457
20		0.5		294.4		20.1032		54.514
20		0.5		294.72		20.1042		54.5709
20		0.5		295.04		20.1143		54.6305
20		0.5		295.36		20.1154		54.6873
20		0.5		295.68		20.1071		54.7452
20		0.5		296		20.1112		54.8011
20		0.5		296.32		20.1188		54.8584
20		0.5		296.64		20.1194		54.9116
20		0.5		296.96		20.1204		54.9667
20		0.5		297.28		20.1199		55.0262
20		0.5		297.6		20.1205		55.0848
20		0.5		297.92		20.1277		55.145
20		0.5		298.24		20.1304		55.2029
20		0.5		298.56		20.1257		55.2637
20		0.5		298.88		20.1286		55.3183
20		0.5		299.2		20.133		55.3744
20		0.5		299.52		20.125		55.4312
20		0.5		299.84		20.1209		55.4935
20		0.5		300.16		20.1179		55.5491
20		0.5		300.48		20.1163		55.613
20		0.5		300.8		20.1099		55.6642
20		0.5		301.12		20.12		55.7194
20		0.5		301.44		20.1218		55.7792
20		0.5		301.76		20.116		55.8364
20		0.5		302.08		20.1216		55.8894
20		0.5		302.4		20.119		55.9499
20		0.5		302.72		20.1152		56.0053
20		0.5		303.04		20.1225		56.0622
20		0.5		303.36		20.1198		56.118
20		0.5		303.68		20.1156		56.1775
20		0.5		304		20.1108		56.2327
20		0.5		304.32		20.1117		56.295
20		0.5		304.64		20.1157		56.3537
20		0.5		304.96		20.1255		56.4152
20		0.5		305.28		20.1263		56.4707
20		0.5		305.6		20.1273		56.5333
20		0.5		305.92		20.1245		56.5924
20		0.5		306.24		20.1226		56.6502
20		0.5		306.56		20.1277		56.7132
20		0.5		306.88		20.1287		56.7744
20		0.5		307.2		20.1294		56.8355
20		0.5		307.52		20.1254		56.8932
20		0.5		307.84		20.1157		56.9505
20		0.5		308.16		20.1144		57.0025
20		0.5		308.48		20.1218		57.065
20		0.5		308.8		20.1331		57.1265
20		0.5		309.12		20.1277		57.1832
20		0.5		309.44		20.1235		57.2432
20		0.5		309.76		20.121		57.2979
20		0.5		310.08		20.123		57.3539
20		0.5		310.4		20.1184		57.4105
20		0.5		310.72		20.1221		57.4705
20		0.5		311.04		20.1165		57.5281
20		0.5		311.36		20.1208		57.5835
20		0.5		311.68		20.1217		57.643
20		0.5		312		20.1249		57.6986
20		0.5		312.32		20.1208		57.76
20		0.5		312.64		20.1154		57.824
20		0.5		312.96		20.1174		57.8887
20		0.5		313.28		20.1201		57.9478
20		0.5		313.6		20.1135		58.0019
20		0.5		313.92		20.1169		58.0597
20		0.5		314.24		20.1156		58.1194
20		0.5		314.56		20.1145		58.1793
20		0.5		314.88		20.1107		58.2379
20		0.5		315.2		20.1094		58.2971
20		0.5		315.52		20.1027		58.3524
20		0.5		315.84		20.1031		58.4129
20		0.5		316.16		20.1		58.4705
20		0.5		316.48		20.0922		58.5281
20		0.5		316.8		20.0978		58.5887
20		0.5		317.12		20.0954		58.6477
20		0.5		317.44		20.0824		58.7026
20		0.5		317.76		20.0818		58.761
20		0.5		318.08		20.0883		58.8175
20		0.5		318.4		20.0869		58.8749
20		0.5		318.72		20.0806		58.9311
20		0.5		319.04		20.0924		58.987
20		0.5		319.36		20.1012		59.044
20		0.5		319.68		20.1026		59.1022
20		0.5		320		20.1006		59.163
20		0.5		320.32		20.1022		59.2125
20		0.5		320.64		20.0957		59.2709
20		0.5		320.96		20.1011		59.3248
20		0.5		321.28		20.1051		59.3827
20		0.5		321.6		20.1011		59.441
20		0.5		321.92		20.1002		59.4971
20		0.5		322.24		20.1039		59.5538
20		0.5		322.56		20.1034		59.6112
20		0.5		322.88		20.0959		59.6725
20		0.5		323.2		20.0947		59.7324
20		0.5		323.52		20.0892		59.7909
20		0.5		323.84		20.0855		59.8482
20		0.5		324.16		20.0934		59.9092
20		0.5		324.48		20.0964		59.9699
20		0.5		324.8		20.0916		60.0272
20		0.5		325.12		20.0952		60.0828
20		0.5		325.44		20.1078		60.1403
20		0.5		325.76		20.1154		60.1981
20		0.5		326.08		20.1196		60.2535
20		0.5		326.4		20.1194		60.3133
20		0.5		326.72		20.1208		60.3723
20		0.5		327.04		20.1169		60.4334
20		0.5		327.36		20.1198		60.4907
20		0.5		327.68		20.1199		60.5494
20		0.5		328		20.1166		60.6022
20		0.5		328.32		20.1193		60.6577
20		0.5		328.64		20.1154		60.7177
20		0.5		328.96		20.1143		60.7702
20		0.5		329.28		20.1163		60.8277
20		0.5		329.6		20.1171		60.8892
20		0.5		329.92		20.1179		60.9474
20		0.5		330.24		20.1124		61.0095
20		0.5		330.56		20.1151		61.0668
20		0.5		330.88		20.1224		61.1283
20		0.5		331.2		20.1168		61.1824
20		0.5		331.52		20.1192		61.2436
20		0.5		331.84		20.1247		61.2986
20		0.5		332.16		20.1208		61.3571
20		0.5		332.48		20.1198		61.4162
20		0.5		332.8		20.1251		61.478
20		0.5		333.12		20.1344		61.5377
20		0.5		333.44		20.1243		61.5976
20		0.5		333.76		20.1221		61.6554
20		0.5		334.08		20.1238		61.7119
20		0.5		334.4		20.1193		61.7707
20		0.5		334.72		20.126		61.8316
20		0.5		335.04		20.1271		61.8872
20		0.5		335.36		20.127		61.9453
20		0.5		335.68		20.1287		62.0124
20		0.5		336		20.1295		62.0763
20		0.5		336.32		20.1276		62.1313
20		0.5		336.64		20.1259		62.1865
20		0.5		336.96		20.1334		62.2429
20		0.5		337.28		20.1375		62.3008
20		0.5		337.6		20.128		62.3608
20		0.5		337.92		20.1255		62.4136
20		0.5		338.24		20.1191		62.4718
20		0.5		338.56		20.1169		62.5317
20		0.5		338.88		20.1144		62.5912
20		0.5		339.2		20.1225		62.6498
20		0.5		339.52		20.1185		62.7083
20		0.5		339.84		20.1171		62.7667
20		0.5		340.16		20.1279		62.8232
20		0.5		340.48		20.1392		62.8791
20		0.5		340.8		20.1402		62.9382
20		0.5		341.12		20.1383		63.0019
20		0.5		341.44		20.1329		63.063
20		0.5		341.76		20.1276		63.1241
20		0.5		342.08		20.1234		63.1822
20		0.5		342.4		20.1176		63.239
20		0.5		342.72		20.11		63.295
20		0.5		343.04		20.1068		63.3527
20		0.5		343.36		20.1067		63.4083
20		0.5		343.68		20.1002		63.4645
20		0.5		344		20.1039		63.5194
20		0.5		344.32		20.11		63.5819
20		0.5		344.64		20.1181		63.6428
20		0.5		344.96		20.1115		63.7004
20		0.5		345.28		20.1132		63.7597
20		0.5		345.6		20.1194		63.8153
20		0.5		345.92		20.1196		63.8749
20		0.5		346.24		20.1214		63.9319
20		0.5		346.56		20.1209		63.9908
20		0.5		346.88		20.1054		64.0493
20		0.5		347.2		20.0953		64.108
20		0.5		347.52		20.0999		64.1686
20		0.5		347.84		20.1003		64.2265
20		0.5		348.16		20.0987		64.2846
20		0.5		348.48		20.0925		64.3455
20		0.5		348.8		20.0906		64.4019
20		0.5		349.12		20.0805		64.4566
20		0.5		349.44		20.0722		64.517
20		0.5		349.76		20.0725		64.5795
20		0.5		350.08		20.0862		64.6406
20		0.5		350.4		20.0918		64.6948
20		0.5		350.72		20.0943		64.7562
20		0.5		351.04		20.0817		64.8141
20		0.5		351.36		20.0827		64.8699
20		0.5		351.68		20.0789		64.9263
20		0.5		352		20.0741		64.9837
20		0.5		352.32		20.0697		65.0356
20		0.5		352.64		20.0683		65.094
20		0.5		352.96		20.0609		65.1483
20		0.5		353.28		20.062		65.2113
20		0.5		353.6		20.0527		65.2708
20		0.5		353.92		20.057		65.3294
20		0.5		354.24		20.0505		65.3863
20		0.5		354.56		20.0524		65.445
20		0.5		354.88		20.0512		65.5033
20		0.5		355.2		20.0548		65.564
20		0.5		355.52		20.0456		65.6204
20		0.5		355.84		20.0401		65.6821
20		0.5		356.16		20.0388		65.7395
20		0.5		356.48		20.0392		65.7948
20		0.5		356.8		20.0441		65.8557
20		0.5		357.12		20.0524		65.9103
20		0.5		357.44		20.051		65.9664
20		0.5		357.76		20.0583		66.0294
20		0.5		358.08		20.0667		66.0912
20		0.5		358.4		20.0765		66.1533
20		0.5		358.72		20.0744		66.2127
20		0.5		359.04		20.074		66.272
20		0.5		359.36		20.0736		66.3274
20		0.5		359.68		20.0779		66.3877
20		0.5		360		20.0784		66.4435
20		0.5		360.32		20.0782		66.5058
20		0.5		360.64		20.076		66.5648
20		0.5		360.96		20.0823		66.6262
20		0.5		361.28		20.0886		66.6863
20		0.5		361.6		20.0984		66.7442
20		0.5		361.92		20.0896		66.8001
20		0.5		362.24		20.085		66.8584
20		0.5		362.56		20.0942		66.9213
20		0.5		362.88		20.0983		66.9821
20		0.5		363.2		20.1027		67.0393
20		0.5		363.52		20.1072		67.0969
20		0.5		363.84		20.1064		67.1543
20		0.5		364.16		20.1038		67.2126
20		0.5		364.48		20.1092		67.2734
20		0.5		364.8		20.1083		67.3322
20		0.5		365.12		20.1044		67.3978
20		0.5		365.44		20.1012		67.4599
20		0.5		365.76		20.1044		67.5182
20		0.5		366.08		20.1014		67.5749
20		0.5		366.4		20.1009		67.6367
20		0.5		366.72		20.1101		67.6947
20		0.5		367.04		20.1147		67.7533
20		0.5		367.36		20.1104		67.8141
20		0.5		367.68		20.1126		67.8713
20		0.5		368		20.1036		67.9293
20		0.5		368.32		20.1045		67.9876
20		0.5		368.64		20.1091		68.0471
20		0.5		368.96		20.1087		68.1091
20		0.5		369.28		20.1049		68.163
20		0.5		369.6		20.1131		68.2196
20		0.5		369.92		20.1146		68.274
20		0.5		370.24		20.1199		68.3312
20		0.5		370.56		20.1243		68.3926
20		0.5		370.88		20.1292		68.4571
20		0.5		371.2		20.1253		68.5163
20		0.5		371.52		20.1257		68.5693
20		0.5		371.84		20.1195		68.6273
20		0.5		372.16		20.1196		68.6854
20		0.5		372.48		20.1138		68.7443
20		0.5		372.8		20.1125		68.805
20		0.5		373.12		20.1141		68.8672
20		0.5		373.44		20.1084		68.9241
20		0.5		373.76		20.103		68.9855
20		0.5		374.08		20.1028		69.0438
20		0.5		374.4		20.1114		69.1017
20		0.5		374.72		20.1114		69.1631
20		0.5		375.04		20.107		69.2199
20		0.5		375.36		20.1052		69.2827
20		0.5		375.68		20.0957		69.3424
20		0.5		376		20.0907		69.3976
20		0.5		376.32		20.0861		69.4575
20		0.5		376.64		20.0816		69.5174
20		0.5		376.96		20.0839		69.5699
20		0.5		377.28		20.0767		69.6256
20		0.5		377.6		20.0651		69.6787
20		0.5		377.92		20.0455		69.7369
20		0.5		378.24		20.0369		69.7929
20		0.5		378.56		20.0357		69.8494
20		0.5		378.88		20.0292		69.9064
20		0.5		379.2		20.0342		69.9646
20		0.5		379.52		20.0363		70.0225
20		0.5		379.84		20.0373		70.08
20		0.5		380.16		20.0461		70.1384
20		0.5		380.48		20.0429		70.1986
20		0.5		380.8		20.0344		70.2573
20		0.5		381.12		20.0288		70.3169
20		0.5		381.44		20.0312		70.3757
20		0.5		381.76		20.0273		70.4329
20		0.5		382.08		20.0291		70.4915
20		0.5		382.4		20.026		70.5529
20		0.5		382.72		20.0217		70.6068
20		0.5		383.04		20.0279		70.6631
20		0.5		383.36		20.0276		70.7232
20		0.5		383.68		20.0361		70.7781
20		0.5		384		20.023		70.84
20		0.5		384.32		20.0247		70.896
20		0.5		384.64		20.0361		70.9579
20		0.5		384.96		20.0368		71.0163
20		0.5		385.28		20.0318		71.0729
20		0.5		385.6		20.04		71.1291
20		0.5		385.92		20.0433		71.1883
20		0.5		386.24		20.0474		71.2423
20		0.5		386.56		20.0606		71.3043
20		0.5		386.88		20.0607		71.3645
20		0.5		387.2		20.0597		71.4251
20		0.5		387.52		20.0597		71.4825
20		0.5		387.84		20.0601		71.54
20		0.5		388.16		20.0616		71.6045
20		0.5		388.48		20.0564		71.6652
20		0.5		388.8		20.0578		71.722
20		0.5		389.12		20.0632		71.7812
20		0.5		389.44		20.0596		71.8396
20		0.5		389.76		20.0474		71.8909
20		0.5		390.08		20.0442		71.9528
20		0.5		390.4		20.0444		72.0142
20		0.5		390.72		20.0455		72.0736
20		0.5		391.04		20.05		72.1303
20		0.5		391.36		20.0368		72.1902
20		0.5		391.68		20.0382		72.2465
20		0.5		392		20.0368		72.3053
20		0.5		392.32		20.0392		72.3644
20		0.5		392.64		20.0425		72.4244
20		0.5		392.96		20.0396		72.4855
20		0.5		393.28		20.0356		72.5414
20		0.5		393.6		20.0399		72.6031
20		0.5		393.92		20.0402		72.6613
20		0.5		394.24		20.0417		72.716
20		0.5		394.56		20.0447		72.7738
20		0.5		394.88		20.041		72.8333
20		0.5		395.2		20.0414		72.89
20		0.5		395.52		20.0421		72.9508
20		0.5		395.84		20.0516		73.0045
20		0.5		396.16		20.0559		73.0647
20		0.5		396.48		20.0573		73.1159
20		0.5		396.8		20.0638		73.175
20		0.5		397.12		20.0612		73.2344
20		0.5		397.44		20.0602		73.2939
20		0.5		397.76		20.0691		73.3571
20		0.5		398.08		20.071		73.4168
20		0.5		398.4		20.0788		73.4745
20		0.5		398.72		20.092		73.5328
20		0.5		399.04		20.0912		73.5874
20		0.5		399.36		20.1005		73.6433
20		0.5		399.68		20.1005		73.7057
20		0.5		400		20.106		73.7653
20		0.5		400.32		20.1091		73.8236
20		0.5		400.64		20.1011		73.8831
20		0.5		400.96		20.0963		73.9404
20		0.5		401.28		20.1032		73.9982
20		0.5		401.6		20.0942		74.0556
20		0.5		401.92		20.0913		74.1166
20		0.5		402.24		20.0909		74.1766
20		0.5		402.56		20.0894		74.2369
20		0.5		402.88		20.0818		74.2982
20		0.5		403.2		20.0889		74.3558
20		0.5		403.52		20.0956		74.4171
20		0.5		403.84		20.0929		74.4761
20		0.5		404.16		20.0884		74.5295
20		0.5		404.48		20.0979		74.5903
20		0.5		404.8		20.0958		74.6518
20		0.5		405.12		20.0974		74.7098
20		0.5		405.44		20.0947		74.7665
20		0.5		405.76		20.1007		74.8216
20		0.5		406.08		20.0947		74.8808
20		0.5		406.4		20.0987		74.9392
20		0.5		406.72		20.0988		74.995
20		0.5		407.04		20.0986		75.0573
20		0.5		407.36		20.1051		75.1137
20		0.5		407.68		20.0962		75.1719
20		0.5		408		20.0851		75.2345
20		0.5		408.32		20.0846		75.2903
20		0.5		408.64		20.0828		75.3497
20		0.5		408.96		20.0782		75.4103
20		0.5		409.28		20.079		75.462
20		0.5		409.6		20.0868		75.5226
20		0.5		409.92		20.0811		75.5811
20		0.5		410.24		20.089		75.6408
20		0.5		410.56		20.0782		75.7009
20		0.5		410.88		20.0833		75.7595
20		0.5		411.2		20.0862		75.8166
20		0.5		411.52		20.0959		75.8753
20		0.5		411.84		20.0948		75.9351
20		0.5		412.16		20.0901		75.9899
20		0.5		412.48		20.0879		76.0483
20		0.5		412.8		20.087		76.1021
20		0.5		413.12		20.0879		76.1619
20		0.5		413.44		20.096		76.2245
20		0.5		413.76		20.1009		76.2869
20		0.5		414.08		20.0947		76.3448
20		0.5		414.4		20.0837		76.4016
20		0.5		414.72		20.0805		76.4612
20		0.5		415.04		20.0771		76.5181
20		0.5		415.36		20.0837		76.5738
20		0.5		415.68		20.0846		76.6346
20		0.5		416		20.0848		76.6912
20		0.5		416.32		20.0801		76.7512
20		0.5		416.64		20.0878		76.813
20		0.5		416.96		20.0847		76.8664
20		0.5		417.28		20.0735		76.9283
20		0.5		417.6		20.0797		76.9893
20		0.5		417.92		20.0809		77.0468
20		0.5		418.24		20.076		77.1081
20		0.5		418.56		20.0723		77.1671
20		0.5		418.88		20.0819		77.2275
20		0.5		419.2		20.084		77.2879
20		0.5		419.52		20.0785		77.3496
20		0.5		419.84		20.0765		77.4052
20		0.5		420.16		20.072		77.4665
20		0.5		420.48		20.0708		77.5297
20		0.5		420.8		20.0797		77.5866
20		0.5		421.12		20.0905		77.6449
20		0.5		421.44		20.0843		77.6939
20		0.5		421.76		20.0823		77.7564
20		0.5		422.08		20.0753		77.8129
20		0.5		422.4		20.081		77.8694
20		0.5		422.72		20.0748		77.9336
20		0.5		423.04		20.0797		77.9945
20		0.5		423.36		20.0682		78.0509
20		0.5		423.68		20.0737		78.1119
20		0.5		424		20.0742		78.1692
20		0.5		424.32		20.074		78.2224
20		0.5		424.64		20.0701		78.2846
20		0.5		424.96		20.0677		78.3451
20		0.5		425.28		20.0623		78.4057
20		0.5		425.6		20.0749		78.463
20		0.5		425.92		20.0707		78.5212
20		0.5		426.24		20.0746		78.5777
20		0.5		426.56		20.068		78.6389
20		0.5		426.88		20.0665		78.6977
20		0.5		427.2		20.0629		78.7589
20		0.5		427.52		20.0608		78.8234
20		0.5		427.84		20.0568		78.8797
20		0.5		428.16		20.0543		78.9414
20		0.5		428.48		20.0522		79.0013
20		0.5		428.8		20.048		79.0587
20		0.5		429.12		20.0497		79.1165
20		0.5		429.44		20.0481		79.1745
20		0.5		429.76		20.0525		79.2324
20		0.5		430.08		20.0494		79.2919
20		0.5		430.4		20.052		79.3472
20		0.5		430.72		20.0453		79.4046
20		0.5		431.04		20.0325		79.4605
20		0.5		431.36		20.0278		79.5188
20		0.5		431.68		20.0211		79.5761
20		0.5		432		20.0135		79.6368
20		0.5		432.32		20.0103		79.6952
20		0.5		432.64		20.0166		79.753
20		0.5		432.96		20.0148		79.8096
20		0.5		433.28		20.0043		79.8669
20		0.5		433.6		20.0028		79.9226
20		0.5		433.92		20.0173		79.9816
20		0.5		434.24		20.0046		80.0412
20		0.5		434.56		20.0101		80.0993
20		0.5		434.88		20.0046		80.1563
20		0.5		435.2		19.9981		80.2133
20		0.5		435.52		20.0083		80.2738
20		0.5		435.84		20.0124		80.334
20		0.5		436.16		20.0079		80.3912
20		0.5		436.48		20.0106		80.4464
20		0.5		436.8		20.0195		80.5046
20		0.5		437.12		20.0209		80.5606
20		0.5		437.44		20.022		80.6217
20		0.5		437.76		20.0222		80.6809
20		0.5		438.08		20.0218		80.7329
20		0.5		438.4		20.0312		80.789
20		0.5		438.72		20.0383		80.8463
20		0.5		439.04		20.0381		80.9053
20		0.5		439.36		20.0476		80.9663
20		0.5		439.68		20.0384		81.0218
20		0.5		440		20.0372		81.0796
20		0.5		440.32		20.0341		81.1369
20		0.5		440.64		20.0305		81.1946
20		0.5		440.96		20.0307		81.2582
20		0.5		441.28		20.0305		81.3117
20		0.5		441.6		20.0272		81.3739
20		0.5		441.92		20.0245		81.4316
20		0.5		442.24		20.0217		81.4936
20		0.5		442.56		20.0251		81.549
20		0.5		442.88		20.0236		81.6083
20		0.5		443.2		20.036		81.6674
20		0.5		443.52		20.0334		81.7276
20		0.5		443.84		20.0435		81.7829
20		0.5		444.16		20.0423		81.8417
20		0.5		444.48		20.0525		81.9018
20		0.5		444.8		20.0512		81.9564
20		0.5		445.12		20.0568		82.016
20		0.5		445.44		20.0521		82.0715
20		0.5		445.76		20.0482		82.1254
20		0.5		446.08		20.0455		82.1826
20		0.5		446.4		20.0396		82.238
20		0.5		446.72		20.0363		82.3015
20		0.5		447.04		20.0392		82.3592
20		0.5		447.36		20.038		82.4182
20		0.5		447.68		20.0459		82.472
20		0.5		448		20.0506		82.5273
20		0.5		448.32		20.0555		82.5878
20		0.5		448.64		20.0575		82.6463
20		0.5		448.96		20.0465		82.7032
20		0.5		449.28		20.0496		82.7592
20		0.5		449.6		20.0339		82.8183
20		0.5		449.92		20.0245		82.8789
20		0.5		450.24		20.0341		82.9398
20		0.5		450.56		20.0307		82.9965
20		0.5		450.88		20.023		83.0533
20		0.5		451.2		20.0151		83.1095
20		0.5		451.52		20.0136		83.1688
20		0.5		451.84		20.0161		83.2291
20		0.5		452.16		20.01		83.2877
20		0.5		452.48		20.0114		83.3438
20		0.5		452.8		20.0139		83.4075
20		0.5		453.12		20.0093		83.4667
20		0.5		453.44		20.0208		83.5255
20		0.5		453.76		20.0244		83.5783
20		0.5		454.08		20.0266		83.6414
20		0.5		454.4		20.021		83.6979
20		0.5		454.72		20.0271		83.7518
20		0.5		455.04		20.0308		83.8086
20		0.5		455.36		20.0292		83.8709
20		0.5		455.68		20.0292		83.925
20		0.5		456		20.0319		83.98
20		0.5		456.32		20.0369		84.0409
20		0.5		456.64		20.0352		84.1003
20		0.5		456.96		20.0377		84.1629
20		0.5		457.28		20.0448		84.2216
20		0.5		457.6		20.048		84.2831
20		0.5		457.92		20.0534		84.3446
20		0.5		458.24		20.0486		84.4034
20		0.5		458.56		20.0554		84.4626
20		0.5		458.88		20.0633		84.5249
20		0.5		459.2		20.0628		84.5855
20		0.5		459.52		20.0572		84.6453
20		0.5		459.84		20.0523		84.6989
20		0.5		460.16		20.0476		84.758
20		0.5		460.48		20.0485		84.8211
20		0.5		460.8		20.0461		84.8756
20		0.5		461.12		20.0419		84.9268
20		0.5		461.44		20.034		84.9921
20		0.5		461.76		20.036		85.0505
20		0.5		462.08		20.0372		85.1095
20		0.5		462.4		20.0345		85.168
20		0.5		462.72		20.0339		85.2302
20		0.5		463.04		20.0348		85.2908
20		0.5		463.36		20.0425		85.3514
20		0.5		463.68		20.0472		85.4115
20		0.5		464		20.0365		85.4726
20		0.5		464.32		20.0464		85.5299
20		0.5		464.64		20.042		85.5867
20		0.5		464.96		20.0349		85.6464
20		0.5		465.28		20.0331		85.7106
20		0.5		465.6		20.0317		85.7669
20		0.5		465.92		20.0382		85.8246
20		0.5		466.24		20.044		85.8786
20		0.5		466.56		20.0406		85.9353
20		0.5		466.88		20.036		85.995
20		0.5		467.2		20.0423		86.0534
20		0.5		467.52		20.0333		86.114
20		0.5		467.84		20.038		86.1723
20		0.5		468.16		20.034		86.2301
20		0.5		468.48		20.0362		86.2873
20		0.5		468.8		20.0303		86.3471
20		0.5		469.12		20.0284		86.406
20		0.5		469.44		20.0227		86.4609
20		0.5		469.76		20.0276		86.5199
20		0.5		470.08		20.0224		86.5809
20		0.5		470.4		20.025		86.6374
20		0.5		470.72		20.0286		86.6972
20		0.5		471.04		20.0265		86.7533
20		0.5		471.36		20.0218		86.8079
20		0.5		471.68		20.0251		86.8625
20		0.5		472		20.0201		86.9253
20		0.5		472.32		20.0216		86.9804
20		0.5		472.64		20.0232		87.0396
20		0.5		472.96		20.0232		87.0928
20		0.5		473.28		20.0206		87.1515
20		0.5		473.6		20.0268		87.2136
20		0.5		473.92		20.0167		87.2729
20		0.5		474.24		20.0176		87.3287
20		0.5		474.56		20.0159		87.3888
20		0.5		474.88		20.0092		87.4495
20		0.5		475.2		20.0073		87.5089
20		0.5		475.52		20.0124		87.5678
20		0.5		475.84		20.0285		87.6227
20		0.5		476.16		20.0371		87.6793
20		0.5		476.48		20.0358		87.7392
20		0.5		476.8		20.0335		87.801
20		0.5		477.12		20.025		87.8584
20		0.5		477.44		20.0215		87.9132
20		0.5		477.76		20.0259		87.9699
20		0.5		478.08		20.0226		88.0296
20		0.5		478.4		20.0196		88.0913
20		0.5		478.72		20.0163		88.156
20		0.5		479.04		20.0239		88.2166
20		0.5		479.36		20.0221		88.2732
20		0.5		479.68		20.026		88.3302
20		0.5		480		20.0349		88.3857
20		0.5		480.32		20.0445		88.4423
20		0.5		480.64		20.0419		88.4982
20		0.5		480.96		20.0488		88.5572
20		0.5		481.28		20.0515		88.6117
20		0.5		481.6		20.059		88.6688
20		0.5		481.92		20.0588		88.7292
20		0.5		482.24		20.0573		88.7884
20		0.5		482.56		20.0654		88.8487
20		0.5		482.88		20.065		88.9047
20		0.5		483.2		20.0687		88.9598
20		0.5		483.52		20.0781		89.0196
20		0.5		483.84		20.0703		89.0752
20		0.5		484.16		20.07		89.133
20		0.5		484.48		20.0731		89.1897
20		0.5		484.8		20.0713		89.2501
20		0.5		485.12		20.0728		89.3105
20		0.5		485.44		20.0665		89.3686
20		0.5		485.76		20.0573		89.4293
20		0.5		486.08		20.0444		89.4849
20		0.5		486.4		20.0434		89.5403
20		0.5		486.72		20.0377		89.601
20		0.5		487.04		20.0303		89.6568
20		0.5		487.36		20.0222		89.7115
20		0.5		487.68		20.0178		89.7729
20		0.5		488		20.0168		89.8296
20		0.5		488.32		20.0209		89.8878
20		0.5		488.64		20.0166		89.9449
20		0.5		488.96		20.0134		90.0061
20		0.5		489.28		20.0059		90.0641
20		0.5		489.6		19.9957		90.122
20		0.5		489.92		19.9929		90.181
20		0.5		490.24		19.998		90.2395
20		0.5		490.56		19.9974		90.2963
20		0.5		490.88		20.0079		90.3562
20		0.5		491.2		20.0061		90.41
20		0.5		491.52		20.0056		90.4691
20		0.5		491.84		19.9953		90.5276
20		0.5		492.16		19.9869		90.5875
20		0.5		492.48		19.9771		90.6435
20		0.5		492.8		19.9738		90.7023
20		0.5		493.12		19.9697		90.7629
20		0.5		493.44		19.9706		90.8199
20		0.5		493.76		19.9649		90.8783
20		0.5		494.08		19.9667		90.9339
20		0.5		494.4		19.9464		90.9909
20		0.5		494.72		19.9375		91.0483
20		0.5		495.04		19.9438		91.109
20		0.5		495.36		19.9479		91.1702
20		0.5		495.68		19.9482		91.2272
20		0.5		496		19.952		91.2878
20		0.5		496.32		19.9522		91.3474
20		0.5		496.64		19.9504		91.4088
20		0.5		496.96		19.9382		91.4644
20		0.5		497.28		19.9361		91.5185
20		0.5		497.6		19.939		91.5822
20		0.5		497.92		19.9426		91.6428
20		0.5		498.24		19.9403		91.7026
20		0.5		498.56		19.9367		91.7636
20		0.5		498.88		19.9323		91.8193
20		0.5		499.2		19.9395		91.8773
20		0.5		499.52		19.9435		91.9362
20		0.5		499.84		19.9336		91.9942
20		0.5		500.16		19.9391		92.058
20		0.5		500.48		19.9383		92.1176
20		0.5		500.8		19.9376		92.1763
20		0.5		501.12		19.9307		92.2362
20		0.5		501.44		19.9295		92.2904
20		0.5		501.76		19.9332		92.3472
20		0.5		502.08		19.9306		92.4053
20		0.5		502.4		19.9245		92.4611
20		0.5		502.72		19.9216		92.5184
20		0.5		503.04		19.9238		92.5745
20		0.5		503.36		19.925		92.6352
20		0.5		503.68		19.9273		92.6905
20		0.5		504		19.9278		92.7509
20		0.5		504.32		19.9226		92.8103
20		0.5		504.64		19.9296		92.8661
20		0.5		504.96		19.9262		92.9224
20		0.5		505.28		19.9268		92.9788
20		0.5		505.6		19.9171		93.0414
20		0.5		505.92		19.9125		93.0996
20		0.5		506.24		19.9125		93.1569
20		0.5		506.56		19.9095		93.2128
20		0.5		506.88		19.9123		93.2714
20		0.5		507.2		19.9057		93.3311
20		0.5		507.52		19.9093		93.3929
20		0.5		507.84		19.9105		93.4469
20		0.5		508.16		19.9123		93.5069
20		0.5		508.48		19.9079		93.5652
20		0.5		508.8		19.9089		93.6206
20		0.5		509.12		19.9136		93.679
20		0.5		509.44		19.9113		93.7374
20		0.5		509.76		19.9113		93.7947
20		0.5		510.08		19.9085		93.8546
20		0.5		510.4		19.9058		93.9118
20		0.5		510.72		19.8973		93.9671
20		0.5		511.04		19.892		94.0244
20		0.5		511.36		19.8909		94.0821
20		0.5		511.68		19.8814		94.1359
20		0.5		512		19.8802		94.1938
20		0.5		512.32		19.8697		94.2542
20		0.5		512.64		19.864		94.3119
20		0.5		512.96		19.8648		94.3666
20		0.5		513.28		19.8612		94.428
20		0.5		513.6		19.8661		94.481
20		0.5		513.92		19.8547		94.5362
20		0.5		514.24		19.8604		94.5952
20		0.5		514.56		19.8635		94.6499
20		0.5		514.88		19.8674		94.708
20		0.5		515.2		19.8769		94.7651
20		0.5		515.52		19.8751		94.8226
20		0.5		515.84		19.8813		94.8799
20		0.5		516.16		19.8787		94.9363
20		0.5		516.48		19.8829		94.9944
20		0.5		516.8		19.8947		95.0469
20		0.5		517.12		19.9047		95.1011
20		0.5		517.44		19.9051		95.1617
20		0.5		517.76		19.8951		95.2186
20		0.5		518.08		19.8895		95.2784
20		0.5		518.4		19.8802		95.3362
20		0.5		518.72		19.877		95.3925
20		0.5		519.04		19.8838		95.4508
20		0.5		519.36		19.875		95.5109
20		0.5		519.68		19.8804		95.569
20		0.5		520		19.8857		95.6299
20		0.5		520.32		19.8893		95.6894
20		0.5		520.64		19.8802		95.7422
20		0.5		520.96		19.8851		95.8022
20		0.5		521.28		19.8897		95.8591
20		0.5		521.6		19.8895		95.9188
20		0.5		521.92		19.8924		95.9767
20		0.5		522.24		19.8984		96.0331
20		0.5		522.56		19.89		96.0949
20		0.5		522.88		19.8982		96.1547
20		0.5		523.2		19.8918		96.2152
20		0.5		523.52		19.8899		96.2771
20		0.5		523.84		19.9011		96.3299
20		0.5		524.16		19.9066		96.391
20		0.5		524.48		19.9025		96.4577
20		0.5		524.8		19.8889		96.5115
20		0.5		525.12		19.8921		96.5656
20		0.5		525.44		19.8849		96.6261
20		0.5		525.76		19.8802		96.6809
20		0.5		526.08		19.8815		96.7387
20		0.5		526.4		19.8829		96.794
20		0.5		526.72		19.8901		96.8505
20		0.5		527.04		19.8926		96.9089
20		0.5		527.36		19.893		96.9681
20		0.5		527.68		19.8957		97.0247
20		0.5		528		19.8813		97.0799
20		0.5		528.32		19.8712		97.1421
20		0.5		528.64		19.8724		97.1981
20		0.5		528.96		19.8751		97.2596
20		0.5		529.28		19.87		97.3185
20		0.5		529.6		19.865		97.378
20		0.5		529.92		19.8669		97.438
20		0.5		530.24		19.8654		97.4964
20		0.5		530.56		19.8631		97.5566
20		0.5		530.88		19.8628		97.6183
20		0.5		531.2		19.866		97.6756
20		0.5		531.52		19.8681		97.736
20		0.5		531.84		19.8626		97.7962
20		0.5		532.16		19.8542		97.8556
20		0.5		532.48		19.8506		97.9167
20		0.5		532.8		19.8518		97.9766
20		0.5		533.12		19.8632		98.0322
20		0.5		533.44		19.865		98.0911
20		0.5		533.76		19.8609		98.1537
20		0.5		534.08		19.8641		98.2119
20		0.5		534.4		19.8617		98.2718
20		0.5		534.72		19.847		98.3269
20		0.5		535.04		19.8485		98.3867
20		0.5		535.36		19.8372		98.447
20		0.5		535.68		19.8321		98.5044
20		0.5		536		19.8344		98.5639
20		0.5		536.32		19.8406		98.6151
20		0.5		536.64		19.8428		98.677
20		0.5		536.96		19.8374		98.7333
20		0.5		537.28		19.8396		98.7932
20		0.5		537.6		19.8466		98.8547
20		0.5		537.92		19.8515		98.9176
20		0.5		538.24		19.8476		98.981
20		0.5		538.56		19.8402		99.044
20		0.5		538.88		19.841		99.1061
20		0.5		539.2		19.8386		99.1638
20		0.5		539.52		19.8481		99.2211
20		0.5		539.84		19.8496		99.2804
20		0.5		540.16		19.8572		99.3406
20		0.5		540.48		19.8613		99.3959
20		0.5		540.8		19.8585		99.45
20		0.5		541.12		19.8562		99.5089
20		0.5		541.44		19.857		99.5713
20		0.5		541.76		19.8582		99.6256
20		0.5		542.08		19.8579		99.6809
20		0.5		542.4		19.8526		99.7384
20		0.5		542.72		19.858		99.7971
20		0.5		543.04		19.8595		99.8555
20		0.5		543.36		19.858		99.9119
20		0.5		543.68		19.8598		99.9686
20		0.5		544		19.8745		100.021
20		0.5		544.32		19.8704		100.081
20		0.5		544.64		19.8659		100.142
20		0.5		544.96		19.8691		100.201
20		0.5		545.28		19.8566		100.261
20		0.5		545.6		19.8579		100.321
20		0.5		545.92		19.8625		100.377
20		0.5		546.24		19.8613		100.436
20		0.5		546.56		19.8603		100.491
20		0.5		546.88		19.8579		100.549
20		0.5		547.2		19.8516		100.607
20		0.5		547.52		19.8454		100.667
20		0.5		547.84		19.8488		100.724
20		0.5		548.16		19.8529		100.784
20		0.5		548.48		19.8591		100.84
20		0.5		548.8		19.8449		100.896
20		0.5		549.12		19.8421		100.953
20		0.5		549.44		19.8469		101.009
20		0.5		549.76		19.8473		101.067
20		0.5		550.08		19.8465		101.128
20		0.5		550.4		19.8471		101.183
20		0.5		550.72		19.8497		101.241
20		0.5		551.04		19.8569		101.299
20		0.5		551.36		19.8614		101.36
20		0.5		551.68		19.8648		101.424
20		0.5		552		19.8712		101.481
20		0.5		552.32		19.8758		101.541
20		0.5		552.64		19.874		101.6
20		0.5		552.96		19.8749		101.662
20		0.5		553.28		19.8688		101.717
20		0.5		553.6		19.8689		101.776
20		0.5		553.92		19.8723		101.836
20		0.5		554.24		19.8809		101.897
20		0.5		554.56		19.8849		101.951
20		0.5		554.88		19.8743		102.009
20		0.5		555.2		19.8767		102.065
20		0.5		555.52		19.8733		102.124
20		0.5		555.84		19.8736		102.183
20		0.5		556.16		19.8744		102.239
20		0.5		556.48		19.8761		102.3
20		0.5		556.8		19.8715		102.362
20		0.5		557.12		19.8775		102.422
20		0.5		557.44		19.8772		102.485
20		0.5		557.76		19.8682		102.541
20		0.5		558.08		19.8687		102.601
20		0.5		558.4		19.8626		102.657
20		0.5		558.72		19.8655		102.718
20		0.5		559.04		19.8652		102.779
20		0.5		559.36		19.878		102.834
20		0.5		559.68		19.8792		102.889
20		0.5		560		19.8795		102.944
20		0.5		560.32		19.8872		103.005
20		0.5		560.64		19.8827		103.066
20		0.5		560.96		19.8845		103.129
20		0.5		561.28		19.886		103.191
20		0.5		561.6		19.883		103.248
20		0.5		561.92		19.8866		103.305
20		0.5		562.24		19.8871		103.359
20		0.5		562.56		19.8827		103.417
20		0.5		562.88		19.8767		103.482
20		0.5		563.2		19.8775		103.541
20		0.5		563.52		19.8838		103.602
20		0.5		563.84		19.8895		103.662
20		0.5		564.16		19.9007		103.723
20		0.5		564.48		19.8926		103.785
20		0.5		564.8		19.8855		103.844
20		0.5		565.12		19.882		103.907
20		0.5		565.44		19.8817		103.966
20		0.5		565.76		19.8954		104.03
20		0.5		566.08		19.8894		104.087
20		0.5		566.4		19.8969		104.147
20		0.5		566.72		19.8922		104.203
20		0.5		567.04		19.8941		104.26
20		0.5		567.36		19.8934		104.319
20		0.5		567.68		19.8989		104.382
20		0.5		568		19.9004		104.436
20		0.5		568.32		19.907		104.491
20		0.5		568.64		19.9117		104.549
20		0.5		568.96		19.9099		104.607
20		0.5		569.28		19.9059		104.664
20		0.5		569.6		19.9099		104.723
20		0.5		569.92		19.9252		104.782
20		0.5		570.24		19.9288		104.842
20		0.5		570.56		19.9357		104.901
20		0.5		570.88		19.9341		104.956
20		0.5		571.2		19.939		105.013
20		0.5		571.52		19.9378		105.07
20		0.5		571.84		19.9428		105.131
20		0.5		572.16		19.9345		105.188
20		0.5		572.48		19.9355		105.247
20		0.5		572.8		19.9343		105.308
20		0.5		573.12		19.929		105.365
20		0.5		573.44		19.9296		105.421
20		0.5		573.76		19.9313		105.477
20		0.5		574.08		19.9434		105.533
20		0.5		574.4		19.949		105.591
20		0.5		574.72		19.9518		105.652
20		0.5		575.04		19.9521		105.71
20		0.5		575.36		19.954		105.765
20		0.5		575.68		19.9495		105.824
20		0.5		576		19.9505		105.881
20		0.5		576.32		19.9353		105.94
20		0.5		576.64		19.9378		106.002
20		0.5		576.96		19.9229		106.065
20		0.5		577.28		19.9115		106.122
20		0.5		577.6		19.9004		106.18
20		0.5		577.92		19.8926		106.246
20		0.5		578.24		19.8943		106.307
20		0.5		578.56		19.885		106.367
20		0.5		578.88		19.8871		106.426
20		0.5		579.2		19.893		106.488
20		0.5		579.52		19.8867		106.544
20		0.5		579.84		19.888		106.6
20		0.5		580.16		19.8862		106.66
20		0.5		580.48		19.8891		106.714
20		0.5		580.8		19.8997		106.771
20		0.5		581.12		19.8894		106.832
20		0.5		581.44		19.8972		106.892
20		0.5		581.76		19.8928		106.952
20		0.5		582.08		19.8877		107.008
20		0.5		582.4		19.8817		107.068
20		0.5		582.72		19.87		107.126
20		0.5		583.04		19.8713		107.187
20		0.5		583.36		19.8779		107.248
20		0.5		583.68		19.8891		107.305
20		0.5		584		19.8829		107.369
20		0.5		584.32		19.8937		107.423
20		0.5		584.64		19.894		107.483
20		0.5		584.96		19.8958		107.538
20		0.5		585.28		19.8955		107.598
20		0.5		585.6		19.9032		107.656
20		0.5		585.92		19.9042		107.713
20		0.5		586.24		19.9049		107.773
20		0.5		586.56		19.9057		107.828
20		0.5		586.88		19.9107		107.885
20		0.5		587.2		19.9176		107.944
20		0.5		587.52		19.9069		108.003
20		0.5		587.84		19.9008		108.062
20		0.5		588.16		19.8962		108.122
20		0.5		588.48		19.8975		108.178
20		0.5		588.8		19.8963		108.235
20		0.5		589.12		19.9001		108.296
20		0.5		589.44		19.9003		108.354
20		0.5		589.76		19.9103		108.412
20		0.5		590.08		19.8994		108.476
20		0.5		590.4		19.9049		108.532
20		0.5		590.72		19.9067		108.589
20		0.5		591.04		19.9087		108.649
20		0.5		591.36		19.9146		108.704
20		0.5		591.68		19.9135		108.762
20		0.5		592		19.9104		108.815
20		0.5		592.32		19.9213		108.873
20		0.5		592.64		19.9185		108.932
20		0.5		592.96		19.9129		108.988
20		0.5		593.28		19.9139		109.048
20		0.5		593.6		19.9093		109.107
20		0.5		593.92		19.9063		109.167
20		0.5		594.24		19.9038		109.226
20		0.5		594.56		19.9012		109.288
20		0.5		594.88		19.9065		109.346
20		0.5		595.2		19.9113		109.406
20		0.5		595.52		19.9213		109.468
20		0.5		595.84		19.9307		109.523
20		0.5		596.16		19.9301		109.576
20		0.5		596.48		19.9415		109.635
20		0.5		596.8		19.9478		109.694
20		0.5		597.12		19.9486		109.754
20		0.5		597.44		19.9465		109.815
20		0.5		597.76		19.9522		109.872
20		0.5		598.08		19.9524		109.929
20		0.5		598.4		19.9462		109.988
20		0.5		598.72		19.9589		110.047
20		0.5		599.04		19.9471		110.109
20		0.5		599.36		19.9405		110.17
20		0.5		599.68		19.9376		110.228
20		0.5		600		19.9339		110.288
20		0.5		600.32		19.9367		110.347
20		0.5		600.64		19.9481		110.407
20		0.5		600.96		19.9482		110.465
20		0.5		601.28		19.947		110.527
20		0.5		601.6		19.9391		110.585
20		0.5		601.92		19.9326		110.641
20		0.5		602.24		19.9402		110.699
20		0.5		602.56		19.9401		110.761
20		0.5		602.88		19.9448		110.822
20		0.5		603.2		19.96		110.885
20		0.5		603.52		19.9689		110.946
20		0.5		603.84		19.9702		111.005
20		0.5		604.16		19.9645		111.068
20		0.5		604.48		19.9681		111.126
20		0.5		604.8		19.9581		111.188
20		0.5		605.12		19.9638		111.242
20		0.5		605.44		19.9701		111.301
20		0.5		605.76		19.9705		111.358
20		0.5		606.08		19.9699		111.417
20		0.5		606.4		19.9663		111.472
20		0.5		606.72		19.9696		111.529
20		0.5		607.04		19.974		111.584
20		0.5		607.36		19.9712		111.642
20		0.5		607.68		19.9719		111.701
20		0.5		608		19.9759		111.76
20		0.5		608.32		19.9713		111.821
20		0.5		608.64		19.9718		111.886
20		0.5		608.96		19.9614		111.939
20		0.5		609.28		19.969		112
20		0.5		609.6		19.9624		112.059
20		0.5		609.92		19.9568		112.12
20		0.5		610.24		19.9651		112.175
20		0.5		610.56		19.9652		112.234
20		0.5		610.88		19.9684		112.288
20		0.5		611.2		19.9643		112.345
20		0.5		611.52		19.9647		112.399
20		0.5		611.84		19.9783		112.458
20		0.5		612.16		19.9864		112.517
20		0.5		612.48		19.9789		112.578
20		0.5		612.8		19.9844		112.64
20		0.5		613.12		19.9802		112.699
20		0.5		613.44		19.9801		112.755
20		0.5		613.76		19.9794		112.808
20		0.5		614.08		19.9871		112.869
20		0.5		614.4		19.9735		112.928
20		0.5		614.72		19.972		112.988
20		0.5		615.04		19.972		113.049
20		0.5		615.36		19.966		113.109
20		0.5		615.68		19.9607		113.169
20		0.5		616		19.9619		113.228
20		0.5		616.32		19.9563		113.288
20		0.5		616.64		19.9486		113.343
20		0.5		616.96		19.9564		113.404
20		0.5		617.28		19.955		113.46
20		0.5		617.6		19.9465		113.519
20		0.5		617.92		19.9507		113.577
20		0.5		618.24		19.9502		113.631
20		0.5		618.56		19.9501		113.69
20		0.5		618.88		19.9424		113.75
20		0.5		619.2		19.952		113.805
20		0.5		619.52		19.9409		113.865
20		0.5		619.84		19.9325		113.923
20		0.5		620.16		19.9232		113.983
20		0.5		620.48		19.9213		114.042
20		0.5		620.8		19.9098		114.104
20		0.5		621.12		19.913		114.162
20		0.5		621.44		19.9117		114.217
20		0.5		621.76		19.9169		114.276
20		0.5		622.08		19.9172		114.333
20		0.5		622.4		19.9176		114.39
20		0.5		622.72		19.9161		114.449
20		0.5		623.04		19.9228		114.511
20		0.5		623.36		19.9206		114.568
20		0.5		623.68		19.9075		114.622
20		0.5		624		19.9137		114.678
20		0.5		624.32		19.9128		114.739
20		0.5		624.64		19.9102		114.798
20		0.5		624.96		19.9096		114.854
20		0.5		625.28		19.9091		114.913
20		0.5		625.6		19.9073		114.97
20		0.5		625.92		19.9025		115.023
20		0.5		626.24		19.8996		115.085
20		0.5		626.56		19.8896		115.142
20		0.5		626.88		19.8944		115.197
20		0.5		627.2		19.8929		115.258
20		0.5		627.52		19.8903		115.32
20		0.5		627.84		19.889		115.376
20		0.5		628.16		19.8878		115.435
20		0.5		628.48		19.8996		115.49
20		0.5		628.8		19.8963		115.551
20		0.5		629.12		19.8874		115.613
20		0.5		629.44		19.8892		115.672
20		0.5		629.76		19.8979		115.729
20		0.5		630.08		19.9018		115.789
20		0.5		630.4		19.8955		115.848
20		0.5		630.72		19.9047		115.906
20		0.5		631.04		19.9018		115.964
20		0.5		631.36		19.911		116.021
20		0.5		631.68		19.9095		116.077
20		0.5		632		19.9043		116.137
20		0.5		632.32		19.899		116.194
20		0.5		632.64		19.8991		116.25
20		0.5		632.96		19.8998		116.306
20		0.5		633.28		19.9008		116.366
20		0.5		633.6		19.9022		116.429
20		0.5		633.92		19.9135		116.488
20		0.5		634.24		19.9207		116.546
20		0.5		634.56		19.9235		116.605
20		0.5		634.88		19.9267		116.658
20		0.5		635.2		19.9242		116.713
20		0.5		635.52		19.9283		116.774
20		0.5		635.84		19.9268		116.834
20		0.5		636.16		19.93		116.902
20		0.5		636.48		19.9345		116.963
20		0.5		636.8		19.9318		117.021
20		0.5		637.12		19.9282		117.078
20		0.5		637.44		19.9303		117.138
20		0.5		637.76		19.9391		117.198
20		0.5		638.08		19.9327		117.26
20		0.5		638.4		19.9228		117.319
20		0.5		638.72		19.9315		117.378
20		0.5		639.04		19.9334		117.431
20		0.5		639.36		19.9433		117.494
20		0.5		639.68		19.9433		117.548
20		0.5		640		19.9415		117.612
20		0.5		640.32		19.939		117.668
20		0.5		640.64		19.9368		117.721
20		0.5		640.96		19.935		117.776
20		0.5		641.28		19.9249		117.837
20		0.5		641.6		19.9238		117.894
20		0.5		641.92		19.9233		117.949
20		0.5		642.24		19.9268		118.011
20		0.5		642.56		19.9168		118.072
20		0.5		642.88		19.9166		118.134
20		0.5		643.2		19.9202		118.192
20		0.5		643.52		19.9277		118.25
20		0.5		643.84		19.9312		118.309
20		0.5		644.16		19.92		118.362
20		0.5		644.48		19.9169		118.421
20		0.5		644.8		19.9046		118.473
20		0.5		645.12		19.9082		118.533
20		0.5		645.44		19.9145		118.592
20		0.5		645.76		19.9038		118.652
20		0.5		646.08		19.9019		118.708
20		0.5		646.4		19.9005		118.772
20		0.5		646.72		19.9059		118.836
20		0.5		647.04		19.8961		118.892
20		0.5		647.36		19.8919		118.949
20		0.5		647.68		19.8949		119.01
20		0.5		648		19.8952		119.071
20		0.5		648.32		19.8988		119.13
20		0.5		648.64		19.9		119.181
20		0.5		648.96		19.8997		119.239
20		0.5		649.28		19.8992		119.295
20		0.5		649.6		19.9031		119.358
20		0.5		649.92		19.9039		119.417
20		0.5		650.24		19.9148		119.479
20		0.5		650.56		19.9067		119.536
20		0.5		650.88		19.9152		119.59
20		0.5		651.2		19.9248		119.651
20		0.5		651.52		19.9261		119.71
20		0.5		651.84		19.9083		119.767
20		0.5		652.16		19.8996		119.824
20		0.5		652.48		19.8914		119.883
20		0.5		652.8		19.8907		119.942
20		0.5		653.12		19.8858		120.003
20		0.5		653.44		19.8882		120.06
20		0.5		653.76		19.8945		120.118
20		0.5		654.08		19.8951		120.177
20		0.5		654.4		19.896		120.236
20		0.5		654.72		19.8916		120.292
20		0.5		655.04		19.8965		120.349
20		0.5		655.36		19.8913		120.403
20		0.5		655.68		19.8983		120.463
20		0.5		656		19.9007		120.524
20		0.5		656.32		19.8858		120.583
20		0.5		656.64		19.8888		120.641
20		0.5		656.96		19.8896		120.696
20		0.5		657.28		19.8905		120.755
20		0.5		657.6		19.8872		120.817
20		0.5		657.92		19.8831		120.872
20		0.5		658.24		19.8796		120.932
20		0.5		658.56		19.8755		120.991
20		0.5		658.88		19.8728		121.049
20		0.5		659.2		19.8735		121.11
20		0.5		659.52		19.8747		121.17
20		0.5		659.84		19.8664		121.228
20		0.5		660.16		19.8675		121.289
20		0.5		660.48		19.8672		121.348
20		0.5		660.8		19.8619		121.402
20		0.5		661.12		19.8613		121.462
20		0.5		661.44		19.8586		121.514
20		0.5		661.76		19.8726		121.569
20		0.5		662.08		19.8641		121.626
20		0.5		662.4		19.857		121.684
20		0.5		662.72		19.8535		121.741
20		0.5		663.04		19.8654		121.803
20		0.5		663.36		19.8615		121.861
20		0.5		663.68		19.8615		121.914
20		0.5		664		19.86		121.971
20		0.5		664.32		19.857		122.03
20		0.5		664.64		19.8412		122.086
20		0.5		664.96		19.8418		122.146
20		0.5		665.28		19.8281		122.206
20		0.5		665.6		19.8221		122.266
20		0.5		665.92		19.83		122.319
20		0.5		666.24		19.8308		122.377
20		0.5		666.56		19.8169		122.438
20		0.5		666.88		19.8006		122.499
20		0.5		667.2		19.8076		122.559
20		0.5		667.52		19.8087		122.616
20		0.5		667.84		19.8112		122.672
20		0.5		668.16		19.8127		122.726
20		0.5		668.48		19.8083		122.785
20		0.5		668.8		19.7961		122.842
20		0.5		669.12		19.7996		122.9
20		0.5		669.44		19.7956		122.959
20		0.5		669.76		19.7906		123.019
20		0.5		670.08		19.7875		123.076
20		0.5		670.4		19.7971		123.138
20		0.5		670.72		19.7985		123.196
20		0.5		671.04		19.7922		123.254
20		0.5		671.36		19.7874		123.314
20		0.5		671.68		19.7855		123.372
20		0.5		672		19.7856		123.428
20		0.5		672.32		19.796		123.488
20		0.5		672.64		19.8062		123.551
20		0.5		672.96		19.8083		123.613
20		0.5		673.28		19.8051		123.674
20		0.5		673.6		19.8021		123.737
20		0.5		673.92		19.7985		123.795
20		0.5		674.24		19.7973		123.853
20		0.5		674.56		19.7997		123.904
20		0.5		674.88		19.7929		123.963
20		0.5		675.2		19.7877		124.02
20		0.5		675.52		19.7841		124.076
20		0.5		675.84		19.7797		124.138
20		0.5		676.16		19.7736		124.2
20		0.5		676.48		19.7746		124.26
20		0.5		676.8		19.7751		124.32
20		0.5		677.12		19.7845		124.38
20		0.5		677.44		19.7838		124.439
20		0.5		677.76		19.7936		124.5
20		0.5		678.08		19.7975		124.556
20		0.5		678.4		19.7972		124.616
20		0.5		678.72		19.789		124.669
20		0.5		679.04		19.7864		124.728
20		0.5		679.36		19.781		124.781
20		0.5		679.68		19.7692		124.844
20		0.5		680		19.7659		124.907
20		0.5		680.32		19.7696		124.968
20		0.5		680.64		19.7738		125.026
20		0.5		680.96		19.7714		125.088
20		0.5		681.28		19.7772		125.15
20		0.5		681.6		19.7837		125.207
20		0.5		681.92		19.7802		125.268
20		0.5		682.24		19.7823		125.322
20		0.5		682.56		19.7735		125.374
20		0.5		682.88		19.7711		125.435
20		0.5		683.2		19.7775		125.492
20		0.5		683.52		19.7789		125.546
20		0.5		683.84		19.779		125.604
20		0.5		684.16		19.7803		125.661
20		0.5		684.48		19.7746		125.719
20		0.5		684.8		19.7782		125.777
20		0.5		685.12		19.7842		125.835
20		0.5		685.44		19.7872		125.894
20		0.5		685.76		19.7905		125.951
20		0.5		686.08		19.7895		126.003
20		0.5		686.4		19.7742		126.059
20		0.5		686.72		19.7763		126.12
20		0.5		687.04		19.7821		126.181
20		0.5		687.36		19.7765		126.236
20		0.5		687.68		19.7727		126.297
20		0.5		688		19.7761		126.354
20		0.5		688.32		19.7727		126.416
20		0.5		688.64		19.7677		126.472
20		0.5		688.96		19.7681		126.531
20		0.5		689.28		19.7745		126.589
20		0.5		689.6		19.769		126.647
20		0.5		689.92		19.7754		126.706
20		0.5		690.24		19.7828		126.765
20		0.5		690.56		19.7806		126.828
20		0.5		690.88		19.7805		126.882
20		0.5		691.2		19.7794		126.945
20		0.5		691.52		19.7724		126.996
20		0.5		691.84		19.7772		127.056
20		0.5		692.16		19.7792		127.113
20		0.5		692.48		19.7786		127.171
20		0.5		692.8		19.785		127.229
20		0.5		693.12		19.7831		127.29
20		0.5		693.44		19.7897		127.35
20		0.5		693.76		19.7902		127.409
20		0.5		694.08		19.7916		127.468
20		0.5		694.4		19.7924		127.53
20		0.5		694.72		19.8074		127.585
20		0.5		695.04		19.7993		127.646
20		0.5		695.36		19.7988		127.702
20		0.5		695.68		19.7925		127.764
20		0.5		696		19.7987		127.821
20		0.5		696.32		19.7942		127.88
20		0.5		696.64		19.8006		127.938
20		0.5		696.96		19.8064		128.002
20		0.5		697.28		19.8075		128.054
20		0.5		697.6		19.8066		128.112
20		0.5		697.92		19.8025		128.167
20		0.5		698.24		19.8029		128.228
20		0.5		698.56		19.7986		128.287
20		0.5		698.88		19.8045		128.346
20		0.5		699.2		19.8088		128.401
20		0.5		699.52		19.8107		128.458
20		0.5		699.84		19.8189		128.515
20		0.5		700.16		19.8157		128.574
20		0.5		700.48		19.8187		128.631
20		0.5		700.8		19.8105		128.691
20		0.5		701.12		19.813		128.753
20		0.5		701.44		19.8109		128.81
20		0.5		701.76		19.8021		128.869
20		0.5		702.08		19.7938		128.928
20		0.5		702.4		19.7994		128.989
20		0.5		702.72		19.798		129.051
20		0.5		703.04		19.7919		129.108
20		0.5		703.36		19.79		129.162
20		0.5		703.68		19.7887		129.219
20		0.5		704		19.7887		129.278
20		0.5		704.32		19.7851		129.338
20		0.5		704.64		19.7855		129.397
20		0.5		704.96		19.7831		129.457
20		0.5		705.28		19.7854		129.519
20		0.5		705.6		19.7877		129.58
20		0.5		705.92		19.7853		129.635
20		0.5		706.24		19.7847		129.691
20		0.5		706.56		19.7781		129.748
20		0.5		706.88		19.7669		129.807
20		0.5		707.2		19.7637		129.87
20		0.5		707.52		19.7697		129.935
20		0.5		707.84		19.7801		130
20		0.5		708.16		19.7828		130.063
20		0.5		708.48		19.7848		130.118
20		0.5		708.8		19.7883		130.179
20		0.5		709.12		19.7947		130.241
20		0.5		709.44		19.7868		130.301
20		0.5		709.76		19.7959		130.364
20		0.5		710.08		19.8031		130.426
20		0.5		710.4		19.8066		130.484
20		0.5		710.72		19.8092		130.542
20		0.5		711.04		19.8169		130.597
20		0.5		711.36		19.8205		130.655
20		0.5		711.68		19.8242		130.713
20		0.5		712		19.8329		130.771
20		0.5		712.32		19.8268		130.829
20		0.5		712.64		19.8289		130.89
20		0.5		712.96		19.8229		130.95
20		0.5		713.28		19.8206		131.01
20		0.5		713.6		19.8078		131.066
20		0.5		713.92		19.8076		131.126
20		0.5		714.24		19.8022		131.188
20		0.5		714.56		19.7991		131.246
20		0.5		714.88		19.8023		131.306
20		0.5		715.2		19.809		131.368
20		0.5		715.52		19.8058		131.427
20		0.5		715.84		19.8056		131.486
20		0.5		716.16		19.8014		131.546
20		0.5		716.48		19.7965		131.604
20		0.5		716.8		19.794		131.657
20		0.5		717.12		19.791		131.718
20		0.5		717.44		19.7955		131.779
20		0.5		717.76		19.7986		131.839
20		0.5		718.08		19.7993		131.899
20		0.5		718.4		19.8004		131.959
20		0.5		718.72		19.8037		132.02
20		0.5		719.04		19.7948		132.078
20		0.5		719.36		19.7965		132.139
20		0.5		719.68		19.791		132.199
20		0.5		720		19.7893		132.254
20		0.5		720.32		19.7807		132.32
20		0.5		720.64		19.7765		132.383
20		0.5		720.96		19.7649		132.441
20		0.5		721.28		19.7618		132.501
20		0.5		721.6		19.7696		132.558
20		0.5		721.92		19.7802		132.621
20		0.5		722.24		19.7727		132.678
20		0.5		722.56		19.77		132.733
20		0.5		722.88		19.7723		132.789
20		0.5		723.2		19.7662		132.845
20		0.5		723.52		19.7673		132.903
20		0.5		723.84		19.7714		132.962
20		0.5		724.16		19.7823		133.016
20		0.5		724.48		19.7786		133.074
20		0.5		724.8		19.7793		133.127
20		0.5		725.12		19.7775		133.186
20		0.5		725.44		19.7854		133.247
20		0.5		725.76		19.7836		133.305
20		0.5		726.08		19.7812		133.363
20		0.5		726.4		19.7756		133.418
20		0.5		726.72		19.7743		133.476
20		0.5		727.04		19.7668		133.531
20		0.5		727.36		19.7631		133.589
20		0.5		727.68		19.7709		133.645
20		0.5		728		19.7686		133.709
20		0.5		728.32		19.7577		133.771
20		0.5		728.64		19.7489		133.83
20		0.5		728.96		19.7513		133.886
20		0.5		729.28		19.7495		133.95
20		0.5		729.6		19.7423		134.014
20		0.5		729.92		19.7463		134.072
20		0.5		730.24		19.7466		134.13
20		0.5		730.56		19.7339		134.186
20		0.5		730.88		19.7358		134.247
20		0.5		731.2		19.733		134.31
20		0.5		731.52		19.7199		134.363
20		0.5		731.84		19.7173		134.415
20		0.5		732.16		19.7107		134.472
20		0.5		732.48		19.7098		134.527
20		0.5		732.8		19.703		134.583
20		0.5		733.12		19.6888		134.645
20		0.5		733.44		19.6911		134.699
20		0.5		733.76		19.6899		134.759
20		0.5		734.08		19.6991		134.816
20		0.5		734.4		19.7033		134.878
20		0.5		734.72		19.6993		134.931
20		0.5		735.04		19.712		134.989
20		0.5		735.36		19.709		135.046
20		0.5		735.68		19.7219		135.103
20		0.5		736		19.7302		135.162
20		0.5		736.32		19.738		135.219
20		0.5		736.64		19.7394		135.276
20		0.5		736.96		19.7392		135.331
20		0.5		737.28		19.7373		135.392
20		0.5		737.6		19.7323		135.453
20		0.5		737.92		19.7365		135.512
20		0.5		738.24		19.7321		135.571
20		0.5		738.56		19.7281		135.628
20		0.5		738.88		19.7363		135.682
20		0.5		739.2		19.7293		135.746
20		0.5		739.52		19.7298		135.807
20		0.5		739.84		19.7316		135.865
20		0.5		740.16		19.721		135.927
20		0.5		740.48		19.7206		135.989
20		0.5		740.8		19.7233		136.049
20		0.5		741.12		19.7264		136.109
20		0.5		741.44		19.728		136.171
20		0.5		741.76		19.736		136.232
20		0.5		742.08		19.7343		136.293
20		0.5		742.4		19.7276		136.35
20		0.5		742.72		19.7317		136.404
20		0.5		743.04		19.7272		136.467
20		0.5		743.36		19.72		136.522
20		0.5		743.68		19.7217		136.584
20		0.5		744		19.712		136.644
20		0.5		744.32		19.7052		136.704
20		0.5		744.64		19.7004		136.764
20		0.5		744.96		19.7011		136.825
20		0.5		745.28		19.7038		136.878
20		0.5		745.6		19.7142		136.937
20		0.5		745.92		19.7075		136.992
20		0.5		746.24		19.7099		137.049
20		0.5		746.56		19.7031		137.106
20		0.5		746.88		19.6923		137.169
20		0.5		747.2		19.6895		137.228
20		0.5		747.52		19.6931		137.287
20		0.5		747.84		19.6946		137.342
20		0.5		748.16		19.6906		137.403
20		0.5		748.48		19.6972		137.46
20		0.5		748.8		19.6956		137.512
20		0.5		749.12		19.6958		137.569
20		0.5		749.44		19.6943		137.63
20		0.5		749.76		19.6957		137.69
20		0.5		750.08		19.6888		137.748
20		0.5		750.4		19.6859		137.806
20		0.5		750.72		19.6946		137.863
20		0.5		751.04		19.6932		137.922
20		0.5		751.36		19.6953		137.986
20		0.5		751.68		19.6954		138.047
20		0.5		752		19.6851		138.106
20		0.5		752.32		19.6908		138.171
20		0.5		752.64		19.6908		138.229
20		0.5		752.96		19.6886		138.286
20		0.5		753.28		19.6923		138.344
20		0.5		753.6		19.6925		138.403
20		0.5		753.92		19.7001		138.459
20		0.5		754.24		19.6947		138.523
20		0.5		754.56		19.6868		138.583
20		0.5		754.88		19.6859		138.646
20		0.5		755.2		19.6746		138.704
20		0.5		755.52		19.6756		138.766
20		0.5		755.84		19.6708		138.829
20		0.5		756.16		19.678		138.889
20		0.5		756.48		19.675		138.949
20		0.5		756.8		19.6782		139.011
20		0.5		757.12		19.6676		139.074
20		0.5		757.44		19.6691		139.135
20		0.5		757.76		19.6709		139.196
20		0.5		758.08		19.6667		139.255
20		0.5		758.4		19.6596		139.315
20		0.5		758.72		19.6596		139.376
20		0.5		759.04		19.6605		139.431
20		0.5		759.36		19.6606		139.488
20		0.5		759.68		19.6654		139.539
20		0.5		760		19.6673		139.6
20		0.5		760.32		19.6598		139.657
20		0.5		760.64		19.6609		139.708
20		0.5		760.96		19.6592		139.766
20		0.5		761.28		19.6534		139.826
20		0.5		761.6		19.6569		139.887
20		0.5		761.92		19.66		139.941
20		0.5		762.24		19.6685		140.003
20		0.5		762.56		19.6712		140.063
20		0.5		762.88		19.6654		140.119
20		0.5		763.2		19.6695		140.175
20		0.5		763.52		19.664		140.232
20		0.5		763.84		19.6599		140.294
20		0.5		764.16		19.6539		140.349
20		0.5		764.48		19.6556		140.411
20		0.5		764.8		19.6594		140.468
20		0.5		765.12		19.6608		140.528
20		0.5		765.44		19.6637		140.583
20		0.5		765.76		19.6616		140.643
20		0.5		766.08		19.6502		140.702
20		0.5		766.4		19.6504		140.761
20		0.5		766.72		19.6483		140.818
20		0.5		767.04		19.6367		140.877
20		0.5		767.36		19.6281		140.936
20		0.5		767.68		19.6356		140.996
20		0.5		768		19.6336		141.052
20		0.5		768.32		19.6378		141.111
20		0.5		768.64		19.6345		141.17
20		0.5		768.96		19.6369		141.234
20		0.5		769.28		19.6386		141.294
20		0.5		769.6		19.6394		141.35
20		0.5		769.92		19.6378		141.406
20		0.5		770.24		19.634		141.465
20		0.5		770.56		19.6272		141.522
20		0.5		770.88		19.6278		141.581
20		0.5		771.2		19.6171		141.636
20		0.5		771.52		19.6125		141.697
20		0.5		771.84		19.622		141.756
20		0.5		772.16		19.6274		141.815
20		0.5		772.48		19.6244		141.877
20		0.5		772.8		19.6151		141.934
20		0.5		773.12		19.6125		141.997
20		0.5		773.44		19.6109		142.054
20		0.5		773.76		19.6182		142.117
20		0.5		774.08		19.6269		142.174
20		0.5		774.4		19.6332		142.23
20		0.5		774.72		19.6348		142.29
20		0.5		775.04		19.6406		142.35
20		0.5		775.36		19.6391		142.411
20		0.5		775.68		19.6437		142.465
20		0.5		776		19.6435		142.525
20		0.5		776.32		19.6408		142.584
20		0.5		776.64		19.6255		142.643
20		0.5		776.96		19.6418		142.708
20		0.5		777.28		19.6449		142.764
20		0.5		777.6		19.6439		142.826
20		0.5		777.92		19.6426		142.885
20		0.5		778.24		19.6407		142.945
20		0.5		778.56		19.6437		143.002
20		0.5		778.88		19.6448		143.064
20		0.5		779.2		19.6477		143.125
20		0.5		779.52		19.6448		143.181
20		0.5		779.84		19.6516		143.238
20		0.5		780.16		19.6536		143.296
20		0.5		780.48		19.6595		143.354
20		0.5		780.8		19.6689		143.414
20		0.5		781.12		19.6697		143.475
20		0.5		781.44		19.6739		143.537
20		0.5		781.76		19.6775		143.6
20		0.5		782.08		19.6729		143.661
20		0.5		782.4		19.6818		143.723
20		0.5		782.72		19.6734		143.785
20		0.5		783.04		19.6696		143.846
20		0.5		783.36		19.67		143.904
20		0.5		783.68		19.6633		143.963
20		0.5		784		19.6653		144.021
20		0.5		784.32		19.6615		144.078
20		0.5		784.64		19.6705		144.134
20		0.5		784.96		19.6722		144.191
20		0.5		785.28		19.6718		144.247
20		0.5		785.6		19.6635		144.309
20		0.5		785.92		19.6664		144.368
20		0.5		786.24		19.6615		144.425
20		0.5		786.56		19.6653		144.483
20		0.5		786.88		19.6617		144.543
20		0.5		787.2		19.6604		144.603
20		0.5		787.52		19.668		144.661
20		0.5		787.84		19.6669		144.723
20		0.5		788.16		19.6741		144.783
20		0.5		788.48		19.6786		144.842
20		0.5		788.8		19.6707		144.903
20		0.5		789.12		19.6741		144.965
20		0.5		789.44		19.6705		145.028
20		0.5		789.76		19.6761		145.083
20		0.5		790.08		19.6763		145.147
20		0.5		790.4		19.6712		145.2
20		0.5		790.72		19.6701		145.259
20		0.5		791.04		19.6763		145.319
20		0.5		791.36		19.668		145.377
20		0.5		791.68		19.6613		145.435
20		0.5		792		19.6708		145.491
20		0.5		792.32		19.6854		145.551
20		0.5		792.64		19.6996		145.612
20		0.5		792.96		19.7209		145.67
20		0.5		793.28		19.7225		145.741
20		0.5		793.6		19.7222		145.804
20		0.5		793.92		19.7302		145.869
20		0.5		794.24		19.7355		145.932
20		0.5		794.56		19.7374		145.995
20		0.5		794.88		19.7387		146.061
20		0.5		795.083		19.732		146.1
