#########################################################################
#Electron Drift Line StepTime=0.32us at rIN=20cm				#
#rIN_cm		zIN_cm		DriftTimeIN_us	rOUT_cm		z_OUT_cm#
#########################################################################
20		0.5		0.32		19.996		0.558399
20		0.5		0.64		20.0005		0.619021
20		0.5		0.96		20.0012		0.677612
20		0.5		1.28		20.0043		0.733729
20		0.5		1.6		20.0026		0.794603
20		0.5		1.92		19.995		0.857557
20		0.5		2.24		19.9961		0.918554
20		0.5		2.56		19.9995		0.977001
20		0.5		2.88		20.002		1.03036
20		0.5		3.2		20.0078		1.09328
20		0.5		3.52		20.0136		1.15116
20		0.5		3.84		20.0243		1.20913
20		0.5		4.16		20.0312		1.2676
20		0.5		4.48		20.0338		1.32529
20		0.5		4.8		20.0407		1.38242
20		0.5		5.12		20.0435		1.44405
20		0.5		5.44		20.0484		1.49746
20		0.5		5.76		20.0408		1.55438
20		0.5		6.08		20.0386		1.60914
20		0.5		6.4		20.0489		1.66672
20		0.5		6.72		20.0523		1.72285
20		0.5		7.04		20.0526		1.77638
20		0.5		7.36		20.0566		1.83768
20		0.5		7.68		20.0592		1.89752
20		0.5		8		20.0575		1.95748
20		0.5		8.32		20.0725		2.01409
20		0.5		8.64		20.0812		2.06602
20		0.5		8.96		20.0866		2.12883
20		0.5		9.28		20.0867		2.18842
20		0.5		9.6		20.0885		2.24913
20		0.5		9.92		20.088		2.30758
20		0.5		10.24		20.0907		2.35859
20		0.5		10.56		20.0945		2.41342
20		0.5		10.88		20.0993		2.47097
20		0.5		11.2		20.0988		2.52808
20		0.5		11.52		20.0982		2.58871
20		0.5		11.84		20.0957		2.64494
20		0.5		12.16		20.0977		2.70175
20		0.5		12.48		20.0959		2.76034
20		0.5		12.8		20.0892		2.82634
20		0.5		13.12		20.0796		2.88537
20		0.5		13.44		20.0787		2.94895
20		0.5		13.76		20.077		3.00741
20		0.5		14.08		20.0703		3.06609
20		0.5		14.4		20.0716		3.12496
20		0.5		14.72		20.0754		3.18546
20		0.5		15.04		20.0827		3.24453
20		0.5		15.36		20.086		3.30553
20		0.5		15.68		20.0791		3.36631
20		0.5		16		20.0838		3.42323
20		0.5		16.32		20.0777		3.47954
20		0.5		16.64		20.0817		3.53653
20		0.5		16.96		20.0807		3.59319
20		0.5		17.28		20.0898		3.651
20		0.5		17.6		20.0853		3.70783
20		0.5		17.92		20.0823		3.76506
20		0.5		18.24		20.0887		3.8212
20		0.5		18.56		20.0962		3.8822
20		0.5		18.88		20.0915		3.94059
20		0.5		19.2		20.0904		3.99543
20		0.5		19.52		20.0961		4.05046
20		0.5		19.84		20.1005		4.1113
20		0.5		20.16		20.0893		4.16479
20		0.5		20.48		20.0942		4.22788
20		0.5		20.8		20.0886		4.2858
20		0.5		21.12		20.0906		4.34398
20		0.5		21.44		20.0948		4.40504
20		0.5		21.76		20.0959		4.46107
20		0.5		22.08		20.1017		4.51849
20		0.5		22.4		20.1022		4.57543
20		0.5		22.72		20.1065		4.63792
20		0.5		23.04		20.0989		4.69451
20		0.5		23.36		20.0827		4.74994
20		0.5		23.68		20.0807		4.80668
20		0.5		24		20.0823		4.8646
20		0.5		24.32		20.0671		4.91772
20		0.5		24.64		20.0726		4.97674
20		0.5		24.96		20.0766		5.03568
20		0.5		25.28		20.0899		5.0951
20		0.5		25.6		20.101		5.15332
20		0.5		25.92		20.1044		5.21084
20		0.5		26.24		20.1241		5.26914
20		0.5		26.56		20.1261		5.32913
20		0.5		26.88		20.124		5.38676
20		0.5		27.2		20.112		5.44284
20		0.5		27.52		20.1097		5.49936
20		0.5		27.84		20.109		5.55422
20		0.5		28.16		20.108		5.61389
20		0.5		28.48		20.1119		5.6691
20		0.5		28.8		20.1203		5.73501
20		0.5		29.12		20.1156		5.79326
20		0.5		29.44		20.111		5.85303
20		0.5		29.76		20.109		5.91264
20		0.5		30.08		20.1052		5.97221
20		0.5		30.4		20.1031		6.02821
20		0.5		30.72		20.1032		6.0825
20		0.5		31.04		20.0994		6.13957
20		0.5		31.36		20.0954		6.1972
20		0.5		31.68		20.0809		6.25281
20		0.5		32		20.0867		6.31353
20		0.5		32.32		20.0897		6.3681
20		0.5		32.64		20.082		6.42704
20		0.5		32.96		20.0773		6.48678
20		0.5		33.28		20.0767		6.54508
20		0.5		33.6		20.0731		6.60232
20		0.5		33.92		20.0783		6.65972
20		0.5		34.24		20.07		6.71445
20		0.5		34.56		20.0852		6.77659
20		0.5		34.88		20.0915		6.83963
20		0.5		35.2		20.0858		6.89887
20		0.5		35.52		20.0914		6.95983
20		0.5		35.84		20.0978		7.01943
20		0.5		36.16		20.0948		7.07917
20		0.5		36.48		20.0999		7.13488
20		0.5		36.8		20.0998		7.19513
20		0.5		37.12		20.1005		7.25367
20		0.5		37.44		20.0971		7.30953
20		0.5		37.76		20.0947		7.37015
20		0.5		38.08		20.0962		7.42998
20		0.5		38.4		20.1035		7.49565
20		0.5		38.72		20.1065		7.55464
20		0.5		39.04		20.101		7.61446
20		0.5		39.36		20.0992		7.67289
20		0.5		39.68		20.104		7.73293
20		0.5		40		20.1069		7.79346
20		0.5		40.32		20.1094		7.84808
20		0.5		40.64		20.1175		7.90754
20		0.5		40.96		20.1186		7.96666
20		0.5		41.28		20.1232		8.03099
20		0.5		41.6		20.1247		8.09026
20		0.5		41.92		20.126		8.14802
20		0.5		42.24		20.1364		8.20707
20		0.5		42.56		20.1384		8.26496
20		0.5		42.88		20.1439		8.31991
20		0.5		43.2		20.1387		8.37538
20		0.5		43.52		20.1376		8.43095
20		0.5		43.84		20.14		8.48959
20		0.5		44.16		20.1364		8.55174
20		0.5		44.48		20.1344		8.60938
20		0.5		44.8		20.1405		8.67165
20		0.5		45.12		20.1483		8.72975
20		0.5		45.44		20.1529		8.794
20		0.5		45.76		20.1569		8.84816
20		0.5		46.08		20.1508		8.90784
20		0.5		46.4		20.1521		8.96182
20		0.5		46.72		20.1643		9.0176
20		0.5		47.04		20.164		9.07106
20		0.5		47.36		20.1692		9.13216
20		0.5		47.68		20.1703		9.19006
20		0.5		48		20.1716		9.24459
20		0.5		48.32		20.1752		9.30386
20		0.5		48.64		20.1623		9.36526
20		0.5		48.96		20.1591		9.42018
20		0.5		49.28		20.1652		9.4796
20		0.5		49.6		20.1601		9.54047
20		0.5		49.92		20.158		9.60053
20		0.5		50.24		20.1537		9.66061
20		0.5		50.56		20.1533		9.71206
20		0.5		50.88		20.1574		9.77053
20		0.5		51.2		20.1571		9.83159
20		0.5		51.52		20.168		9.89018
20		0.5		51.84		20.1696		9.94715
20		0.5		52.16		20.1754		10.0083
20		0.5		52.48		20.1732		10.067
20		0.5		52.8		20.1689		10.1222
20		0.5		53.12		20.1787		10.1853
20		0.5		53.44		20.178		10.2403
20		0.5		53.76		20.1861		10.3031
20		0.5		54.08		20.1874		10.3593
20		0.5		54.4		20.188		10.4215
20		0.5		54.72		20.1913		10.4763
20		0.5		55.04		20.1953		10.5341
20		0.5		55.36		20.198		10.5919
20		0.5		55.68		20.1904		10.6504
20		0.5		56		20.1833		10.7051
20		0.5		56.32		20.1855		10.7633
20		0.5		56.64		20.1801		10.8263
20		0.5		56.96		20.1747		10.8849
20		0.5		57.28		20.176		10.9425
20		0.5		57.6		20.1678		11
20		0.5		57.92		20.1708		11.061
20		0.5		58.24		20.1813		11.1225
20		0.5		58.56		20.1744		11.1818
20		0.5		58.88		20.1746		11.238
20		0.5		59.2		20.1792		11.2976
20		0.5		59.52		20.1823		11.3604
20		0.5		59.84		20.1823		11.4198
20		0.5		60.16		20.1846		11.4759
20		0.5		60.48		20.1742		11.5291
20		0.5		60.8		20.1672		11.5856
20		0.5		61.12		20.1566		11.6427
20		0.5		61.44		20.1474		11.6994
20		0.5		61.76		20.1585		11.7529
20		0.5		62.08		20.1587		11.8144
20		0.5		62.4		20.1599		11.8721
20		0.5		62.72		20.17		11.9345
20		0.5		63.04		20.1702		11.9932
20		0.5		63.36		20.1748		12.0492
20		0.5		63.68		20.1685		12.1086
20		0.5		64		20.1733		12.1675
20		0.5		64.32		20.1768		12.2253
20		0.5		64.64		20.182		12.2886
20		0.5		64.96		20.1794		12.3493
20		0.5		65.28		20.178		12.4065
20		0.5		65.6		20.1832		12.4653
20		0.5		65.92		20.1822		12.5249
20		0.5		66.24		20.1789		12.5857
20		0.5		66.56		20.1875		12.6432
20		0.5		66.88		20.1832		12.7065
20		0.5		67.2		20.1814		12.7649
20		0.5		67.52		20.1897		12.8224
20		0.5		67.84		20.1909		12.8786
20		0.5		68.16		20.1842		12.9398
20		0.5		68.48		20.1867		12.9985
20		0.5		68.8		20.1822		13.0612
20		0.5		69.12		20.1882		13.1161
20		0.5		69.44		20.1788		13.1754
20		0.5		69.76		20.1814		13.2285
20		0.5		70.08		20.183		13.2867
20		0.5		70.4		20.1912		13.3433
20		0.5		70.72		20.193		13.4026
20		0.5		71.04		20.202		13.4637
20		0.5		71.36		20.1957		13.5197
20		0.5		71.68		20.2062		13.5793
20		0.5		72		20.2031		13.6388
20		0.5		72.32		20.2172		13.6982
20		0.5		72.64		20.216		13.7518
20		0.5		72.96		20.2201		13.8119
20		0.5		73.28		20.2139		13.8674
20		0.5		73.6		20.2118		13.9269
20		0.5		73.92		20.2137		13.9826
20		0.5		74.24		20.2075		14.0399
20		0.5		74.56		20.2078		14.0948
20		0.5		74.88		20.2027		14.1524
20		0.5		75.2		20.1983		14.2118
20		0.5		75.52		20.1974		14.2716
20		0.5		75.84		20.195		14.3244
20		0.5		76.16		20.1892		14.3805
20		0.5		76.48		20.1838		14.4391
20		0.5		76.8		20.174		14.4947
20		0.5		77.12		20.1821		14.5535
20		0.5		77.44		20.1731		14.6108
20		0.5		77.76		20.1832		14.6665
20		0.5		78.08		20.1863		14.7234
20		0.5		78.4		20.1871		14.7842
20		0.5		78.72		20.1919		14.8496
20		0.5		79.04		20.2023		14.9079
20		0.5		79.36		20.2026		14.9665
20		0.5		79.68		20.197		15.0265
20		0.5		80		20.2007		15.0851
20		0.5		80.32		20.2036		15.1468
20		0.5		80.64		20.2037		15.2026
20		0.5		80.96		20.2003		15.2623
20		0.5		81.28		20.1966		15.317
20		0.5		81.6		20.1906		15.3782
20		0.5		81.92		20.192		15.4347
20		0.5		82.24		20.1901		15.4944
20		0.5		82.56		20.1903		15.5556
20		0.5		82.88		20.1839		15.6113
20		0.5		83.2		20.1761		15.6711
20		0.5		83.52		20.1756		15.7315
20		0.5		83.84		20.1719		15.7891
20		0.5		84.16		20.1771		15.8457
20		0.5		84.48		20.1842		15.9055
20		0.5		84.8		20.1871		15.9588
20		0.5		85.12		20.1936		16.0199
20		0.5		85.44		20.197		16.0779
20		0.5		85.76		20.2045		16.1372
20		0.5		86.08		20.2041		16.1939
20		0.5		86.4		20.2037		16.2539
20		0.5		86.72		20.2179		16.3103
20		0.5		87.04		20.2186		16.3676
20		0.5		87.36		20.215		16.4304
20		0.5		87.68		20.2118		16.4857
20		0.5		88		20.215		16.5442
20		0.5		88.32		20.2105		16.6037
20		0.5		88.64		20.2073		16.6609
20		0.5		88.96		20.2085		16.7185
20		0.5		89.28		20.2158		16.7828
20		0.5		89.6		20.2179		16.8388
20		0.5		89.92		20.2204		16.8976
20		0.5		90.24		20.2231		16.9551
20		0.5		90.56		20.236		17.0122
20		0.5		90.88		20.2416		17.0677
20		0.5		91.2		20.2417		17.1235
20		0.5		91.52		20.2376		17.1802
20		0.5		91.84		20.2399		17.2376
20		0.5		92.16		20.2403		17.2965
20		0.5		92.48		20.2343		17.3561
20		0.5		92.8		20.2274		17.4167
20		0.5		93.12		20.2291		17.4767
20		0.5		93.44		20.2351		17.5369
20		0.5		93.76		20.2354		17.6012
20		0.5		94.08		20.2292		17.6604
20		0.5		94.4		20.2234		17.724
20		0.5		94.72		20.2337		17.7807
20		0.5		95.04		20.2337		17.8398
20		0.5		95.36		20.2311		17.903
20		0.5		95.68		20.2259		17.9595
20		0.5		96		20.221		18.02
20		0.5		96.32		20.228		18.0772
20		0.5		96.64		20.2252		18.1391
20		0.5		96.96		20.2207		18.1983
20		0.5		97.28		20.2198		18.2605
20		0.5		97.6		20.221		18.3142
20		0.5		97.92		20.2209		18.3713
20		0.5		98.24		20.2247		18.4294
20		0.5		98.56		20.2309		18.4905
20		0.5		98.88		20.242		18.548
20		0.5		99.2		20.2446		18.6084
20		0.5		99.52		20.251		18.6714
20		0.5		99.84		20.2428		18.7236
20		0.5		100.16		20.244		18.784
20		0.5		100.48		20.2414		18.8409
20		0.5		100.8		20.2367		18.9011
20		0.5		101.12		20.2356		18.959
20		0.5		101.44		20.23		19.0164
20		0.5		101.76		20.2277		19.0736
20		0.5		102.08		20.22		19.1327
20		0.5		102.4		20.2187		19.1881
20		0.5		102.72		20.218		19.2431
20		0.5		103.04		20.2124		19.3023
20		0.5		103.36		20.2149		19.3607
20		0.5		103.68		20.2263		19.4151
20		0.5		104		20.2283		19.4729
20		0.5		104.32		20.2263		19.529
20		0.5		104.64		20.214		19.5894
20		0.5		104.96		20.2208		19.6481
20		0.5		105.28		20.2188		19.7074
20		0.5		105.6		20.2205		19.7619
20		0.5		105.92		20.2185		19.8176
20		0.5		106.24		20.2056		19.8761
20		0.5		106.56		20.2123		19.9323
20		0.5		106.88		20.2143		19.9904
20		0.5		107.2		20.2173		20.0508
20		0.5		107.52		20.2179		20.1067
20		0.5		107.84		20.221		20.1682
20		0.5		108.16		20.2167		20.2215
20		0.5		108.48		20.2224		20.2784
20		0.5		108.8		20.2189		20.337
20		0.5		109.12		20.2169		20.3947
20		0.5		109.44		20.2329		20.4569
20		0.5		109.76		20.231		20.5174
20		0.5		110.08		20.2304		20.5772
20		0.5		110.4		20.2347		20.6369
20		0.5		110.72		20.2385		20.6908
20		0.5		111.04		20.2356		20.749
20		0.5		111.36		20.2393		20.8034
20		0.5		111.68		20.2346		20.8655
20		0.5		112		20.2275		20.9211
20		0.5		112.32		20.2349		20.9762
20		0.5		112.64		20.2374		21.0357
20		0.5		112.96		20.2404		21.0876
20		0.5		113.28		20.2377		21.1486
20		0.5		113.6		20.2298		21.2046
20		0.5		113.92		20.2346		21.2631
20		0.5		114.24		20.2275		21.3181
20		0.5		114.56		20.2266		21.3733
20		0.5		114.88		20.2158		21.4322
20		0.5		115.2		20.2065		21.4907
20		0.5		115.52		20.2033		21.5447
20		0.5		115.84		20.2043		21.5986
20		0.5		116.16		20.2075		21.6589
20		0.5		116.48		20.2182		21.7125
20		0.5		116.8		20.2113		21.7701
20		0.5		117.12		20.2048		21.8307
20		0.5		117.44		20.2127		21.8901
20		0.5		117.76		20.2131		21.9462
20		0.5		118.08		20.2179		22.0044
20		0.5		118.4		20.2209		22.0586
20		0.5		118.72		20.22		22.1152
20		0.5		119.04		20.2234		22.1684
20		0.5		119.36		20.2196		22.2285
20		0.5		119.68		20.2262		22.2883
20		0.5		120		20.2251		22.347
20		0.5		120.32		20.2357		22.4082
20		0.5		120.64		20.2385		22.4664
20		0.5		120.96		20.2243		22.5275
20		0.5		121.28		20.231		22.5866
20		0.5		121.6		20.2261		22.6475
20		0.5		121.92		20.2297		22.7091
20		0.5		122.24		20.2366		22.7683
20		0.5		122.56		20.2276		22.8255
20		0.5		122.88		20.2258		22.8795
20		0.5		123.2		20.2296		22.9332
20		0.5		123.52		20.2374		22.9904
20		0.5		123.84		20.2317		23.0495
20		0.5		124.16		20.2308		23.1058
20		0.5		124.48		20.2328		23.1671
20		0.5		124.8		20.221		23.2294
20		0.5		125.12		20.2234		23.2883
20		0.5		125.44		20.2139		23.3494
20		0.5		125.76		20.2129		23.4046
20		0.5		126.08		20.2074		23.4647
20		0.5		126.4		20.2077		23.522
20		0.5		126.72		20.2045		23.5827
20		0.5		127.04		20.2031		23.6417
20		0.5		127.36		20.2117		23.697
20		0.5		127.68		20.2132		23.7535
20		0.5		128		20.2091		23.8177
20		0.5		128.32		20.2095		23.8704
20		0.5		128.64		20.2221		23.9268
20		0.5		128.96		20.218		23.9851
20		0.5		129.28		20.2152		24.0428
20		0.5		129.6		20.2101		24.1025
20		0.5		129.92		20.208		24.1627
20		0.5		130.24		20.2185		24.2225
20		0.5		130.56		20.2237		24.2837
20		0.5		130.88		20.2218		24.3454
20		0.5		131.2		20.2261		24.4093
20		0.5		131.52		20.2277		24.4673
20		0.5		131.84		20.225		24.5259
20		0.5		132.16		20.2134		24.5837
20		0.5		132.48		20.2092		24.6405
20		0.5		132.8		20.2116		24.7041
20		0.5		133.12		20.2132		24.7591
20		0.5		133.44		20.2063		24.8182
20		0.5		133.76		20.2039		24.8758
20		0.5		134.08		20.2031		24.9309
20		0.5		134.4		20.2049		24.9899
20		0.5		134.72		20.2024		25.0487
20		0.5		135.04		20.1974		25.11
20		0.5		135.36		20.1919		25.1725
20		0.5		135.68		20.1927		25.2329
20		0.5		136		20.1794		25.2911
20		0.5		136.32		20.1731		25.3486
20		0.5		136.64		20.1699		25.4069
20		0.5		136.96		20.1729		25.4644
20		0.5		137.28		20.1825		25.5208
20		0.5		137.6		20.1845		25.5787
20		0.5		137.92		20.1853		25.6351
20		0.5		138.24		20.1901		25.695
20		0.5		138.56		20.1873		25.7557
20		0.5		138.88		20.1872		25.8123
20		0.5		139.2		20.1872		25.8749
20		0.5		139.52		20.1887		25.9343
20		0.5		139.84		20.1865		25.9859
20		0.5		140.16		20.1888		26.0456
20		0.5		140.48		20.1878		26.1019
20		0.5		140.8		20.1877		26.1581
20		0.5		141.12		20.1867		26.2147
20		0.5		141.44		20.1833		26.272
20		0.5		141.76		20.1918		26.3296
20		0.5		142.08		20.1896		26.3887
20		0.5		142.4		20.1949		26.4517
20		0.5		142.72		20.1946		26.5119
20		0.5		143.04		20.1906		26.5738
20		0.5		143.36		20.1949		26.6305
20		0.5		143.68		20.1938		26.6884
20		0.5		144		20.1896		26.746
20		0.5		144.32		20.1807		26.8063
20		0.5		144.64		20.1741		26.8692
20		0.5		144.96		20.1857		26.9289
20		0.5		145.28		20.1915		26.9872
20		0.5		145.6		20.1888		27.0443
20		0.5		145.92		20.1915		27.1018
20		0.5		146.24		20.1957		27.1594
20		0.5		146.56		20.1946		27.2184
20		0.5		146.88		20.184		27.2773
20		0.5		147.2		20.1851		27.334
20		0.5		147.52		20.1925		27.3905
20		0.5		147.84		20.1924		27.4449
20		0.5		148.16		20.1877		27.5055
20		0.5		148.48		20.1947		27.5653
20		0.5		148.8		20.1788		27.6227
20		0.5		149.12		20.1736		27.6798
20		0.5		149.44		20.171		27.7364
20		0.5		149.76		20.1631		27.7918
20		0.5		150.08		20.1645		27.8538
20		0.5		150.4		20.1643		27.9172
20		0.5		150.72		20.1685		27.9786
20		0.5		151.04		20.162		28.0349
20		0.5		151.36		20.163		28.0947
20		0.5		151.68		20.1621		28.1528
20		0.5		152		20.1689		28.2094
20		0.5		152.32		20.1684		28.2698
20		0.5		152.64		20.1782		28.3251
20		0.5		152.96		20.1837		28.3772
20		0.5		153.28		20.1731		28.4351
20		0.5		153.6		20.1747		28.4968
20		0.5		153.92		20.1734		28.5541
20		0.5		154.24		20.1736		28.6135
20		0.5		154.56		20.1761		28.673
20		0.5		154.88		20.1694		28.7344
20		0.5		155.2		20.1741		28.7968
20		0.5		155.52		20.1713		28.8562
20		0.5		155.84		20.1787		28.9171
20		0.5		156.16		20.1763		28.9723
20		0.5		156.48		20.177		29.0293
20		0.5		156.8		20.1813		29.0927
20		0.5		157.12		20.1792		29.1506
20		0.5		157.44		20.1847		29.2139
20		0.5		157.76		20.1921		29.2747
20		0.5		158.08		20.1981		29.3338
20		0.5		158.4		20.1973		29.3887
20		0.5		158.72		20.1917		29.4446
20		0.5		159.04		20.1937		29.5053
20		0.5		159.36		20.1836		29.5613
20		0.5		159.68		20.1855		29.6247
20		0.5		160		20.187		29.6803
20		0.5		160.32		20.1899		29.737
20		0.5		160.64		20.1944		29.797
20		0.5		160.96		20.193		29.8567
20		0.5		161.28		20.1938		29.9131
20		0.5		161.6		20.2003		29.9694
20		0.5		161.92		20.2083		30.0301
20		0.5		162.24		20.2089		30.0884
20		0.5		162.56		20.2114		30.1456
20		0.5		162.88		20.2112		30.2058
20		0.5		163.2		20.2066		30.2642
20		0.5		163.52		20.2017		30.3247
20		0.5		163.84		20.1892		30.385
20		0.5		164.16		20.184		30.4459
20		0.5		164.48		20.1875		30.5024
20		0.5		164.8		20.1923		30.563
20		0.5		165.12		20.189		30.621
20		0.5		165.44		20.1914		30.6805
20		0.5		165.76		20.2024		30.741
20		0.5		166.08		20.195		30.806
20		0.5		166.4		20.2003		30.8624
20		0.5		166.72		20.2051		30.9186
20		0.5		167.04		20.2018		30.9788
20		0.5		167.36		20.212		31.036
20		0.5		167.68		20.2126		31.0923
20		0.5		168		20.2124		31.1502
20		0.5		168.32		20.2044		31.2064
20		0.5		168.64		20.2087		31.2706
20		0.5		168.96		20.2165		31.3306
20		0.5		169.28		20.2127		31.3943
20		0.5		169.6		20.2056		31.4517
20		0.5		169.92		20.2119		31.509
20		0.5		170.24		20.2075		31.5677
20		0.5		170.56		20.2093		31.6259
20		0.5		170.88		20.1972		31.682
20		0.5		171.2		20.1966		31.7373
20		0.5		171.52		20.1925		31.7957
20		0.5		171.84		20.2026		31.8542
20		0.5		172.16		20.1932		31.9083
20		0.5		172.48		20.2001		31.9674
20		0.5		172.8		20.1996		32.0251
20		0.5		173.12		20.2006		32.0861
20		0.5		173.44		20.2078		32.1488
20		0.5		173.76		20.2128		32.2086
20		0.5		174.08		20.2098		32.2684
20		0.5		174.4		20.219		32.3233
20		0.5		174.72		20.2192		32.379
20		0.5		175.04		20.2243		32.4447
20		0.5		175.36		20.2277		32.4989
20		0.5		175.68		20.2262		32.5577
20		0.5		176		20.2185		32.6159
20		0.5		176.32		20.215		32.6745
20		0.5		176.64		20.2206		32.7313
20		0.5		176.96		20.2269		32.7892
20		0.5		177.28		20.2273		32.8447
20		0.5		177.6		20.2247		32.9018
20		0.5		177.92		20.2255		32.9652
20		0.5		178.24		20.2229		33.0258
20		0.5		178.56		20.2144		33.0816
20		0.5		178.88		20.2292		33.1386
20		0.5		179.2		20.2336		33.1985
20		0.5		179.52		20.2335		33.2599
20		0.5		179.84		20.2234		33.319
20		0.5		180.16		20.2232		33.3829
20		0.5		180.48		20.215		33.4387
20		0.5		180.8		20.2118		33.4962
20		0.5		181.12		20.2019		33.5587
20		0.5		181.44		20.1916		33.6205
20		0.5		181.76		20.1934		33.6803
20		0.5		182.08		20.1975		33.7393
20		0.5		182.4		20.1998		33.7971
20		0.5		182.72		20.2023		33.8555
20		0.5		183.04		20.2058		33.9164
20		0.5		183.36		20.2021		33.9732
20		0.5		183.68		20.2135		34.031
20		0.5		184		20.2227		34.091
20		0.5		184.32		20.2216		34.1451
20		0.5		184.64		20.2171		34.2061
20		0.5		184.96		20.2264		34.2602
20		0.5		185.28		20.2368		34.3153
20		0.5		185.6		20.2411		34.3728
20		0.5		185.92		20.2384		34.4357
20		0.5		186.24		20.2464		34.4966
20		0.5		186.56		20.2497		34.5548
20		0.5		186.88		20.2454		34.6143
20		0.5		187.2		20.2472		34.6723
20		0.5		187.52		20.2342		34.732
20		0.5		187.84		20.2432		34.7877
20		0.5		188.16		20.2374		34.8444
20		0.5		188.48		20.246		34.9025
20		0.5		188.8		20.2421		34.9638
20		0.5		189.12		20.2419		35.0184
20		0.5		189.44		20.2361		35.0772
20		0.5		189.76		20.236		35.1342
20		0.5		190.08		20.2426		35.1945
20		0.5		190.4		20.2452		35.2575
20		0.5		190.72		20.2419		35.3167
20		0.5		191.04		20.2412		35.373
20		0.5		191.36		20.233		35.4292
20		0.5		191.68		20.2246		35.4913
20		0.5		192		20.2213		35.5528
20		0.5		192.32		20.2257		35.6168
20		0.5		192.64		20.2264		35.6737
20		0.5		192.96		20.2312		35.7335
20		0.5		193.28		20.2331		35.7951
20		0.5		193.6		20.2345		35.8524
20		0.5		193.92		20.2388		35.9119
20		0.5		194.24		20.2281		35.9734
20		0.5		194.56		20.2159		36.0283
20		0.5		194.88		20.2128		36.0888
20		0.5		195.2		20.2196		36.1552
20		0.5		195.52		20.2181		36.2145
20		0.5		195.84		20.2138		36.2714
20		0.5		196.16		20.2188		36.3305
20		0.5		196.48		20.2234		36.3909
20		0.5		196.8		20.214		36.447
20		0.5		197.12		20.2146		36.504
20		0.5		197.44		20.2088		36.5536
20		0.5		197.76		20.2191		36.6123
20		0.5		198.08		20.2136		36.671
20		0.5		198.4		20.2168		36.7234
20		0.5		198.72		20.2159		36.7805
20		0.5		199.04		20.2208		36.8394
20		0.5		199.36		20.2237		36.9006
20		0.5		199.68		20.2209		36.9613
20		0.5		200		20.2182		37.0191
20		0.5		200.32		20.2184		37.0783
20		0.5		200.64		20.2236		37.136
20		0.5		200.96		20.2271		37.1923
20		0.5		201.28		20.2336		37.2488
20		0.5		201.6		20.2284		37.3052
20		0.5		201.92		20.2238		37.3703
20		0.5		202.24		20.221		37.4305
20		0.5		202.56		20.2234		37.4863
20		0.5		202.88		20.2125		37.5493
20		0.5		203.2		20.2117		37.6072
20		0.5		203.52		20.1972		37.6678
20		0.5		203.84		20.2019		37.7262
20		0.5		204.16		20.2099		37.7849
20		0.5		204.48		20.2083		37.8486
20		0.5		204.8		20.2094		37.9067
20		0.5		205.12		20.2138		37.966
20		0.5		205.44		20.2143		38.0216
20		0.5		205.76		20.2171		38.0796
20		0.5		206.08		20.2139		38.1388
20		0.5		206.4		20.211		38.1955
20		0.5		206.72		20.2145		38.2585
20		0.5		207.04		20.2178		38.3189
20		0.5		207.36		20.2257		38.3718
20		0.5		207.68		20.2222		38.4299
20		0.5		208		20.2284		38.4888
20		0.5		208.32		20.2285		38.5414
20		0.5		208.64		20.2197		38.5981
20		0.5		208.96		20.2206		38.6533
20		0.5		209.28		20.2129		38.7073
20		0.5		209.6		20.2208		38.7685
20		0.5		209.92		20.2222		38.822
20		0.5		210.24		20.217		38.8766
20		0.5		210.56		20.2182		38.9338
20		0.5		210.88		20.222		38.993
20		0.5		211.2		20.2358		39.0484
20		0.5		211.52		20.233		39.1088
20		0.5		211.84		20.2351		39.1682
20		0.5		212.16		20.2386		39.2258
20		0.5		212.48		20.2414		39.2835
20		0.5		212.8		20.2509		39.3455
20		0.5		213.12		20.2545		39.4031
20		0.5		213.44		20.2544		39.4621
20		0.5		213.76		20.252		39.5191
20		0.5		214.08		20.2586		39.5762
20		0.5		214.4		20.2575		39.633
20		0.5		214.72		20.2577		39.6898
20		0.5		215.04		20.2646		39.747
20		0.5		215.36		20.2666		39.8063
20		0.5		215.68		20.2614		39.8676
20		0.5		216		20.265		39.9269
20		0.5		216.32		20.2576		39.9834
20		0.5		216.64		20.2689		40.0411
20		0.5		216.96		20.2686		40.104
20		0.5		217.28		20.2736		40.1581
20		0.5		217.6		20.27		40.2176
20		0.5		217.92		20.2625		40.2759
20		0.5		218.24		20.2599		40.3294
20		0.5		218.56		20.2625		40.3903
20		0.5		218.88		20.2643		40.4457
20		0.5		219.2		20.2579		40.5052
20		0.5		219.52		20.2598		40.5676
20		0.5		219.84		20.2631		40.629
20		0.5		220.16		20.2575		40.6865
20		0.5		220.48		20.2491		40.7473
20		0.5		220.8		20.2503		40.8034
20		0.5		221.12		20.2587		40.8596
20		0.5		221.44		20.2592		40.9174
20		0.5		221.76		20.2545		40.9707
20		0.5		222.08		20.2604		41.0292
20		0.5		222.4		20.2491		41.0873
20		0.5		222.72		20.2609		41.1445
20		0.5		223.04		20.2555		41.2033
20		0.5		223.36		20.2506		41.267
20		0.5		223.68		20.249		41.3235
20		0.5		224		20.2317		41.3774
20		0.5		224.32		20.23		41.4404
20		0.5		224.64		20.2242		41.4994
20		0.5		224.96		20.2251		41.5566
20		0.5		225.28		20.2291		41.6134
20		0.5		225.6		20.222		41.6722
20		0.5		225.92		20.2245		41.7272
20		0.5		226.24		20.23		41.7827
20		0.5		226.56		20.2278		41.8398
20		0.5		226.88		20.2294		41.8958
20		0.5		227.2		20.2308		41.9562
20		0.5		227.52		20.236		42.0103
20		0.5		227.84		20.2305		42.0728
20		0.5		228.16		20.2326		42.132
20		0.5		228.48		20.2291		42.1871
20		0.5		228.8		20.2369		42.2429
20		0.5		229.12		20.239		42.3048
20		0.5		229.44		20.2426		42.3643
20		0.5		229.76		20.2424		42.4217
20		0.5		230.08		20.2421		42.48
20		0.5		230.4		20.2304		42.5368
20		0.5		230.72		20.2334		42.5998
20		0.5		231.04		20.2351		42.6576
20		0.5		231.36		20.228		42.7184
20		0.5		231.68		20.2311		42.7739
20		0.5		232		20.2367		42.8325
20		0.5		232.32		20.2405		42.8904
20		0.5		232.64		20.2416		42.9453
20		0.5		232.96		20.2389		43.0079
20		0.5		233.28		20.2354		43.0676
20		0.5		233.6		20.2313		43.1243
20		0.5		233.92		20.2355		43.1856
20		0.5		234.24		20.2389		43.2442
20		0.5		234.56		20.2419		43.3045
20		0.5		234.88		20.2446		43.3608
20		0.5		235.2		20.2525		43.4195
20		0.5		235.52		20.248		43.4793
20		0.5		235.84		20.2433		43.5382
20		0.5		236.16		20.2331		43.5968
20		0.5		236.48		20.2232		43.6524
20		0.5		236.8		20.2133		43.7118
20		0.5		237.12		20.2141		43.7715
20		0.5		237.44		20.2038		43.8323
20		0.5		237.76		20.204		43.8859
20		0.5		238.08		20.2077		43.94
20		0.5		238.4		20.2021		43.9984
20		0.5		238.72		20.2031		44.0611
20		0.5		239.04		20.1935		44.1171
20		0.5		239.36		20.1958		44.174
20		0.5		239.68		20.1968		44.2281
20		0.5		240		20.1957		44.2896
20		0.5		240.32		20.2015		44.3519
20		0.5		240.64		20.1978		44.4061
20		0.5		240.96		20.2029		44.4682
20		0.5		241.28		20.2038		44.5262
20		0.5		241.6		20.203		44.5822
20		0.5		241.92		20.2074		44.6408
20		0.5		242.24		20.1973		44.6986
20		0.5		242.56		20.1873		44.7587
20		0.5		242.88		20.1916		44.8199
20		0.5		243.2		20.1956		44.8787
20		0.5		243.52		20.1967		44.9382
20		0.5		243.84		20.1965		44.9921
20		0.5		244.16		20.1954		45.051
20		0.5		244.48		20.2089		45.1106
20		0.5		244.8		20.2066		45.1685
20		0.5		245.12		20.2061		45.2274
20		0.5		245.44		20.2039		45.2814
20		0.5		245.76		20.2021		45.3424
20		0.5		246.08		20.1959		45.3971
20		0.5		246.4		20.1871		45.4599
20		0.5		246.72		20.1936		45.5204
20		0.5		247.04		20.1867		45.5803
20		0.5		247.36		20.1885		45.6403
20		0.5		247.68		20.1825		45.7036
20		0.5		248		20.1817		45.7591
20		0.5		248.32		20.1823		45.8192
20		0.5		248.64		20.1783		45.8815
20		0.5		248.96		20.1843		45.94
20		0.5		249.28		20.2011		46.0011
20		0.5		249.6		20.206		46.0578
20		0.5		249.92		20.208		46.112
20		0.5		250.24		20.2082		46.1726
20		0.5		250.56		20.1987		46.2313
20		0.5		250.88		20.1986		46.289
20		0.5		251.2		20.1926		46.3491
20		0.5		251.52		20.1941		46.4096
20		0.5		251.84		20.1947		46.4664
20		0.5		252.16		20.195		46.5236
20		0.5		252.48		20.1933		46.5812
20		0.5		252.8		20.1951		46.6398
20		0.5		253.12		20.1911		46.698
20		0.5		253.44		20.19		46.7546
20		0.5		253.76		20.1811		46.8164
20		0.5		254.08		20.1798		46.8779
20		0.5		254.4		20.1917		46.9416
20		0.5		254.72		20.1957		47.0025
20		0.5		255.04		20.2002		47.0592
20		0.5		255.36		20.2058		47.1174
20		0.5		255.68		20.1986		47.1755
20		0.5		256		20.1986		47.239
20		0.5		256.32		20.1983		47.3031
20		0.5		256.64		20.2049		47.3614
20		0.5		256.96		20.2001		47.4222
20		0.5		257.28		20.194		47.477
20		0.5		257.6		20.1892		47.5372
20		0.5		257.92		20.1848		47.5918
20		0.5		258.24		20.1871		47.6508
20		0.5		258.56		20.1918		47.7085
20		0.5		258.88		20.2041		47.7628
20		0.5		259.2		20.2077		47.8205
20		0.5		259.52		20.2079		47.8775
20		0.5		259.84		20.1995		47.935
20		0.5		260.16		20.1976		47.987
20		0.5		260.48		20.1927		48.0448
20		0.5		260.8		20.193		48.1038
20		0.5		261.12		20.1972		48.1598
20		0.5		261.44		20.2004		48.2186
20		0.5		261.76		20.1992		48.2778
20		0.5		262.08		20.1979		48.3348
20		0.5		262.4		20.1965		48.3942
20		0.5		262.72		20.1968		48.4497
20		0.5		263.04		20.1923		48.51
20		0.5		263.36		20.1895		48.5693
20		0.5		263.68		20.1957		48.6259
20		0.5		264		20.1913		48.6831
20		0.5		264.32		20.1918		48.741
20		0.5		264.64		20.1879		48.8017
20		0.5		264.96		20.1871		48.8623
20		0.5		265.28		20.1931		48.9187
20		0.5		265.6		20.2005		48.977
20		0.5		265.92		20.2006		49.0336
20		0.5		266.24		20.1864		49.0896
20		0.5		266.56		20.1964		49.151
20		0.5		266.88		20.1962		49.2098
20		0.5		267.2		20.207		49.2704
20		0.5		267.52		20.2088		49.3282
20		0.5		267.84		20.2101		49.3854
20		0.5		268.16		20.2147		49.4456
20		0.5		268.48		20.2275		49.5016
20		0.5		268.8		20.2204		49.5589
20		0.5		269.12		20.224		49.6163
20		0.5		269.44		20.2214		49.6741
20		0.5		269.76		20.2265		49.7352
20		0.5		270.08		20.2369		49.7948
20		0.5		270.4		20.2475		49.8563
20		0.5		270.72		20.2551		49.9126
20		0.5		271.04		20.2615		49.9746
20		0.5		271.36		20.2541		50.0329
20		0.5		271.68		20.2508		50.0867
20		0.5		272		20.2404		50.1394
20		0.5		272.32		20.2346		50.1977
20		0.5		272.64		20.2401		50.2591
20		0.5		272.96		20.2357		50.3184
20		0.5		273.28		20.2284		50.3792
20		0.5		273.6		20.2306		50.4362
20		0.5		273.92		20.2409		50.4941
20		0.5		274.24		20.2498		50.5497
20		0.5		274.56		20.2459		50.6079
20		0.5		274.88		20.2517		50.669
20		0.5		275.2		20.2434		50.7281
20		0.5		275.52		20.2372		50.7879
20		0.5		275.84		20.233		50.8473
20		0.5		276.16		20.2343		50.9031
20		0.5		276.48		20.2454		50.9619
20		0.5		276.8		20.241		51.0212
20		0.5		277.12		20.243		51.0737
20		0.5		277.44		20.2373		51.1292
20		0.5		277.76		20.2371		51.1864
20		0.5		278.08		20.24		51.2431
20		0.5		278.4		20.2377		51.3051
20		0.5		278.72		20.2391		51.3607
20		0.5		279.04		20.2406		51.4244
20		0.5		279.36		20.237		51.4809
20		0.5		279.68		20.2333		51.5358
20		0.5		280		20.2155		51.5902
20		0.5		280.32		20.2204		51.6487
20		0.5		280.64		20.2395		51.7107
20		0.5		280.96		20.2425		51.7654
20		0.5		281.28		20.249		51.8243
20		0.5		281.6		20.2568		51.8831
20		0.5		281.92		20.2489		51.9425
20		0.5		282.24		20.2587		52.0033
20		0.5		282.56		20.254		52.0577
20		0.5		282.88		20.2555		52.1175
20		0.5		283.2		20.2591		52.1725
20		0.5		283.52		20.2529		52.2247
20		0.5		283.84		20.2516		52.2766
20		0.5		284.16		20.2576		52.3351
20		0.5		284.48		20.2564		52.3944
20		0.5		284.8		20.2548		52.4486
20		0.5		285.12		20.2491		52.5045
20		0.5		285.44		20.2584		52.5624
20		0.5		285.76		20.2653		52.6205
20		0.5		286.08		20.2695		52.6814
20		0.5		286.4		20.2652		52.741
20		0.5		286.72		20.2662		52.8039
20		0.5		287.04		20.2705		52.8622
20		0.5		287.36		20.2786		52.9192
20		0.5		287.68		20.2821		52.9766
20		0.5		288		20.2867		53.0372
20		0.5		288.32		20.2793		53.0981
20		0.5		288.64		20.2695		53.1568
20		0.5		288.96		20.2805		53.2104
20		0.5		289.28		20.2809		53.2682
20		0.5		289.6		20.2827		53.3288
20		0.5		289.92		20.2723		53.3857
20		0.5		290.24		20.2699		53.4415
20		0.5		290.56		20.2753		53.4995
20		0.5		290.88		20.2668		53.562
20		0.5		291.2		20.2583		53.6207
20		0.5		291.52		20.2532		53.6826
20		0.5		291.84		20.2475		53.7384
20		0.5		292.16		20.2486		53.7955
20		0.5		292.48		20.2377		53.8525
20		0.5		292.8		20.2449		53.9119
20		0.5		293.12		20.241		53.9711
20		0.5		293.44		20.2413		54.0347
20		0.5		293.76		20.2445		54.0907
20		0.5		294.08		20.2451		54.1504
20		0.5		294.4		20.2384		54.209
20		0.5		294.72		20.2246		54.2682
20		0.5		295.04		20.2184		54.3273
20		0.5		295.36		20.2156		54.3857
20		0.5		295.68		20.209		54.4412
20		0.5		296		20.2191		54.4998
20		0.5		296.32		20.2085		54.5552
20		0.5		296.64		20.2129		54.6188
20		0.5		296.96		20.2191		54.6764
20		0.5		297.28		20.2162		54.7291
20		0.5		297.6		20.2166		54.7884
20		0.5		297.92		20.214		54.8464
20		0.5		298.24		20.2087		54.906
20		0.5		298.56		20.204		54.9675
20		0.5		298.88		20.2164		55.0237
20		0.5		299.2		20.219		55.0819
20		0.5		299.52		20.2191		55.1407
20		0.5		299.84		20.2095		55.2015
20		0.5		300.16		20.2031		55.2645
20		0.5		300.48		20.2009		55.3253
20		0.5		300.8		20.1903		55.3868
20		0.5		301.12		20.1928		55.4464
20		0.5		301.44		20.197		55.5047
20		0.5		301.76		20.1985		55.5615
20		0.5		302.08		20.2049		55.617
20		0.5		302.4		20.2051		55.6771
20		0.5		302.72		20.1936		55.7356
20		0.5		303.04		20.1917		55.7963
20		0.5		303.36		20.1914		55.8507
20		0.5		303.68		20.1953		55.9112
20		0.5		304		20.1977		55.9684
20		0.5		304.32		20.1966		56.0305
20		0.5		304.64		20.1942		56.0898
20		0.5		304.96		20.2057		56.1479
20		0.5		305.28		20.192		56.2074
20		0.5		305.6		20.1853		56.2629
20		0.5		305.92		20.1804		56.3245
20		0.5		306.24		20.1849		56.3844
20		0.5		306.56		20.1764		56.4405
20		0.5		306.88		20.1863		56.5012
20		0.5		307.2		20.1842		56.5536
20		0.5		307.52		20.1792		56.6098
20		0.5		307.84		20.1706		56.6733
20		0.5		308.16		20.1766		56.7321
20		0.5		308.48		20.1655		56.7943
20		0.5		308.8		20.1614		56.852
20		0.5		309.12		20.1538		56.9052
20		0.5		309.44		20.1614		56.9632
20		0.5		309.76		20.1545		57.0259
20		0.5		310.08		20.1482		57.0859
20		0.5		310.4		20.1468		57.1455
20		0.5		310.72		20.149		57.2046
20		0.5		311.04		20.1459		57.2611
20		0.5		311.36		20.1479		57.3194
20		0.5		311.68		20.1397		57.3764
20		0.5		312		20.1435		57.4345
20		0.5		312.32		20.1403		57.4943
20		0.5		312.64		20.1355		57.55
20		0.5		312.96		20.1395		57.6096
20		0.5		313.28		20.1454		57.6721
20		0.5		313.6		20.1369		57.727
20		0.5		313.92		20.1463		57.7825
20		0.5		314.24		20.1454		57.8417
20		0.5		314.56		20.1424		57.898
20		0.5		314.88		20.1545		57.9584
20		0.5		315.2		20.1456		58.02
20		0.5		315.52		20.1486		58.0787
20		0.5		315.84		20.1492		58.1379
20		0.5		316.16		20.1414		58.1921
20		0.5		316.48		20.146		58.2509
20		0.5		316.8		20.1427		58.3082
20		0.5		317.12		20.1465		58.3664
20		0.5		317.44		20.1487		58.4231
20		0.5		317.76		20.1481		58.4795
20		0.5		318.08		20.148		58.5353
20		0.5		318.4		20.1461		58.5985
20		0.5		318.72		20.1501		58.6578
20		0.5		319.04		20.1456		58.7135
20		0.5		319.36		20.1404		58.7691
20		0.5		319.68		20.1464		58.8258
20		0.5		320		20.137		58.8838
20		0.5		320.32		20.1285		58.9444
20		0.5		320.64		20.1315		59.0017
20		0.5		320.96		20.1311		59.0613
20		0.5		321.28		20.127		59.1241
20		0.5		321.6		20.1269		59.186
20		0.5		321.92		20.1323		59.2408
20		0.5		322.24		20.1359		59.305
20		0.5		322.56		20.1317		59.3657
20		0.5		322.88		20.1256		59.4245
20		0.5		323.2		20.1249		59.4845
20		0.5		323.52		20.1343		59.5446
20		0.5		323.84		20.1348		59.605
20		0.5		324.16		20.135		59.665
20		0.5		324.48		20.1431		59.7229
20		0.5		324.8		20.1485		59.7844
20		0.5		325.12		20.1552		59.8454
20		0.5		325.44		20.1463		59.9004
20		0.5		325.76		20.1344		59.9593
20		0.5		326.08		20.1405		60.0184
20		0.5		326.4		20.1369		60.0778
20		0.5		326.72		20.1346		60.1381
20		0.5		327.04		20.1426		60.1968
20		0.5		327.36		20.1508		60.255
20		0.5		327.68		20.1544		60.32
20		0.5		328		20.1589		60.3787
20		0.5		328.32		20.1503		60.441
20		0.5		328.64		20.1486		60.4982
20		0.5		328.96		20.1397		60.5594
20		0.5		329.28		20.1387		60.6129
20		0.5		329.6		20.1415		60.6726
20		0.5		329.92		20.147		60.7329
20		0.5		330.24		20.1456		60.7893
20		0.5		330.56		20.1569		60.8473
20		0.5		330.88		20.1638		60.9074
20		0.5		331.2		20.1623		60.9643
20		0.5		331.52		20.1635		61.0175
20		0.5		331.84		20.1667		61.0754
20		0.5		332.16		20.1713		61.1355
20		0.5		332.48		20.1776		61.1926
20		0.5		332.8		20.1732		61.2545
20		0.5		333.12		20.1769		61.314
20		0.5		333.44		20.1748		61.3697
20		0.5		333.76		20.1804		61.4297
20		0.5		334.08		20.1864		61.4861
20		0.5		334.4		20.1888		61.5449
20		0.5		334.72		20.1868		61.604
20		0.5		335.04		20.1752		61.6616
20		0.5		335.36		20.1777		61.7205
20		0.5		335.68		20.1829		61.7755
20		0.5		336		20.1862		61.8319
20		0.5		336.32		20.1914		61.8955
20		0.5		336.64		20.1937		61.9472
20		0.5		336.96		20.1875		62.0011
20		0.5		337.28		20.1926		62.0621
20		0.5		337.6		20.1882		62.1212
20		0.5		337.92		20.1748		62.1743
20		0.5		338.24		20.1803		62.2307
20		0.5		338.56		20.1732		62.2895
20		0.5		338.88		20.1744		62.3453
20		0.5		339.2		20.1691		62.405
20		0.5		339.52		20.1753		62.4632
20		0.5		339.84		20.1713		62.5228
20		0.5		340.16		20.171		62.5789
20		0.5		340.48		20.1691		62.6347
20		0.5		340.8		20.1674		62.691
20		0.5		341.12		20.1663		62.7507
20		0.5		341.44		20.1693		62.8109
20		0.5		341.76		20.1665		62.8668
20		0.5		342.08		20.1689		62.9246
20		0.5		342.4		20.1772		62.9804
20		0.5		342.72		20.1878		63.0381
20		0.5		343.04		20.1898		63.0991
20		0.5		343.36		20.1901		63.157
20		0.5		343.68		20.1911		63.2133
20		0.5		344		20.1822		63.2714
20		0.5		344.32		20.1774		63.3301
20		0.5		344.64		20.1756		63.3917
20		0.5		344.96		20.171		63.454
20		0.5		345.28		20.1704		63.5125
20		0.5		345.6		20.1791		63.5711
20		0.5		345.92		20.1688		63.6298
20		0.5		346.24		20.1684		63.689
20		0.5		346.56		20.1633		63.7467
20		0.5		346.88		20.158		63.8074
20		0.5		347.2		20.1591		63.8653
20		0.5		347.52		20.1605		63.9265
20		0.5		347.84		20.1613		63.9857
20		0.5		348.16		20.167		64.0467
20		0.5		348.48		20.1576		64.1122
20		0.5		348.8		20.162		64.1669
20		0.5		349.12		20.1644		64.2241
20		0.5		349.44		20.1648		64.2797
20		0.5		349.76		20.1666		64.3387
20		0.5		350.08		20.1723		64.4019
20		0.5		350.4		20.1692		64.4601
20		0.5		350.72		20.1774		64.5213
20		0.5		351.04		20.1719		64.5772
20		0.5		351.36		20.1645		64.6342
20		0.5		351.68		20.1714		64.6954
20		0.5		352		20.175		64.7533
20		0.5		352.32		20.1692		64.814
20		0.5		352.64		20.1726		64.8721
20		0.5		352.96		20.1773		64.9326
20		0.5		353.28		20.1802		64.9942
20		0.5		353.6		20.1746		65.0515
20		0.5		353.92		20.1672		65.1035
20		0.5		354.24		20.1686		65.1597
20		0.5		354.56		20.1667		65.2217
20		0.5		354.88		20.1671		65.2833
20		0.5		355.2		20.167		65.3489
20		0.5		355.52		20.1726		65.415
20		0.5		355.84		20.1775		65.4695
20		0.5		356.16		20.1837		65.5291
20		0.5		356.48		20.1893		65.5837
20		0.5		356.8		20.2051		65.6437
20		0.5		357.12		20.1966		65.6964
20		0.5		357.44		20.1997		65.7603
20		0.5		357.76		20.2013		65.8207
20		0.5		358.08		20.2083		65.8793
20		0.5		358.4		20.2156		65.9322
20		0.5		358.72		20.2084		65.9935
20		0.5		359.04		20.2067		66.0527
20		0.5		359.36		20.2103		66.1173
20		0.5		359.68		20.2096		66.1741
20		0.5		360		20.2093		66.2322
20		0.5		360.32		20.2199		66.2932
20		0.5		360.64		20.2257		66.3523
20		0.5		360.96		20.2317		66.4093
20		0.5		361.28		20.229		66.4696
20		0.5		361.6		20.2267		66.5293
20		0.5		361.92		20.2213		66.5855
20		0.5		362.24		20.2301		66.6445
20		0.5		362.56		20.2173		66.7022
20		0.5		362.88		20.2189		66.765
20		0.5		363.2		20.2204		66.8283
20		0.5		363.52		20.2221		66.8878
20		0.5		363.84		20.2314		66.9456
20		0.5		364.16		20.2298		67.0084
20		0.5		364.48		20.2369		67.0648
20		0.5		364.8		20.2257		67.1256
20		0.5		365.12		20.2333		67.1807
20		0.5		365.44		20.2365		67.2398
20		0.5		365.76		20.2369		67.2946
20		0.5		366.08		20.2357		67.3569
20		0.5		366.4		20.2263		67.4131
20		0.5		366.72		20.2341		67.474
20		0.5		367.04		20.2377		67.5315
20		0.5		367.36		20.228		67.5854
20		0.5		367.68		20.2233		67.6465
20		0.5		368		20.2284		67.7084
20		0.5		368.32		20.2326		67.7598
20		0.5		368.64		20.2299		67.8146
20		0.5		368.96		20.2283		67.8703
20		0.5		369.28		20.2309		67.9312
20		0.5		369.6		20.2238		67.9918
20		0.5		369.92		20.2256		68.0479
20		0.5		370.24		20.226		68.1086
20		0.5		370.56		20.2224		68.1692
20		0.5		370.88		20.2239		68.2293
20		0.5		371.2		20.2251		68.2839
20		0.5		371.52		20.2157		68.3452
20		0.5		371.84		20.2128		68.4031
20		0.5		372.16		20.2075		68.458
20		0.5		372.48		20.2027		68.5186
20		0.5		372.8		20.2022		68.5712
20		0.5		373.12		20.2041		68.6317
20		0.5		373.44		20.2014		68.6842
20		0.5		373.76		20.2104		68.7412
20		0.5		374.08		20.2126		68.7991
20		0.5		374.4		20.2061		68.8636
20		0.5		374.72		20.2144		68.9223
20		0.5		375.04		20.2159		68.9834
20		0.5		375.36		20.2237		69.0446
20		0.5		375.68		20.2155		69.0988
20		0.5		376		20.2164		69.1604
20		0.5		376.32		20.2224		69.2164
20		0.5		376.64		20.2215		69.2741
20		0.5		376.96		20.2141		69.33
20		0.5		377.28		20.2111		69.3882
20		0.5		377.6		20.2099		69.4453
20		0.5		377.92		20.1974		69.5033
20		0.5		378.24		20.2045		69.5619
20		0.5		378.56		20.2025		69.6263
20		0.5		378.88		20.2032		69.6881
20		0.5		379.2		20.2061		69.7474
20		0.5		379.52		20.2005		69.8022
20		0.5		379.84		20.199		69.8613
20		0.5		380.16		20.1915		69.9189
20		0.5		380.48		20.1969		69.9772
20		0.5		380.8		20.1887		70.0325
20		0.5		381.12		20.1862		70.0879
20		0.5		381.44		20.1899		70.1458
20		0.5		381.76		20.1868		70.2048
20		0.5		382.08		20.1969		70.2611
20		0.5		382.4		20.1953		70.318
20		0.5		382.72		20.2093		70.3761
20		0.5		383.04		20.2112		70.4438
20		0.5		383.36		20.2108		70.506
20		0.5		383.68		20.1984		70.5647
20		0.5		384		20.206		70.626
20		0.5		384.32		20.2104		70.6859
20		0.5		384.64		20.2135		70.745
20		0.5		384.96		20.2157		70.8062
20		0.5		385.28		20.2135		70.8644
20		0.5		385.6		20.2104		70.9229
20		0.5		385.92		20.2104		70.9827
20		0.5		386.24		20.2069		71.0437
20		0.5		386.56		20.1963		71.1038
20		0.5		386.88		20.1942		71.1578
20		0.5		387.2		20.1921		71.2204
20		0.5		387.52		20.1976		71.2772
20		0.5		387.84		20.2033		71.3368
20		0.5		388.16		20.1959		71.3983
20		0.5		388.48		20.2032		71.4529
20		0.5		388.8		20.1996		71.5113
20		0.5		389.12		20.1989		71.5676
20		0.5		389.44		20.2007		71.6247
20		0.5		389.76		20.2103		71.6859
20		0.5		390.08		20.1986		71.7443
20		0.5		390.4		20.2027		71.7966
20		0.5		390.72		20.2031		71.8557
20		0.5		391.04		20.1962		71.9137
20		0.5		391.36		20.1928		71.9715
20		0.5		391.68		20.2009		72.0287
20		0.5		392		20.2038		72.087
20		0.5		392.32		20.2049		72.145
20		0.5		392.64		20.2002		72.2012
20		0.5		392.96		20.2038		72.2584
20		0.5		393.28		20.1966		72.3116
20		0.5		393.6		20.1977		72.3682
20		0.5		393.92		20.1938		72.4302
20		0.5		394.24		20.1964		72.495
20		0.5		394.56		20.2043		72.5552
20		0.5		394.88		20.2089		72.6139
20		0.5		395.2		20.2104		72.6709
20		0.5		395.52		20.2074		72.7304
20		0.5		395.84		20.2101		72.7886
20		0.5		396.16		20.2076		72.8495
20		0.5		396.48		20.2043		72.9091
20		0.5		396.8		20.1994		72.9697
20		0.5		397.12		20.2065		73.0292
20		0.5		397.44		20.2076		73.0817
20		0.5		397.76		20.2021		73.1382
20		0.5		398.08		20.2074		73.2001
20		0.5		398.4		20.211		73.258
20		0.5		398.72		20.2086		73.3173
20		0.5		399.04		20.2077		73.373
20		0.5		399.36		20.2118		73.4347
20		0.5		399.68		20.2125		73.4891
20		0.5		400		20.2152		73.5418
20		0.5		400.32		20.2078		73.6036
20		0.5		400.64		20.2056		73.661
20		0.5		400.96		20.2094		73.7163
20		0.5		401.28		20.2121		73.7746
20		0.5		401.6		20.2061		73.8342
20		0.5		401.92		20.2155		73.8942
20		0.5		402.24		20.2076		73.9513
20		0.5		402.56		20.2044		74.0067
20		0.5		402.88		20.2036		74.0657
20		0.5		403.2		20.1994		74.1286
20		0.5		403.52		20.1954		74.1852
20		0.5		403.84		20.1963		74.2444
20		0.5		404.16		20.1953		74.3021
20		0.5		404.48		20.2066		74.3561
20		0.5		404.8		20.2019		74.4124
20		0.5		405.12		20.2055		74.4677
20		0.5		405.44		20.2091		74.5291
20		0.5		405.76		20.2111		74.5885
20		0.5		406.08		20.2116		74.6472
20		0.5		406.4		20.2164		74.7058
20		0.5		406.72		20.2181		74.7614
20		0.5		407.04		20.2165		74.818
20		0.5		407.36		20.2208		74.878
20		0.5		407.68		20.2237		74.9367
20		0.5		408		20.2362		74.997
20		0.5		408.32		20.2381		75.0578
20		0.5		408.64		20.2439		75.1144
20		0.5		408.96		20.2385		75.1726
20		0.5		409.28		20.2493		75.2357
20		0.5		409.6		20.2566		75.2941
20		0.5		409.92		20.2572		75.3489
20		0.5		410.24		20.263		75.4025
20		0.5		410.56		20.2671		75.4605
20		0.5		410.88		20.2656		75.5214
20		0.5		411.2		20.2684		75.5795
20		0.5		411.52		20.2629		75.6385
20		0.5		411.84		20.2651		75.6977
20		0.5		412.16		20.2634		75.7617
20		0.5		412.48		20.2595		75.8205
20		0.5		412.8		20.2615		75.8718
20		0.5		413.12		20.2577		75.9293
20		0.5		413.44		20.2573		75.9851
20		0.5		413.76		20.2606		76.0463
20		0.5		414.08		20.262		76.1009
20		0.5		414.4		20.2626		76.1615
20		0.5		414.72		20.2628		76.222
20		0.5		415.04		20.2707		76.2802
20		0.5		415.36		20.2697		76.3397
20		0.5		415.68		20.281		76.3991
20		0.5		416		20.2843		76.4587
20		0.5		416.32		20.2891		76.5178
20		0.5		416.64		20.2886		76.5751
20		0.5		416.96		20.3002		76.6333
20		0.5		417.28		20.3116		76.6949
20		0.5		417.6		20.3136		76.7505
20		0.5		417.92		20.3167		76.8013
20		0.5		418.24		20.3196		76.8632
20		0.5		418.56		20.3133		76.9257
20		0.5		418.88		20.3111		76.9855
20		0.5		419.2		20.3169		77.0423
20		0.5		419.52		20.3212		77.102
20		0.5		419.84		20.3227		77.1602
20		0.5		420.16		20.3259		77.2206
20		0.5		420.48		20.3275		77.2776
20		0.5		420.8		20.3367		77.3339
20		0.5		421.12		20.34		77.3968
20		0.5		421.44		20.3334		77.4583
20		0.5		421.76		20.3305		77.5198
20		0.5		422.08		20.3445		77.5777
20		0.5		422.4		20.354		77.6393
20		0.5		422.72		20.3548		77.7008
20		0.5		423.04		20.352		77.7533
20		0.5		423.36		20.346		77.8103
20		0.5		423.68		20.3482		77.8721
20		0.5		424		20.356		77.9332
20		0.5		424.32		20.3628		77.991
20		0.5		424.64		20.3595		78.0492
20		0.5		424.96		20.3722		78.1055
20		0.5		425.28		20.3717		78.1645
20		0.5		425.6		20.3643		78.2283
20		0.5		425.92		20.3643		78.2881
20		0.5		426.24		20.3642		78.3478
20		0.5		426.56		20.3571		78.4097
20		0.5		426.88		20.3473		78.4661
20		0.5		427.2		20.348		78.525
20		0.5		427.52		20.3429		78.5856
20		0.5		427.84		20.3441		78.6456
20		0.5		428.16		20.3295		78.704
20		0.5		428.48		20.318		78.7601
20		0.5		428.8		20.3229		78.8186
20		0.5		429.12		20.3351		78.8821
20		0.5		429.44		20.3382		78.9402
20		0.5		429.76		20.3392		78.9945
20		0.5		430.08		20.3275		79.0526
20		0.5		430.4		20.3244		79.112
20		0.5		430.72		20.3196		79.1712
20		0.5		431.04		20.3294		79.2314
20		0.5		431.36		20.3301		79.2884
20		0.5		431.68		20.3285		79.348
20		0.5		432		20.3282		79.405
20		0.5		432.32		20.3342		79.4652
20		0.5		432.64		20.3431		79.523
20		0.5		432.96		20.3455		79.5784
20		0.5		433.28		20.3471		79.6396
20		0.5		433.6		20.3464		79.6947
20		0.5		433.92		20.3368		79.7481
20		0.5		434.24		20.3371		79.8082
20		0.5		434.56		20.3395		79.8694
20		0.5		434.88		20.3375		79.9324
20		0.5		435.2		20.3508		79.994
20		0.5		435.52		20.345		80.0485
20		0.5		435.84		20.336		80.1034
20		0.5		436.16		20.3378		80.1626
20		0.5		436.48		20.3326		80.2261
20		0.5		436.8		20.3326		80.2806
20		0.5		437.12		20.3315		80.3373
20		0.5		437.44		20.3351		80.3961
20		0.5		437.76		20.3294		80.4537
20		0.5		438.08		20.3201		80.5152
20		0.5		438.4		20.3206		80.5779
20		0.5		438.72		20.3189		80.6341
20		0.5		439.04		20.3138		80.6959
20		0.5		439.36		20.3001		80.7513
20		0.5		439.68		20.3045		80.8126
20		0.5		440		20.3116		80.8717
20		0.5		440.32		20.3149		80.926
20		0.5		440.64		20.3141		80.9839
20		0.5		440.96		20.3102		81.0365
20		0.5		441.28		20.3073		81.0965
20		0.5		441.6		20.3038		81.1502
20		0.5		441.92		20.3113		81.2073
20		0.5		442.24		20.3142		81.2675
20		0.5		442.56		20.3154		81.3237
20		0.5		442.88		20.3147		81.3795
20		0.5		443.2		20.3158		81.4384
20		0.5		443.52		20.3119		81.4951
20		0.5		443.84		20.3167		81.5595
20		0.5		444.16		20.3215		81.6147
20		0.5		444.48		20.3064		81.6738
20		0.5		444.8		20.3027		81.7278
20		0.5		445.12		20.3044		81.7896
20		0.5		445.44		20.2954		81.8471
20		0.5		445.76		20.2875		81.9033
20		0.5		446.08		20.2847		81.9625
20		0.5		446.4		20.2846		82.0222
20		0.5		446.72		20.2869		82.0862
20		0.5		447.04		20.2843		82.1469
20		0.5		447.36		20.2786		82.2089
20		0.5		447.68		20.2762		82.2645
20		0.5		448		20.2786		82.321
20		0.5		448.32		20.2745		82.3814
20		0.5		448.64		20.2659		82.4434
20		0.5		448.96		20.2624		82.5015
20		0.5		449.28		20.2604		82.5662
20		0.5		449.6		20.2546		82.6269
20		0.5		449.92		20.2625		82.6827
20		0.5		450.24		20.2592		82.7444
20		0.5		450.56		20.2673		82.8044
20		0.5		450.88		20.2673		82.8646
20		0.5		451.2		20.2708		82.9257
20		0.5		451.52		20.2714		82.9806
20		0.5		451.84		20.2676		83.0376
20		0.5		452.16		20.258		83.0938
20		0.5		452.48		20.254		83.1524
20		0.5		452.8		20.26		83.2077
20		0.5		453.12		20.2556		83.2682
20		0.5		453.44		20.2544		83.3278
20		0.5		453.76		20.2495		83.3871
20		0.5		454.08		20.2531		83.4433
20		0.5		454.4		20.2346		83.4999
20		0.5		454.72		20.2171		83.5575
20		0.5		455.04		20.222		83.614
20		0.5		455.36		20.2234		83.6673
20		0.5		455.68		20.2202		83.7305
20		0.5		456		20.221		83.7938
20		0.5		456.32		20.2149		83.8524
20		0.5		456.64		20.213		83.9079
20		0.5		456.96		20.2253		83.9619
20		0.5		457.28		20.2301		84.017
20		0.5		457.6		20.2322		84.0771
20		0.5		457.92		20.2339		84.1346
20		0.5		458.24		20.2464		84.1943
20		0.5		458.56		20.2443		84.2507
20		0.5		458.88		20.2394		84.309
20		0.5		459.2		20.2415		84.3703
20		0.5		459.52		20.2443		84.4269
20		0.5		459.84		20.243		84.4848
20		0.5		460.16		20.2483		84.5444
20		0.5		460.48		20.2431		84.6013
20		0.5		460.8		20.24		84.6608
20		0.5		461.12		20.2442		84.7217
20		0.5		461.44		20.2428		84.7801
20		0.5		461.76		20.2431		84.8382
20		0.5		462.08		20.2318		84.889
20		0.5		462.4		20.2305		84.9468
20		0.5		462.72		20.229		85.0053
20		0.5		463.04		20.236		85.0597
20		0.5		463.36		20.2361		85.1136
20		0.5		463.68		20.2321		85.1705
20		0.5		464		20.2258		85.2244
20		0.5		464.32		20.222		85.2789
20		0.5		464.64		20.2186		85.3355
20		0.5		464.96		20.2246		85.3889
20		0.5		465.28		20.2271		85.4469
20		0.5		465.6		20.2306		85.5071
20		0.5		465.92		20.2279		85.5636
20		0.5		466.24		20.2236		85.6176
20		0.5		466.56		20.2308		85.6799
20		0.5		466.88		20.2253		85.7351
20		0.5		467.2		20.226		85.7897
20		0.5		467.52		20.236		85.8418
20		0.5		467.84		20.2283		85.9008
20		0.5		468.16		20.2375		85.9577
20		0.5		468.48		20.2442		86.0137
20		0.5		468.8		20.251		86.0742
20		0.5		469.12		20.2525		86.1348
20		0.5		469.44		20.2629		86.1895
20		0.5		469.76		20.2725		86.25
20		0.5		470.08		20.2737		86.3075
20		0.5		470.4		20.2649		86.3639
20		0.5		470.72		20.2735		86.4241
20		0.5		471.04		20.2781		86.4859
20		0.5		471.36		20.2764		86.5408
20		0.5		471.68		20.2802		86.5992
20		0.5		472		20.2743		86.6576
20		0.5		472.32		20.2764		86.7157
20		0.5		472.64		20.2756		86.7743
20		0.5		472.96		20.2803		86.8356
20		0.5		473.28		20.2823		86.894
20		0.5		473.6		20.2754		86.958
20		0.5		473.92		20.2746		87.0152
20		0.5		474.24		20.2804		87.0775
20		0.5		474.56		20.2764		87.1355
20		0.5		474.88		20.2835		87.1923
20		0.5		475.2		20.2928		87.2513
20		0.5		475.52		20.296		87.3096
20		0.5		475.84		20.2871		87.3659
20		0.5		476.16		20.2907		87.4207
20		0.5		476.48		20.2944		87.4802
20		0.5		476.8		20.298		87.541
20		0.5		477.12		20.2971		87.6044
20		0.5		477.44		20.3059		87.6552
20		0.5		477.76		20.3013		87.7141
20		0.5		478.08		20.3095		87.7761
20		0.5		478.4		20.3145		87.8363
20		0.5		478.72		20.3126		87.895
20		0.5		479.04		20.3046		87.9521
20		0.5		479.36		20.3031		88.0139
20		0.5		479.68		20.3089		88.0685
20		0.5		480		20.3145		88.1216
20		0.5		480.32		20.309		88.1807
20		0.5		480.64		20.3035		88.2398
20		0.5		480.96		20.295		88.3012
20		0.5		481.28		20.291		88.3598
20		0.5		481.6		20.2925		88.4154
20		0.5		481.92		20.2879		88.4744
20		0.5		482.24		20.2827		88.535
20		0.5		482.56		20.2813		88.589
20		0.5		482.88		20.2944		88.6498
20		0.5		483.2		20.2976		88.704
20		0.5		483.52		20.2958		88.7631
20		0.5		483.84		20.2884		88.8247
20		0.5		484.16		20.2825		88.8826
20		0.5		484.48		20.2778		88.9387
20		0.5		484.8		20.2762		88.9973
20		0.5		485.12		20.2712		89.0556
20		0.5		485.44		20.2686		89.1128
20		0.5		485.76		20.2654		89.171
20		0.5		486.08		20.2683		89.2288
20		0.5		486.4		20.2647		89.2813
20		0.5		486.72		20.2649		89.3375
20		0.5		487.04		20.2702		89.3963
20		0.5		487.36		20.2784		89.4547
20		0.5		487.68		20.2785		89.5157
20		0.5		488		20.2819		89.5766
20		0.5		488.32		20.2834		89.6385
20		0.5		488.64		20.2803		89.6989
20		0.5		488.96		20.2789		89.757
20		0.5		489.28		20.2782		89.8172
20		0.5		489.6		20.266		89.8753
20		0.5		489.92		20.2516		89.9354
20		0.5		490.24		20.2632		89.9918
20		0.5		490.56		20.2668		90.0505
20		0.5		490.88		20.2766		90.1071
20		0.5		491.2		20.2765		90.1692
20		0.5		491.52		20.2825		90.2257
20		0.5		491.84		20.2723		90.2864
20		0.5		492.16		20.269		90.3469
20		0.5		492.48		20.2689		90.4071
20		0.5		492.8		20.27		90.464
20		0.5		493.12		20.2715		90.5234
20		0.5		493.44		20.267		90.5807
20		0.5		493.76		20.2754		90.6388
20		0.5		494.08		20.279		90.6955
20		0.5		494.4		20.2799		90.7553
20		0.5		494.72		20.2785		90.8158
20		0.5		495.04		20.2798		90.8774
20		0.5		495.36		20.2873		90.9336
20		0.5		495.68		20.2915		90.9917
20		0.5		496		20.2975		91.0495
20		0.5		496.32		20.2844		91.1085
20		0.5		496.64		20.2841		91.1638
20		0.5		496.96		20.2761		91.2178
20		0.5		497.28		20.2753		91.2763
20		0.5		497.6		20.2787		91.3377
20		0.5		497.92		20.2774		91.3962
20		0.5		498.24		20.2823		91.4555
20		0.5		498.56		20.2907		91.5148
20		0.5		498.88		20.2831		91.5736
20		0.5		499.2		20.287		91.6314
20		0.5		499.52		20.2887		91.6931
20		0.5		499.84		20.2988		91.7507
20		0.5		500.16		20.2977		91.8082
20		0.5		500.48		20.2903		91.8649
20		0.5		500.8		20.2879		91.9226
20		0.5		501.12		20.2895		91.9817
20		0.5		501.44		20.292		92.0423
20		0.5		501.76		20.2887		92.1022
20		0.5		502.08		20.2812		92.1587
20		0.5		502.4		20.2785		92.2148
20		0.5		502.72		20.2803		92.2751
20		0.5		503.04		20.2812		92.3335
20		0.5		503.36		20.2769		92.3885
20		0.5		503.68		20.2767		92.4414
20		0.5		504		20.2785		92.4981
20		0.5		504.32		20.2816		92.5568
20		0.5		504.64		20.2813		92.6125
20		0.5		504.96		20.2783		92.6707
20		0.5		505.28		20.2733		92.7313
20		0.5		505.6		20.2689		92.7875
20		0.5		505.92		20.2583		92.8412
20		0.5		506.24		20.265		92.8978
20		0.5		506.56		20.2726		92.9559
20		0.5		506.88		20.2693		93.0162
20		0.5		507.2		20.2754		93.0753
20		0.5		507.52		20.2721		93.1334
20		0.5		507.84		20.267		93.1923
20		0.5		508.16		20.2637		93.2513
20		0.5		508.48		20.2678		93.3084
20		0.5		508.8		20.2716		93.3626
20		0.5		509.12		20.2811		93.4236
20		0.5		509.44		20.2851		93.482
20		0.5		509.76		20.2874		93.5441
20		0.5		510.08		20.2949		93.6046
20		0.5		510.4		20.289		93.6644
20		0.5		510.72		20.2943		93.7199
20		0.5		511.04		20.2915		93.7801
20		0.5		511.36		20.2822		93.8359
20		0.5		511.68		20.288		93.8935
20		0.5		512		20.2879		93.9507
20		0.5		512.32		20.2814		94.0051
20		0.5		512.64		20.2818		94.0645
20		0.5		512.96		20.2957		94.1268
20		0.5		513.28		20.2785		94.1867
20		0.5		513.6		20.2699		94.2425
20		0.5		513.92		20.2718		94.3029
20		0.5		514.24		20.2644		94.3607
20		0.5		514.56		20.2674		94.4136
20		0.5		514.88		20.2657		94.4715
20		0.5		515.2		20.2717		94.5254
20		0.5		515.52		20.2726		94.5847
20		0.5		515.84		20.2673		94.6461
20		0.5		516.16		20.2736		94.7025
20		0.5		516.48		20.2674		94.7635
20		0.5		516.8		20.2579		94.8215
20		0.5		517.12		20.2459		94.882
20		0.5		517.44		20.2457		94.9396
20		0.5		517.76		20.2457		94.999
20		0.5		518.08		20.2342		95.06
20		0.5		518.4		20.2375		95.1177
20		0.5		518.72		20.2429		95.177
20		0.5		519.04		20.2398		95.2339
20		0.5		519.36		20.2374		95.2895
20		0.5		519.68		20.2371		95.346
20		0.5		520		20.2326		95.406
20		0.5		520.32		20.2364		95.4626
20		0.5		520.64		20.2365		95.5207
20		0.5		520.96		20.2378		95.5806
20		0.5		521.28		20.2545		95.6408
20		0.5		521.6		20.2608		95.6922
20		0.5		521.92		20.2606		95.7557
20		0.5		522.24		20.2617		95.8193
20		0.5		522.56		20.2586		95.8784
20		0.5		522.88		20.2513		95.9409
20		0.5		523.2		20.2517		95.999
20		0.5		523.52		20.2547		96.0533
20		0.5		523.84		20.2682		96.1164
20		0.5		524.16		20.2671		96.174
20		0.5		524.48		20.2662		96.2363
20		0.5		524.8		20.2695		96.2882
20		0.5		525.12		20.2801		96.3446
20		0.5		525.44		20.2702		96.4041
20		0.5		525.76		20.2648		96.46
20		0.5		526.08		20.2653		96.5183
20		0.5		526.4		20.265		96.5781
20		0.5		526.72		20.2665		96.6372
20		0.5		527.04		20.2785		96.6986
20		0.5		527.36		20.2811		96.7561
20		0.5		527.68		20.2885		96.8136
20		0.5		528		20.2894		96.8713
20		0.5		528.32		20.2888		96.9349
20		0.5		528.64		20.2771		96.9919
20		0.5		528.96		20.2809		97.0533
20		0.5		529.28		20.2711		97.1127
20		0.5		529.6		20.2752		97.1733
20		0.5		529.92		20.2795		97.2315
20		0.5		530.24		20.276		97.2883
20		0.5		530.56		20.2777		97.3467
20		0.5		530.88		20.2772		97.4081
20		0.5		531.2		20.2789		97.4683
20		0.5		531.52		20.2858		97.5273
20		0.5		531.84		20.2965		97.5851
20		0.5		532.16		20.2907		97.6441
20		0.5		532.48		20.2919		97.704
20		0.5		532.8		20.2942		97.7623
20		0.5		533.12		20.2928		97.8207
20		0.5		533.44		20.2878		97.8782
20		0.5		533.76		20.2865		97.9361
20		0.5		534.08		20.2848		97.9968
20		0.5		534.4		20.2819		98.0526
20		0.5		534.72		20.2812		98.1055
20		0.5		535.04		20.282		98.1649
20		0.5		535.36		20.2756		98.2217
20		0.5		535.68		20.2813		98.2808
20		0.5		536		20.2813		98.3391
20		0.5		536.32		20.2787		98.3965
20		0.5		536.64		20.2796		98.4566
20		0.5		536.96		20.2831		98.5193
20		0.5		537.28		20.2723		98.578
20		0.5		537.6		20.28		98.6303
20		0.5		537.92		20.2818		98.6906
20		0.5		538.24		20.2737		98.752
20		0.5		538.56		20.2671		98.8119
20		0.5		538.88		20.273		98.872
20		0.5		539.2		20.2763		98.9303
20		0.5		539.52		20.2789		98.9859
20		0.5		539.84		20.2874		99.0445
20		0.5		540.16		20.2812		99.1049
20		0.5		540.48		20.279		99.164
20		0.5		540.8		20.2838		99.2195
20		0.5		541.12		20.2872		99.2784
20		0.5		541.44		20.2749		99.3394
20		0.5		541.76		20.2753		99.3993
20		0.5		542.08		20.2725		99.4601
20		0.5		542.4		20.272		99.5219
20		0.5		542.72		20.2692		99.5785
20		0.5		543.04		20.2785		99.6383
20		0.5		543.36		20.2707		99.6982
20		0.5		543.68		20.2732		99.7535
20		0.5		544		20.2719		99.8116
20		0.5		544.32		20.2698		99.8724
20		0.5		544.64		20.279		99.932
20		0.5		544.96		20.2803		99.9937
20		0.5		545.28		20.2755		100.049
20		0.5		545.6		20.2734		100.107
20		0.5		545.92		20.28		100.165
20		0.5		546.24		20.2879		100.223
20		0.5		546.56		20.287		100.279
20		0.5		546.88		20.2855		100.339
20		0.5		547.2		20.2895		100.397
20		0.5		547.52		20.2872		100.456
20		0.5		547.84		20.2939		100.511
20		0.5		548.16		20.2927		100.565
20		0.5		548.48		20.2983		100.631
20		0.5		548.8		20.2982		100.693
20		0.5		549.12		20.2953		100.747
20		0.5		549.44		20.295		100.807
20		0.5		549.76		20.2922		100.866
20		0.5		550.08		20.2889		100.923
20		0.5		550.4		20.2927		100.984
20		0.5		550.72		20.2929		101.04
20		0.5		551.04		20.2946		101.099
20		0.5		551.36		20.2936		101.157
20		0.5		551.68		20.3005		101.208
20		0.5		552		20.3083		101.265
20		0.5		552.32		20.3037		101.319
20		0.5		552.64		20.2981		101.376
20		0.5		552.96		20.292		101.435
20		0.5		553.28		20.2879		101.491
20		0.5		553.6		20.277		101.551
20		0.5		553.92		20.2733		101.605
20		0.5		554.24		20.2746		101.661
20		0.5		554.56		20.2799		101.718
20		0.5		554.88		20.2737		101.775
20		0.5		555.2		20.2763		101.831
20		0.5		555.52		20.2572		101.889
20		0.5		555.84		20.2577		101.951
20		0.5		556.16		20.2663		102.008
20		0.5		556.48		20.2671		102.067
20		0.5		556.8		20.2692		102.127
20		0.5		557.12		20.2693		102.183
20		0.5		557.44		20.2817		102.241
20		0.5		557.76		20.2784		102.299
20		0.5		558.08		20.2799		102.354
20		0.5		558.4		20.2786		102.417
20		0.5		558.72		20.2731		102.475
20		0.5		559.04		20.2754		102.532
20		0.5		559.36		20.2672		102.589
20		0.5		559.68		20.2603		102.65
20		0.5		560		20.2619		102.714
20		0.5		560.32		20.2568		102.77
20		0.5		560.64		20.2573		102.828
20		0.5		560.96		20.2547		102.885
20		0.5		561.28		20.2508		102.943
20		0.5		561.6		20.2435		103.002
20		0.5		561.92		20.2382		103.063
20		0.5		562.24		20.2349		103.121
20		0.5		562.56		20.2304		103.178
20		0.5		562.88		20.2255		103.237
20		0.5		563.2		20.2326		103.294
20		0.5		563.52		20.2383		103.351
20		0.5		563.84		20.2566		103.414
20		0.5		564.16		20.2483		103.472
20		0.5		564.48		20.2466		103.532
20		0.5		564.8		20.2476		103.582
20		0.5		565.12		20.242		103.642
20		0.5		565.44		20.2409		103.7
20		0.5		565.76		20.2439		103.757
20		0.5		566.08		20.245		103.818
20		0.5		566.4		20.244		103.882
20		0.5		566.72		20.2472		103.941
20		0.5		567.04		20.2411		104.002
20		0.5		567.36		20.2383		104.06
20		0.5		567.68		20.2323		104.119
20		0.5		568		20.239		104.176
20		0.5		568.32		20.2303		104.236
20		0.5		568.64		20.2411		104.29
20		0.5		568.96		20.2328		104.35
20		0.5		569.28		20.2374		104.405
20		0.5		569.6		20.2422		104.466
20		0.5		569.92		20.227		104.521
20		0.5		570.24		20.2164		104.576
20		0.5		570.56		20.2239		104.632
20		0.5		570.88		20.2187		104.689
20		0.5		571.2		20.221		104.75
20		0.5		571.52		20.2169		104.814
20		0.5		571.84		20.211		104.875
20		0.5		572.16		20.2099		104.935
20		0.5		572.48		20.2204		104.991
20		0.5		572.8		20.2175		105.056
20		0.5		573.12		20.2168		105.118
20		0.5		573.44		20.2131		105.175
20		0.5		573.76		20.2153		105.233
20		0.5		574.08		20.2134		105.289
20		0.5		574.4		20.215		105.345
20		0.5		574.72		20.2129		105.402
20		0.5		575.04		20.2079		105.46
20		0.5		575.36		20.2133		105.518
20		0.5		575.68		20.2118		105.576
20		0.5		576		20.2101		105.633
20		0.5		576.32		20.2118		105.697
20		0.5		576.64		20.214		105.761
20		0.5		576.96		20.2095		105.821
20		0.5		577.28		20.2166		105.876
20		0.5		577.6		20.2191		105.935
20		0.5		577.92		20.2259		105.99
20		0.5		578.24		20.2303		106.046
20		0.5		578.56		20.2297		106.108
20		0.5		578.88		20.2202		106.16
20		0.5		579.2		20.2151		106.219
20		0.5		579.52		20.2104		106.276
20		0.5		579.84		20.2071		106.334
20		0.5		580.16		20.1973		106.394
20		0.5		580.48		20.2071		106.458
20		0.5		580.8		20.2106		106.521
20		0.5		581.12		20.205		106.576
20		0.5		581.44		20.2085		106.635
20		0.5		581.76		20.2136		106.699
20		0.5		582.08		20.2186		106.751
20		0.5		582.4		20.2172		106.816
20		0.5		582.72		20.2207		106.874
20		0.5		583.04		20.2228		106.935
20		0.5		583.36		20.2189		106.996
20		0.5		583.68		20.2137		107.054
20		0.5		584		20.2064		107.111
20		0.5		584.32		20.1936		107.17
20		0.5		584.64		20.1924		107.227
20		0.5		584.96		20.1871		107.284
20		0.5		585.28		20.1853		107.34
20		0.5		585.6		20.1868		107.399
20		0.5		585.92		20.1771		107.458
20		0.5		586.24		20.1844		107.517
20		0.5		586.56		20.1827		107.573
20		0.5		586.88		20.174		107.637
20		0.5		587.2		20.1808		107.69
20		0.5		587.52		20.1867		107.749
20		0.5		587.84		20.1876		107.807
20		0.5		588.16		20.1866		107.864
20		0.5		588.48		20.1804		107.921
20		0.5		588.8		20.1686		107.978
20		0.5		589.12		20.1676		108.032
20		0.5		589.44		20.1729		108.086
20		0.5		589.76		20.1763		108.145
20		0.5		590.08		20.1696		108.199
20		0.5		590.4		20.1725		108.259
20		0.5		590.72		20.1769		108.317
20		0.5		591.04		20.1722		108.377
20		0.5		591.36		20.1715		108.435
20		0.5		591.68		20.1683		108.49
20		0.5		592		20.1585		108.549
20		0.5		592.32		20.1525		108.607
20		0.5		592.64		20.1516		108.664
20		0.5		592.96		20.1475		108.723
20		0.5		593.28		20.1527		108.788
20		0.5		593.6		20.1574		108.845
20		0.5		593.92		20.15		108.906
20		0.5		594.24		20.1482		108.964
20		0.5		594.56		20.1463		109.022
20		0.5		594.88		20.1495		109.08
20		0.5		595.2		20.1436		109.135
20		0.5		595.52		20.1586		109.192
20		0.5		595.84		20.1559		109.253
20		0.5		596.16		20.1576		109.311
20		0.5		596.48		20.1548		109.372
20		0.5		596.8		20.1609		109.435
20		0.5		597.12		20.1623		109.494
20		0.5		597.44		20.148		109.551
20		0.5		597.76		20.1363		109.606
20		0.5		598.08		20.1418		109.661
20		0.5		598.4		20.1269		109.72
20		0.5		598.72		20.1305		109.784
20		0.5		599.04		20.1249		109.844
20		0.5		599.36		20.1303		109.898
20		0.5		599.68		20.127		109.955
20		0.5		600		20.1364		110.014
20		0.5		600.32		20.1468		110.077
20		0.5		600.64		20.1493		110.135
20		0.5		600.96		20.1405		110.191
20		0.5		601.28		20.1468		110.251
20		0.5		601.6		20.1393		110.31
20		0.5		601.92		20.1434		110.367
20		0.5		602.24		20.1406		110.428
20		0.5		602.56		20.1426		110.483
20		0.5		602.88		20.1467		110.538
20		0.5		603.2		20.1465		110.6
20		0.5		603.52		20.1439		110.654
20		0.5		603.84		20.1293		110.711
20		0.5		604.16		20.1371		110.771
20		0.5		604.48		20.1326		110.828
20		0.5		604.8		20.133		110.884
20		0.5		605.12		20.1289		110.946
20		0.5		605.44		20.1316		111.005
20		0.5		605.76		20.1256		111.063
20		0.5		606.08		20.1242		111.13
20		0.5		606.4		20.1261		111.19
20		0.5		606.72		20.1226		111.251
20		0.5		607.04		20.1175		111.306
20		0.5		607.36		20.1296		111.361
20		0.5		607.68		20.1327		111.424
20		0.5		608		20.1436		111.487
20		0.5		608.32		20.1531		111.542
20		0.5		608.64		20.1547		111.604
20		0.5		608.96		20.1531		111.661
20		0.5		609.28		20.1573		111.72
20		0.5		609.6		20.1598		111.779
20		0.5		609.92		20.1619		111.841
20		0.5		610.24		20.1576		111.903
20		0.5		610.56		20.1555		111.964
20		0.5		610.88		20.1617		112.02
20		0.5		611.2		20.1628		112.077
20		0.5		611.52		20.1567		112.139
20		0.5		611.84		20.1556		112.2
20		0.5		612.16		20.1552		112.256
20		0.5		612.48		20.1547		112.314
20		0.5		612.8		20.157		112.373
20		0.5		613.12		20.1542		112.433
20		0.5		613.44		20.154		112.49
20		0.5		613.76		20.1546		112.546
20		0.5		614.08		20.1566		112.604
20		0.5		614.4		20.1511		112.663
20		0.5		614.72		20.1481		112.725
20		0.5		615.04		20.1608		112.784
20		0.5		615.36		20.1579		112.841
20		0.5		615.68		20.1633		112.9
20		0.5		616		20.1573		112.957
20		0.5		616.32		20.1675		113.017
20		0.5		616.64		20.1583		113.079
20		0.5		616.96		20.1462		113.138
20		0.5		617.28		20.1432		113.2
20		0.5		617.6		20.1435		113.26
20		0.5		617.92		20.1497		113.318
20		0.5		618.24		20.1549		113.377
20		0.5		618.56		20.1564		113.441
20		0.5		618.88		20.1645		113.502
20		0.5		619.2		20.1626		113.559
20		0.5		619.52		20.162		113.619
20		0.5		619.84		20.1647		113.674
20		0.5		620.16		20.1617		113.736
20		0.5		620.48		20.1497		113.8
20		0.5		620.8		20.1486		113.858
20		0.5		621.12		20.1427		113.917
20		0.5		621.44		20.1515		113.974
20		0.5		621.76		20.1427		114.033
20		0.5		622.08		20.1531		114.091
20		0.5		622.4		20.1644		114.147
20		0.5		622.72		20.1814		114.208
20		0.5		623.04		20.1848		114.269
20		0.5		623.36		20.1971		114.325
20		0.5		623.68		20.2008		114.387
20		0.5		624		20.2048		114.45
20		0.5		624.32		20.1962		114.506
20		0.5		624.64		20.1913		114.563
20		0.5		624.96		20.1967		114.616
20		0.5		625.28		20.2028		114.675
20		0.5		625.6		20.2013		114.738
20		0.5		625.92		20.204		114.794
20		0.5		626.24		20.1983		114.85
20		0.5		626.56		20.2033		114.905
20		0.5		626.88		20.2003		114.961
20		0.5		627.2		20.2025		115.018
20		0.5		627.52		20.1903		115.078
20		0.5		627.84		20.1994		115.141
20		0.5		628.16		20.2035		115.197
20		0.5		628.48		20.1951		115.252
20		0.5		628.8		20.198		115.311
20		0.5		629.12		20.2		115.368
20		0.5		629.44		20.2023		115.426
20		0.5		629.76		20.2026		115.489
20		0.5		630.08		20.2066		115.554
20		0.5		630.4		20.2026		115.614
20		0.5		630.72		20.2055		115.673
20		0.5		631.04		20.2006		115.729
20		0.5		631.36		20.1955		115.784
20		0.5		631.68		20.1962		115.844
20		0.5		632		20.2011		115.902
20		0.5		632.32		20.1976		115.959
20		0.5		632.64		20.1993		116.016
20		0.5		632.96		20.2054		116.074
20		0.5		633.28		20.2022		116.134
20		0.5		633.6		20.2079		116.195
20		0.5		633.92		20.212		116.258
20		0.5		634.24		20.2138		116.315
20		0.5		634.56		20.2106		116.376
20		0.5		634.88		20.2127		116.433
20		0.5		635.2		20.2144		116.495
20		0.5		635.52		20.203		116.553
20		0.5		635.84		20.213		116.614
20		0.5		636.16		20.2176		116.672
20		0.5		636.48		20.2193		116.728
20		0.5		636.8		20.2177		116.788
20		0.5		637.12		20.2254		116.845
20		0.5		637.44		20.2367		116.905
20		0.5		637.76		20.2331		116.963
20		0.5		638.08		20.2298		117.023
20		0.5		638.4		20.2169		117.083
20		0.5		638.72		20.2199		117.138
20		0.5		639.04		20.2243		117.194
20		0.5		639.36		20.2308		117.255
20		0.5		639.68		20.2453		117.311
20		0.5		640		20.2561		117.369
20		0.5		640.32		20.2628		117.429
20		0.5		640.64		20.2547		117.486
20		0.5		640.96		20.2582		117.543
20		0.5		641.28		20.2546		117.602
20		0.5		641.6		20.2502		117.664
20		0.5		641.92		20.2434		117.723
20		0.5		642.24		20.2354		117.778
20		0.5		642.56		20.2398		117.843
20		0.5		642.88		20.2317		117.902
20		0.5		643.2		20.2328		117.963
20		0.5		643.52		20.2292		118.019
20		0.5		643.84		20.2287		118.079
20		0.5		644.16		20.2317		118.134
20		0.5		644.48		20.2339		118.195
20		0.5		644.8		20.243		118.25
20		0.5		645.12		20.2401		118.308
20		0.5		645.44		20.2385		118.364
20		0.5		645.76		20.2356		118.424
20		0.5		646.08		20.239		118.491
20		0.5		646.4		20.2313		118.548
20		0.5		646.72		20.2329		118.612
20		0.5		647.04		20.2251		118.673
20		0.5		647.36		20.2374		118.733
20		0.5		647.68		20.2459		118.781
20		0.5		648		20.2438		118.839
20		0.5		648.32		20.2411		118.9
20		0.5		648.64		20.2443		118.952
20		0.5		648.96		20.2426		119.011
20		0.5		649.28		20.2423		119.066
20		0.5		649.6		20.2481		119.12
20		0.5		649.92		20.2452		119.181
20		0.5		650.24		20.2434		119.24
20		0.5		650.56		20.2369		119.294
20		0.5		650.88		20.2361		119.353
20		0.5		651.2		20.2338		119.411
20		0.5		651.52		20.2415		119.466
20		0.5		651.84		20.243		119.525
20		0.5		652.16		20.2448		119.584
20		0.5		652.48		20.2354		119.639
20		0.5		652.8		20.2259		119.699
20		0.5		653.12		20.2285		119.764
20		0.5		653.44		20.2279		119.821
20		0.5		653.76		20.2326		119.879
20		0.5		654.08		20.24		119.938
20		0.5		654.4		20.2421		119.995
20		0.5		654.72		20.2418		120.054
20		0.5		655.04		20.237		120.11
20		0.5		655.36		20.2461		120.166
20		0.5		655.68		20.2507		120.219
20		0.5		656		20.2612		120.277
20		0.5		656.32		20.2706		120.339
20		0.5		656.64		20.2847		120.399
20		0.5		656.96		20.2869		120.453
20		0.5		657.28		20.2994		120.512
20		0.5		657.6		20.3105		120.571
20		0.5		657.92		20.3073		120.629
20		0.5		658.24		20.3176		120.685
20		0.5		658.56		20.3182		120.749
20		0.5		658.88		20.3158		120.809
20		0.5		659.2		20.3074		120.867
20		0.5		659.52		20.3096		120.921
20		0.5		659.84		20.3147		120.979
20		0.5		660.16		20.3218		121.038
20		0.5		660.48		20.3259		121.102
20		0.5		660.8		20.3217		121.158
20		0.5		661.12		20.3255		121.214
20		0.5		661.44		20.3267		121.266
20		0.5		661.76		20.327		121.324
20		0.5		662.08		20.3278		121.381
20		0.5		662.4		20.3257		121.443
20		0.5		662.72		20.3356		121.502
20		0.5		663.04		20.3416		121.565
20		0.5		663.36		20.3367		121.623
20		0.5		663.68		20.3345		121.68
20		0.5		664		20.3344		121.744
20		0.5		664.32		20.3385		121.804
20		0.5		664.64		20.3454		121.865
20		0.5		664.96		20.3413		121.922
20		0.5		665.28		20.3403		121.979
20		0.5		665.6		20.341		122.035
20		0.5		665.92		20.335		122.092
20		0.5		666.24		20.3389		122.154
20		0.5		666.56		20.3443		122.209
20		0.5		666.88		20.3426		122.272
20		0.5		667.2		20.351		122.333
20		0.5		667.52		20.3465		122.395
20		0.5		667.84		20.3523		122.456
20		0.5		668.16		20.3564		122.511
20		0.5		668.48		20.3559		122.569
20		0.5		668.8		20.3542		122.625
20		0.5		669.12		20.3412		122.685
20		0.5		669.44		20.3367		122.737
20		0.5		669.76		20.3393		122.793
20		0.5		670.08		20.333		122.85
20		0.5		670.4		20.3265		122.913
20		0.5		670.72		20.3183		122.975
20		0.5		671.04		20.3247		123.031
20		0.5		671.36		20.3278		123.09
20		0.5		671.68		20.3253		123.146
20		0.5		672		20.3197		123.206
20		0.5		672.32		20.3097		123.264
20		0.5		672.64		20.3058		123.323
20		0.5		672.96		20.3076		123.383
20		0.5		673.28		20.3034		123.44
20		0.5		673.6		20.3082		123.496
20		0.5		673.92		20.3078		123.555
20		0.5		674.24		20.3029		123.616
20		0.5		674.56		20.3033		123.674
20		0.5		674.88		20.2995		123.733
20		0.5		675.2		20.2993		123.789
20		0.5		675.52		20.3007		123.851
20		0.5		675.84		20.2956		123.91
20		0.5		676.16		20.3028		123.966
20		0.5		676.48		20.3047		124.026
20		0.5		676.8		20.3034		124.083
20		0.5		677.12		20.3085		124.138
20		0.5		677.44		20.3144		124.197
20		0.5		677.76		20.3092		124.253
20		0.5		678.08		20.3077		124.312
20		0.5		678.4		20.3083		124.368
20		0.5		678.72		20.3047		124.428
20		0.5		679.04		20.3087		124.485
20		0.5		679.36		20.2992		124.546
20		0.5		679.68		20.2998		124.603
20		0.5		680		20.3		124.67
20		0.5		680.32		20.3059		124.732
20		0.5		680.64		20.2994		124.791
20		0.5		680.96		20.2896		124.849
20		0.5		681.28		20.2904		124.905
20		0.5		681.6		20.2901		124.967
20		0.5		681.92		20.2767		125.025
20		0.5		682.24		20.2681		125.08
20		0.5		682.56		20.2639		125.133
20		0.5		682.88		20.2678		125.192
20		0.5		683.2		20.2659		125.251
20		0.5		683.52		20.2727		125.309
20		0.5		683.84		20.2599		125.365
20		0.5		684.16		20.2597		125.427
20		0.5		684.48		20.2585		125.485
20		0.5		684.8		20.2659		125.546
20		0.5		685.12		20.2657		125.604
20		0.5		685.44		20.2581		125.662
20		0.5		685.76		20.2531		125.724
20		0.5		686.08		20.2541		125.786
20		0.5		686.4		20.2548		125.847
20		0.5		686.72		20.253		125.907
20		0.5		687.04		20.2425		125.965
20		0.5		687.36		20.2478		126.025
20		0.5		687.68		20.2528		126.086
20		0.5		688		20.2513		126.146
20		0.5		688.32		20.2514		126.201
20		0.5		688.64		20.2495		126.261
20		0.5		688.96		20.2521		126.323
20		0.5		689.28		20.2597		126.383
20		0.5		689.6		20.2479		126.442
20		0.5		689.92		20.2371		126.501
20		0.5		690.24		20.2233		126.556
20		0.5		690.56		20.2151		126.615
20		0.5		690.88		20.219		126.678
20		0.5		691.2		20.2182		126.738
20		0.5		691.52		20.224		126.8
20		0.5		691.84		20.2128		126.855
20		0.5		692.16		20.2108		126.91
20		0.5		692.48		20.2069		126.97
20		0.5		692.8		20.2025		127.029
20		0.5		693.12		20.2073		127.087
20		0.5		693.44		20.2179		127.152
20		0.5		693.76		20.2114		127.208
20		0.5		694.08		20.2041		127.267
20		0.5		694.4		20.2116		127.325
20		0.5		694.72		20.2087		127.383
20		0.5		695.04		20.2157		127.447
20		0.5		695.36		20.2325		127.503
20		0.5		695.68		20.2333		127.563
20		0.5		696		20.2372		127.62
20		0.5		696.32		20.2419		127.681
20		0.5		696.64		20.2471		127.736
20		0.5		696.96		20.2639		127.795
20		0.5		697.28		20.2726		127.848
20		0.5		697.6		20.2743		127.909
20		0.5		697.92		20.2811		127.969
20		0.5		698.24		20.2789		128.03
20		0.5		698.56		20.2762		128.091
20		0.5		698.88		20.2812		128.147
20		0.5		699.2		20.2801		128.207
20		0.5		699.52		20.2821		128.267
20		0.5		699.84		20.2871		128.318
20		0.5		700.16		20.2765		128.377
20		0.5		700.48		20.275		128.438
20		0.5		700.8		20.2853		128.492
20		0.5		701.12		20.2847		128.551
20		0.5		701.44		20.2739		128.61
20		0.5		701.76		20.2816		128.67
20		0.5		702.08		20.2851		128.737
20		0.5		702.4		20.2898		128.796
20		0.5		702.72		20.2895		128.85
20		0.5		703.04		20.2919		128.914
20		0.5		703.36		20.2873		128.97
20		0.5		703.68		20.2963		129.034
20		0.5		704		20.2869		129.091
20		0.5		704.32		20.2856		129.154
20		0.5		704.64		20.2892		129.213
20		0.5		704.96		20.2969		129.275
20		0.5		705.28		20.3004		129.332
20		0.5		705.6		20.2944		129.39
20		0.5		705.92		20.2955		129.45
20		0.5		706.24		20.2951		129.511
20		0.5		706.56		20.2953		129.57
20		0.5		706.88		20.2917		129.627
20		0.5		707.2		20.3033		129.683
20		0.5		707.52		20.303		129.737
20		0.5		707.84		20.3163		129.795
20		0.5		708.16		20.3297		129.861
20		0.5		708.48		20.3256		129.921
20		0.5		708.8		20.3259		129.983
20		0.5		709.12		20.3179		130.036
20		0.5		709.44		20.3109		130.094
20		0.5		709.76		20.3099		130.147
20		0.5		710.08		20.3072		130.208
20		0.5		710.4		20.3014		130.268
20		0.5		710.72		20.3027		130.327
20		0.5		711.04		20.3045		130.388
20		0.5		711.36		20.3001		130.445
20		0.5		711.68		20.2921		130.507
20		0.5		712		20.2904		130.559
20		0.5		712.32		20.2888		130.615
20		0.5		712.64		20.2895		130.672
20		0.5		712.96		20.2923		130.728
20		0.5		713.28		20.2928		130.785
20		0.5		713.6		20.2934		130.842
20		0.5		713.92		20.2812		130.898
20		0.5		714.24		20.2757		130.957
20		0.5		714.56		20.2689		131.013
20		0.5		714.88		20.2735		131.071
20		0.5		715.2		20.2692		131.127
20		0.5		715.52		20.2793		131.181
20		0.5		715.84		20.2869		131.238
20		0.5		716.16		20.2759		131.295
20		0.5		716.48		20.2759		131.354
20		0.5		716.8		20.2831		131.407
20		0.5		717.12		20.2797		131.471
20		0.5		717.44		20.2771		131.53
20		0.5		717.76		20.2726		131.587
20		0.5		718.08		20.2627		131.641
20		0.5		718.4		20.2672		131.704
20		0.5		718.72		20.266		131.765
20		0.5		719.04		20.2739		131.82
20		0.5		719.36		20.2718		131.88
20		0.5		719.68		20.2749		131.934
20		0.5		720		20.2759		131.99
20		0.5		720.32		20.2838		132.045
20		0.5		720.64		20.2841		132.104
20		0.5		720.96		20.2828		132.16
20		0.5		721.28		20.2833		132.222
20		0.5		721.6		20.2893		132.283
20		0.5		721.92		20.2905		132.343
20		0.5		722.24		20.2806		132.405
20		0.5		722.56		20.2845		132.465
20		0.5		722.88		20.2738		132.518
20		0.5		723.2		20.2684		132.578
20		0.5		723.52		20.2629		132.639
20		0.5		723.84		20.2685		132.698
20		0.5		724.16		20.2605		132.756
20		0.5		724.48		20.2608		132.816
20		0.5		724.8		20.2512		132.881
20		0.5		725.12		20.2488		132.942
20		0.5		725.44		20.2508		133.003
20		0.5		725.76		20.2612		133.059
20		0.5		726.08		20.2647		133.113
20		0.5		726.4		20.2529		133.173
20		0.5		726.72		20.2467		133.236
20		0.5		727.04		20.2424		133.301
20		0.5		727.36		20.2496		133.365
20		0.5		727.68		20.2474		133.425
20		0.5		728		20.2451		133.481
20		0.5		728.32		20.2497		133.536
20		0.5		728.64		20.2516		133.597
20		0.5		728.96		20.257		133.652
20		0.5		729.28		20.2572		133.71
20		0.5		729.6		20.2611		133.767
20		0.5		729.92		20.2589		133.826
20		0.5		730.24		20.2553		133.885
20		0.5		730.56		20.2608		133.944
20		0.5		730.88		20.2538		134.001
20		0.5		731.2		20.2589		134.059
20		0.5		731.52		20.2586		134.111
20		0.5		731.84		20.2612		134.169
20		0.5		732.16		20.2531		134.231
20		0.5		732.48		20.2534		134.288
20		0.5		732.8		20.255		134.342
20		0.5		733.12		20.245		134.398
20		0.5		733.44		20.2437		134.454
20		0.5		733.76		20.2553		134.51
20		0.5		734.08		20.2576		134.573
20		0.5		734.4		20.2518		134.631
20		0.5		734.72		20.2503		134.687
20		0.5		735.04		20.2595		134.75
20		0.5		735.36		20.2431		134.802
20		0.5		735.68		20.237		134.86
20		0.5		736		20.2431		134.923
20		0.5		736.32		20.2422		134.978
20		0.5		736.64		20.2474		135.031
20		0.5		736.96		20.2497		135.089
20		0.5		737.28		20.2585		135.147
20		0.5		737.6		20.2644		135.204
20		0.5		737.92		20.2624		135.262
20		0.5		738.24		20.2662		135.321
20		0.5		738.56		20.2652		135.383
20		0.5		738.88		20.2729		135.442
20		0.5		739.2		20.2738		135.503
20		0.5		739.52		20.2736		135.566
20		0.5		739.84		20.2716		135.622
20		0.5		740.16		20.2691		135.684
20		0.5		740.48		20.2622		135.74
20		0.5		740.8		20.2634		135.801
20		0.5		741.12		20.2752		135.858
20		0.5		741.44		20.2705		135.916
20		0.5		741.76		20.2651		135.978
20		0.5		742.08		20.258		136.032
20		0.5		742.4		20.2523		136.089
20		0.5		742.72		20.2458		136.146
20		0.5		743.04		20.2533		136.204
20		0.5		743.36		20.2474		136.261
20		0.5		743.68		20.2357		136.325
20		0.5		744		20.2314		136.384
20		0.5		744.32		20.2351		136.444
20		0.5		744.64		20.2491		136.505
20		0.5		744.96		20.2434		136.565
20		0.5		745.28		20.2497		136.62
20		0.5		745.6		20.25		136.679
20		0.5		745.92		20.251		136.738
20		0.5		746.24		20.2351		136.796
20		0.5		746.56		20.2335		136.854
20		0.5		746.88		20.2415		136.915
20		0.5		747.2		20.2371		136.977
20		0.5		747.52		20.2408		137.035
20		0.5		747.84		20.2356		137.093
20		0.5		748.16		20.2349		137.148
20		0.5		748.48		20.2229		137.203
20		0.5		748.8		20.2217		137.261
20		0.5		749.12		20.2146		137.318
20		0.5		749.44		20.2174		137.377
20		0.5		749.76		20.2102		137.438
20		0.5		750.08		20.2054		137.493
20		0.5		750.4		20.21		137.55
20		0.5		750.72		20.2116		137.61
20		0.5		751.04		20.2149		137.671
20		0.5		751.36		20.2115		137.731
20		0.5		751.68		20.2143		137.788
20		0.5		752		20.2143		137.842
20		0.5		752.32		20.2124		137.903
20		0.5		752.64		20.225		137.963
20		0.5		752.96		20.2263		138.018
20		0.5		753.28		20.2362		138.076
20		0.5		753.6		20.2434		138.136
20		0.5		753.92		20.2435		138.192
20		0.5		754.24		20.2341		138.249
20		0.5		754.56		20.2281		138.308
20		0.5		754.88		20.2295		138.368
20		0.5		755.2		20.2362		138.425
20		0.5		755.52		20.2442		138.484
20		0.5		755.84		20.2434		138.543
20		0.5		756.16		20.2401		138.602
20		0.5		756.48		20.2339		138.66
20		0.5		756.8		20.238		138.722
20		0.5		757.12		20.2314		138.781
20		0.5		757.44		20.2285		138.84
20		0.5		757.76		20.2309		138.907
20		0.5		758.08		20.2348		138.968
20		0.5		758.4		20.2254		139.03
20		0.5		758.72		20.2295		139.086
20		0.5		759.04		20.2332		139.142
20		0.5		759.36		20.2337		139.202
20		0.5		759.68		20.2295		139.262
20		0.5		760		20.2346		139.318
20		0.5		760.32		20.2286		139.375
20		0.5		760.64		20.2315		139.436
20		0.5		760.96		20.2228		139.501
20		0.5		761.28		20.2192		139.557
20		0.5		761.6		20.2145		139.612
20		0.5		761.92		20.2166		139.672
20		0.5		762.24		20.2096		139.735
20		0.5		762.56		20.212		139.79
20		0.5		762.88		20.2191		139.845
20		0.5		763.2		20.2175		139.907
20		0.5		763.52		20.2285		139.964
20		0.5		763.84		20.2355		140.027
20		0.5		764.16		20.2395		140.091
20		0.5		764.48		20.2392		140.149
20		0.5		764.8		20.2332		140.209
20		0.5		765.12		20.2245		140.268
20		0.5		765.44		20.2249		140.327
20		0.5		765.76		20.221		140.387
20		0.5		766.08		20.233		140.444
20		0.5		766.4		20.2375		140.504
20		0.5		766.72		20.2235		140.56
20		0.5		767.04		20.2301		140.616
20		0.5		767.36		20.236		140.675
20		0.5		767.68		20.2385		140.734
20		0.5		768		20.2312		140.792
20		0.5		768.32		20.2309		140.855
20		0.5		768.64		20.2354		140.911
20		0.5		768.96		20.2358		140.971
20		0.5		769.28		20.245		141.029
20		0.5		769.6		20.2391		141.085
20		0.5		769.92		20.2406		141.142
20		0.5		770.24		20.2432		141.198
20		0.5		770.56		20.2546		141.262
20		0.5		770.88		20.2475		141.318
20		0.5		771.2		20.2531		141.378
20		0.5		771.52		20.2487		141.437
20		0.5		771.84		20.2502		141.494
20		0.5		772.16		20.238		141.553
20		0.5		772.48		20.2362		141.614
20		0.5		772.8		20.2362		141.67
20		0.5		773.12		20.2317		141.732
20		0.5		773.44		20.2264		141.792
20		0.5		773.76		20.2304		141.854
20		0.5		774.08		20.23		141.908
20		0.5		774.4		20.2258		141.97
20		0.5		774.72		20.2215		142.027
20		0.5		775.04		20.2189		142.082
20		0.5		775.36		20.2091		142.139
20		0.5		775.68		20.2093		142.198
20		0.5		776		20.2098		142.259
20		0.5		776.32		20.2132		142.316
20		0.5		776.64		20.2251		142.379
20		0.5		776.96		20.2253		142.435
20		0.5		777.28		20.2322		142.493
20		0.5		777.6		20.2277		142.552
20		0.5		777.92		20.2452		142.613
20		0.5		778.24		20.2423		142.675
20		0.5		778.56		20.2461		142.736
20		0.5		778.88		20.2381		142.797
20		0.5		779.2		20.2502		142.858
20		0.5		779.52		20.2597		142.917
20		0.5		779.84		20.2624		142.979
20		0.5		780.16		20.2699		143.035
20		0.5		780.48		20.2632		143.094
20		0.5		780.8		20.2559		143.156
20		0.5		781.12		20.2577		143.212
20		0.5		781.44		20.2559		143.271
20		0.5		781.76		20.2631		143.33
20		0.5		782.08		20.2595		143.387
20		0.5		782.4		20.255		143.446
20		0.5		782.72		20.2564		143.507
20		0.5		783.04		20.2538		143.565
20		0.5		783.36		20.2546		143.624
20		0.5		783.68		20.2593		143.688
20		0.5		784		20.2654		143.75
20		0.5		784.32		20.2629		143.812
20		0.5		784.64		20.2582		143.87
20		0.5		784.96		20.2596		143.931
20		0.5		785.28		20.2551		143.989
20		0.5		785.6		20.2537		144.05
20		0.5		785.92		20.2597		144.107
20		0.5		786.24		20.2733		144.162
20		0.5		786.56		20.2683		144.224
20		0.5		786.88		20.269		144.283
20		0.5		787.2		20.2727		144.339
20		0.5		787.52		20.2805		144.393
20		0.5		787.84		20.2752		144.448
20		0.5		788.16		20.2851		144.504
20		0.5		788.48		20.2897		144.559
20		0.5		788.8		20.2861		144.62
20		0.5		789.12		20.2824		144.678
20		0.5		789.44		20.2815		144.737
20		0.5		789.76		20.2791		144.793
20		0.5		790.08		20.2843		144.853
20		0.5		790.4		20.2801		144.912
20		0.5		790.72		20.2752		144.972
20		0.5		791.04		20.2688		145.03
20		0.5		791.36		20.2667		145.092
20		0.5		791.68		20.2652		145.148
20		0.5		792		20.2653		145.209
20		0.5		792.32		20.2677		145.269
20		0.5		792.64		20.2746		145.328
20		0.5		792.96		20.2762		145.385
20		0.5		793.28		20.264		145.443
20		0.5		793.6		20.2564		145.5
20		0.5		793.92		20.248		145.562
20		0.5		794.24		20.2417		145.626
20		0.5		794.56		20.2449		145.69
20		0.5		794.88		20.2469		145.753
20		0.5		795.2		20.2532		145.811
20		0.5		795.52		20.2528		145.878
20		0.5		795.84		20.2514		145.94
20		0.5		796.16		20.2571		146.009
20		0.5		796.48		20.266		146.072
20		0.5		796.621		20.2791		146.1
