#########################################################################
#Electron Drift Line StepTime=0.32us at rIN=20cm				#
#rIN_cm		zIN_cm		DriftTimeIN_us	rOUT_cm		z_OUT_cm#
#########################################################################
20		0.5		0.32		20.0066		0.553561
20		0.5		0.64		20.0118		0.606467
20		0.5		0.96		20.0072		0.66564
20		0.5		1.28		20.002		0.727768
20		0.5		1.6		20.0011		0.783125
20		0.5		1.92		20.0033		0.841526
20		0.5		2.24		19.9967		0.897846
20		0.5		2.56		20.0019		0.95908
20		0.5		2.88		20.0029		1.01372
20		0.5		3.2		20.0082		1.07176
20		0.5		3.52		20.0063		1.13045
20		0.5		3.84		20.0042		1.18934
20		0.5		4.16		20.0064		1.24815
20		0.5		4.48		20.0148		1.30807
20		0.5		4.8		20.0126		1.36907
20		0.5		5.12		20.0035		1.42802
20		0.5		5.44		20.0098		1.48712
20		0.5		5.76		20.0031		1.54331
20		0.5		6.08		19.9985		1.60442
20		0.5		6.4		19.981		1.66416
20		0.5		6.72		19.9795		1.72411
20		0.5		7.04		19.9698		1.78018
20		0.5		7.36		19.9689		1.83357
20		0.5		7.68		19.9742		1.89393
20		0.5		8		19.9689		1.95511
20		0.5		8.32		19.9675		2.01334
20		0.5		8.64		19.9604		2.06839
20		0.5		8.96		19.9601		2.12748
20		0.5		9.28		19.9593		2.18228
20		0.5		9.6		19.9534		2.24697
20		0.5		9.92		19.9561		2.30192
20		0.5		10.24		19.9541		2.36207
20		0.5		10.56		19.9572		2.42057
20		0.5		10.88		19.9615		2.47865
20		0.5		11.2		19.9543		2.53385
20		0.5		11.52		19.9572		2.59559
20		0.5		11.84		19.9681		2.65046
20		0.5		12.16		19.9685		2.7116
20		0.5		12.48		19.9616		2.77073
20		0.5		12.8		19.9569		2.82726
20		0.5		13.12		19.9695		2.88995
20		0.5		13.44		19.9698		2.94932
20		0.5		13.76		19.9701		3.00613
20		0.5		14.08		19.9741		3.06802
20		0.5		14.4		19.9768		3.12379
20		0.5		14.72		19.9679		3.18782
20		0.5		15.04		19.9809		3.24225
20		0.5		15.36		19.9896		3.29984
20		0.5		15.68		19.9988		3.3561
20		0.5		16		20.002		3.41345
20		0.5		16.32		20.0104		3.47202
20		0.5		16.64		20.0021		3.5285
20		0.5		16.96		19.9919		3.59021
20		0.5		17.28		19.9979		3.64884
20		0.5		17.6		20.0121		3.7099
20		0.5		17.92		20.0079		3.77101
20		0.5		18.24		20.0076		3.83135
20		0.5		18.56		20.0249		3.89416
20		0.5		18.88		20.0176		3.94889
20		0.5		19.2		20.0161		4.00451
20		0.5		19.52		20.0178		4.06191
20		0.5		19.84		20.0203		4.12656
20		0.5		20.16		20.0173		4.18808
20		0.5		20.48		20.0199		4.2438
20		0.5		20.8		20.0183		4.30398
20		0.5		21.12		20.0225		4.35621
20		0.5		21.44		20.0241		4.41588
20		0.5		21.76		20.0248		4.47447
20		0.5		22.08		20.0133		4.53723
20		0.5		22.4		20.0082		4.59721
20		0.5		22.72		19.9999		4.65924
20		0.5		23.04		20.0056		4.71405
20		0.5		23.36		20.0066		4.76891
20		0.5		23.68		20.0072		4.82318
20		0.5		24		19.9954		4.88354
20		0.5		24.32		19.9978		4.94252
20		0.5		24.64		19.9869		5.00422
20		0.5		24.96		19.9917		5.06392
20		0.5		25.28		19.9908		5.11556
20		0.5		25.6		19.99		5.17383
20		0.5		25.92		19.9895		5.2319
20		0.5		26.24		19.9935		5.29135
20		0.5		26.56		19.9944		5.34827
20		0.5		26.88		19.9939		5.40794
20		0.5		27.2		19.9947		5.46549
20		0.5		27.52		19.9901		5.5216
20		0.5		27.84		19.9868		5.58113
20		0.5		28.16		19.9838		5.6374
20		0.5		28.48		19.9807		5.6963
20		0.5		28.8		19.9792		5.75313
20		0.5		29.12		19.9808		5.8081
20		0.5		29.44		19.9822		5.86973
20		0.5		29.76		19.9796		5.93043
20		0.5		30.08		19.9957		5.99144
20		0.5		30.4		19.9956		6.05184
20		0.5		30.72		19.991		6.10875
20		0.5		31.04		19.9967		6.16563
20		0.5		31.36		19.9964		6.22192
20		0.5		31.68		20		6.27813
20		0.5		32		19.9917		6.33886
20		0.5		32.32		19.9954		6.40002
20		0.5		32.64		19.9987		6.46149
20		0.5		32.96		19.9949		6.51836
20		0.5		33.28		19.9837		6.57504
20		0.5		33.6		19.9807		6.63495
20		0.5		33.92		19.9775		6.68983
20		0.5		34.24		19.9883		6.75361
20		0.5		34.56		19.9864		6.80567
20		0.5		34.88		19.9928		6.86418
20		0.5		35.2		19.9905		6.91671
20		0.5		35.52		19.9926		6.97144
20		0.5		35.84		19.9962		7.03589
20		0.5		36.16		19.9927		7.09647
20		0.5		36.48		19.9823		7.1547
20		0.5		36.8		19.9777		7.2159
20		0.5		37.12		19.9792		7.27118
20		0.5		37.44		19.9865		7.32488
20		0.5		37.76		19.9901		7.379
20		0.5		38.08		19.9905		7.43536
20		0.5		38.4		20.0013		7.49093
20		0.5		38.72		20.0024		7.54669
20		0.5		39.04		20.005		7.60358
20		0.5		39.36		19.9985		7.65881
20		0.5		39.68		20.0068		7.71832
20		0.5		40		19.9997		7.77374
20		0.5		40.32		19.993		7.83212
20		0.5		40.64		19.9878		7.89262
20		0.5		40.96		19.9983		7.94979
20		0.5		41.28		19.9938		8.00647
20		0.5		41.6		19.9941		8.06828
20		0.5		41.92		19.9956		8.12496
20		0.5		42.24		19.9984		8.18325
20		0.5		42.56		19.9926		8.23952
20		0.5		42.88		19.983		8.29987
20		0.5		43.2		19.9784		8.35885
20		0.5		43.52		19.9786		8.41728
20		0.5		43.84		19.9753		8.47632
20		0.5		44.16		19.9709		8.53075
20		0.5		44.48		19.9649		8.58974
20		0.5		44.8		19.9605		8.65212
20		0.5		45.12		19.9557		8.70825
20		0.5		45.44		19.9615		8.76187
20		0.5		45.76		19.9542		8.81959
20		0.5		46.08		19.9413		8.87334
20		0.5		46.4		19.9392		8.93188
20		0.5		46.72		19.9416		8.98873
20		0.5		47.04		19.9392		9.04771
20		0.5		47.36		19.9267		9.1045
20		0.5		47.68		19.9232		9.15878
20		0.5		48		19.9102		9.2184
20		0.5		48.32		19.9163		9.27556
20		0.5		48.64		19.9186		9.33719
20		0.5		48.96		19.9188		9.39623
20		0.5		49.28		19.9202		9.45814
20		0.5		49.6		19.9176		9.51508
20		0.5		49.92		19.9107		9.57257
20		0.5		50.24		19.9184		9.63625
20		0.5		50.56		19.9248		9.69553
20		0.5		50.88		19.9251		9.75685
20		0.5		51.2		19.9223		9.81558
20		0.5		51.52		19.9234		9.87147
20		0.5		51.84		19.9243		9.93075
20		0.5		52.16		19.9254		9.98635
20		0.5		52.48		19.9199		10.0423
20		0.5		52.8		19.9208		10.1012
20		0.5		53.12		19.9117		10.1582
20		0.5		53.44		19.9237		10.2163
20		0.5		53.76		19.9251		10.278
20		0.5		54.08		19.9233		10.3411
20		0.5		54.4		19.9323		10.4013
20		0.5		54.72		19.9368		10.4561
20		0.5		55.04		19.9354		10.5202
20		0.5		55.36		19.9437		10.5796
20		0.5		55.68		19.9472		10.6355
20		0.5		56		19.9393		10.6916
20		0.5		56.32		19.9308		10.7507
20		0.5		56.64		19.9317		10.8076
20		0.5		56.96		19.9302		10.8687
20		0.5		57.28		19.9299		10.925
20		0.5		57.6		19.9291		10.9822
20		0.5		57.92		19.9309		11.0402
20		0.5		58.24		19.9239		11.0974
20		0.5		58.56		19.9258		11.1561
20		0.5		58.88		19.9178		11.2139
20		0.5		59.2		19.9179		11.2699
20		0.5		59.52		19.9326		11.3283
20		0.5		59.84		19.9297		11.3817
20		0.5		60.16		19.9351		11.4433
20		0.5		60.48		19.9369		11.5038
20		0.5		60.8		19.931		11.5596
20		0.5		61.12		19.9326		11.6184
20		0.5		61.44		19.9255		11.6762
20		0.5		61.76		19.9353		11.7353
20		0.5		62.08		19.9338		11.7995
20		0.5		62.4		19.9403		11.8599
20		0.5		62.72		19.9377		11.922
20		0.5		63.04		19.9354		11.9855
20		0.5		63.36		19.9433		12.0432
20		0.5		63.68		19.9418		12.0971
20		0.5		64		19.9445		12.1538
20		0.5		64.32		19.9455		12.2121
20		0.5		64.64		19.9419		12.2757
20		0.5		64.96		19.9406		12.3361
20		0.5		65.28		19.9381		12.3919
20		0.5		65.6		19.9467		12.4455
20		0.5		65.92		19.941		12.4994
20		0.5		66.24		19.9431		12.559
20		0.5		66.56		19.9375		12.6152
20		0.5		66.88		19.9366		12.6715
20		0.5		67.2		19.9228		12.7285
20		0.5		67.52		19.9217		12.7855
20		0.5		67.84		19.9203		12.8389
20		0.5		68.16		19.9262		12.896
20		0.5		68.48		19.9163		12.9494
20		0.5		68.8		19.9241		13.0055
20		0.5		69.12		19.9257		13.0613
20		0.5		69.44		19.9359		13.1222
20		0.5		69.76		19.9332		13.1843
20		0.5		70.08		19.9377		13.2485
20		0.5		70.4		19.9339		13.3076
20		0.5		70.72		19.9478		13.3665
20		0.5		71.04		19.9432		13.4247
20		0.5		71.36		19.9429		13.4837
20		0.5		71.68		19.9353		13.5382
20		0.5		72		19.9316		13.5946
20		0.5		72.32		19.9385		13.6562
20		0.5		72.64		19.9489		13.7109
20		0.5		72.96		19.9507		13.7745
20		0.5		73.28		19.9587		13.8332
20		0.5		73.6		19.9564		13.8878
20		0.5		73.92		19.9626		13.9455
20		0.5		74.24		19.9765		14.0029
20		0.5		74.56		19.9808		14.0606
20		0.5		74.88		19.9806		14.122
20		0.5		75.2		19.969		14.1851
20		0.5		75.52		19.9654		14.2466
20		0.5		75.84		19.9675		14.3102
20		0.5		76.16		19.9648		14.3697
20		0.5		76.48		19.9488		14.4336
20		0.5		76.8		19.9392		14.4922
20		0.5		77.12		19.9435		14.5529
20		0.5		77.44		19.9349		14.6123
20		0.5		77.76		19.9265		14.6733
20		0.5		78.08		19.9345		14.7333
20		0.5		78.4		19.9423		14.7963
20		0.5		78.72		19.9507		14.8601
20		0.5		79.04		19.9563		14.9204
20		0.5		79.36		19.9561		14.9836
20		0.5		79.68		19.956		15.0419
20		0.5		80		19.962		15.1023
20		0.5		80.32		19.9627		15.1585
20		0.5		80.64		19.9554		15.2138
20		0.5		80.96		19.9566		15.2735
20		0.5		81.28		19.9607		15.3363
20		0.5		81.6		19.9703		15.3919
20		0.5		81.92		19.9735		15.4526
20		0.5		82.24		19.9892		15.5166
20		0.5		82.56		19.9921		15.569
20		0.5		82.88		19.9918		15.6263
20		0.5		83.2		19.9899		15.6842
20		0.5		83.52		19.9803		15.7421
20		0.5		83.84		19.9798		15.7999
20		0.5		84.16		19.9739		15.8583
20		0.5		84.48		19.9701		15.9189
20		0.5		84.8		19.9675		15.9736
20		0.5		85.12		19.9662		16.04
20		0.5		85.44		19.9645		16.097
20		0.5		85.76		19.9645		16.1546
20		0.5		86.08		19.9664		16.2076
20		0.5		86.4		19.9537		16.2654
20		0.5		86.72		19.947		16.3221
20		0.5		87.04		19.9542		16.3802
20		0.5		87.36		19.9575		16.4372
20		0.5		87.68		19.9574		16.4971
20		0.5		88		19.9517		16.5563
20		0.5		88.32		19.9466		16.6089
20		0.5		88.64		19.945		16.6702
20		0.5		88.96		19.9461		16.7311
20		0.5		89.28		19.945		16.7923
20		0.5		89.6		19.9524		16.8507
20		0.5		89.92		19.9607		16.9114
20		0.5		90.24		19.961		16.9652
20		0.5		90.56		19.9552		17.0214
20		0.5		90.88		19.9419		17.0784
20		0.5		91.2		19.945		17.1334
20		0.5		91.52		19.9492		17.1916
20		0.5		91.84		19.9381		17.2457
20		0.5		92.16		19.9243		17.3064
20		0.5		92.48		19.9292		17.3645
20		0.5		92.8		19.9403		17.4232
20		0.5		93.12		19.938		17.4793
20		0.5		93.44		19.9318		17.5334
20		0.5		93.76		19.935		17.5907
20		0.5		94.08		19.9425		17.65
20		0.5		94.4		19.9477		17.7073
20		0.5		94.72		19.9507		17.7671
20		0.5		95.04		19.946		17.826
20		0.5		95.36		19.9486		17.8895
20		0.5		95.68		19.9572		17.9477
20		0.5		96		19.9547		18.0053
20		0.5		96.32		19.9598		18.064
20		0.5		96.64		19.9528		18.1266
20		0.5		96.96		19.9516		18.1831
20		0.5		97.28		19.9467		18.243
20		0.5		97.6		19.938		18.3023
20		0.5		97.92		19.9402		18.3621
20		0.5		98.24		19.9485		18.4243
20		0.5		98.56		19.9405		18.4825
20		0.5		98.88		19.9328		18.5355
20		0.5		99.2		19.9495		18.5962
20		0.5		99.52		19.9454		18.6566
20		0.5		99.84		19.9519		18.7102
20		0.5		100.16		19.9537		18.7687
20		0.5		100.48		19.9571		18.8282
20		0.5		100.8		19.9551		18.8822
20		0.5		101.12		19.9528		18.9439
20		0.5		101.44		19.9414		19.0044
20		0.5		101.76		19.9515		19.0693
20		0.5		102.08		19.9457		19.1283
20		0.5		102.4		19.9471		19.1891
20		0.5		102.72		19.9445		19.2431
20		0.5		103.04		19.9486		19.3079
20		0.5		103.36		19.9485		19.3669
20		0.5		103.68		19.9437		19.4297
20		0.5		104		19.9436		19.4902
20		0.5		104.32		19.9436		19.5506
20		0.5		104.64		19.9429		19.6094
20		0.5		104.96		19.9521		19.6684
20		0.5		105.28		19.9494		19.7217
20		0.5		105.6		19.9448		19.7806
20		0.5		105.92		19.9489		19.84
20		0.5		106.24		19.947		19.8931
20		0.5		106.56		19.9497		19.9521
20		0.5		106.88		19.9526		20.0105
20		0.5		107.2		19.9556		20.0685
20		0.5		107.52		19.9509		20.1284
20		0.5		107.84		19.947		20.1836
20		0.5		108.16		19.9466		20.2455
20		0.5		108.48		19.9537		20.3023
20		0.5		108.8		19.96		20.3613
20		0.5		109.12		19.9643		20.4188
20		0.5		109.44		19.9671		20.4781
20		0.5		109.76		19.9755		20.5333
20		0.5		110.08		19.9719		20.5922
20		0.5		110.4		19.9641		20.648
20		0.5		110.72		19.9651		20.7071
20		0.5		111.04		19.9656		20.7665
20		0.5		111.36		19.966		20.8258
20		0.5		111.68		19.9724		20.883
20		0.5		112		19.9688		20.9419
20		0.5		112.32		19.9699		21.0014
20		0.5		112.64		19.9632		21.0608
20		0.5		112.96		19.9644		21.1163
20		0.5		113.28		19.9686		21.1727
20		0.5		113.6		19.9686		21.2348
20		0.5		113.92		19.9698		21.2926
20		0.5		114.24		19.9653		21.353
20		0.5		114.56		19.965		21.4108
20		0.5		114.88		19.9616		21.4722
20		0.5		115.2		19.966		21.5243
20		0.5		115.52		19.963		21.5786
20		0.5		115.84		19.9526		21.6391
20		0.5		116.16		19.9595		21.6982
20		0.5		116.48		19.9697		21.7525
20		0.5		116.8		19.9781		21.8083
20		0.5		117.12		19.9813		21.8636
20		0.5		117.44		19.9731		21.9217
20		0.5		117.76		19.9776		21.976
20		0.5		118.08		19.9675		22.0324
20		0.5		118.4		19.9674		22.0916
20		0.5		118.72		19.9635		22.1463
20		0.5		119.04		19.957		22.2072
20		0.5		119.36		19.9478		22.2644
20		0.5		119.68		19.9479		22.3246
20		0.5		120		19.9504		22.3817
20		0.5		120.32		19.954		22.4367
20		0.5		120.64		19.9545		22.4996
20		0.5		120.96		19.9511		22.56
20		0.5		121.28		19.9467		22.6169
20		0.5		121.6		19.9373		22.6771
20		0.5		121.92		19.9399		22.7319
20		0.5		122.24		19.9376		22.7929
20		0.5		122.56		19.9527		22.8502
20		0.5		122.88		19.9477		22.908
20		0.5		123.2		19.9523		22.9628
20		0.5		123.52		19.9474		23.0175
20		0.5		123.84		19.9463		23.0699
20		0.5		124.16		19.9463		23.1281
20		0.5		124.48		19.9434		23.1874
20		0.5		124.8		19.9486		23.2444
20		0.5		125.12		19.9445		23.3017
20		0.5		125.44		19.9446		23.3618
20		0.5		125.76		19.9429		23.4178
20		0.5		126.08		19.9382		23.4777
20		0.5		126.4		19.9292		23.5359
20		0.5		126.72		19.9247		23.5893
20		0.5		127.04		19.9274		23.6439
20		0.5		127.36		19.926		23.7007
20		0.5		127.68		19.9274		23.7621
20		0.5		128		19.9245		23.8213
20		0.5		128.32		19.9258		23.8821
20		0.5		128.64		19.9301		23.9398
20		0.5		128.96		19.9273		23.9976
20		0.5		129.28		19.9263		24.0515
20		0.5		129.6		19.925		24.1099
20		0.5		129.92		19.9232		24.1703
20		0.5		130.24		19.9096		24.2313
20		0.5		130.56		19.9071		24.2929
20		0.5		130.88		19.9103		24.3504
20		0.5		131.2		19.9157		24.4086
20		0.5		131.52		19.9144		24.4626
20		0.5		131.84		19.9147		24.5194
20		0.5		132.16		19.9096		24.5786
20		0.5		132.48		19.9153		24.6395
20		0.5		132.8		19.916		24.7028
20		0.5		133.12		19.9081		24.7578
20		0.5		133.44		19.9116		24.8151
20		0.5		133.76		19.9122		24.8743
20		0.5		134.08		19.913		24.9291
20		0.5		134.4		19.9047		24.9881
20		0.5		134.72		19.918		25.0474
20		0.5		135.04		19.9175		25.1045
20		0.5		135.36		19.9036		25.1645
20		0.5		135.68		19.9047		25.2202
20		0.5		136		19.9071		25.2734
20		0.5		136.32		19.906		25.3341
20		0.5		136.64		19.9049		25.3899
20		0.5		136.96		19.9041		25.4476
20		0.5		137.28		19.9041		25.5081
20		0.5		137.6		19.9048		25.5684
20		0.5		137.92		19.9062		25.6271
20		0.5		138.24		19.909		25.6873
20		0.5		138.56		19.9105		25.7493
20		0.5		138.88		19.9113		25.8093
20		0.5		139.2		19.9021		25.8712
20		0.5		139.52		19.9112		25.928
20		0.5		139.84		19.9023		25.9877
20		0.5		140.16		19.9005		26.0411
20		0.5		140.48		19.9025		26.1011
20		0.5		140.8		19.8993		26.158
20		0.5		141.12		19.8949		26.2152
20		0.5		141.44		19.89		26.2746
20		0.5		141.76		19.8839		26.335
20		0.5		142.08		19.8862		26.39
20		0.5		142.4		19.878		26.4453
20		0.5		142.72		19.8714		26.505
20		0.5		143.04		19.8785		26.5638
20		0.5		143.36		19.8728		26.6246
20		0.5		143.68		19.8726		26.6838
20		0.5		144		19.868		26.7433
20		0.5		144.32		19.8762		26.8073
20		0.5		144.64		19.8753		26.8621
20		0.5		144.96		19.8798		26.9124
20		0.5		145.28		19.8727		26.973
20		0.5		145.6		19.8807		27.0293
20		0.5		145.92		19.8801		27.0885
20		0.5		146.24		19.8738		27.1461
20		0.5		146.56		19.8705		27.2024
20		0.5		146.88		19.86		27.2596
20		0.5		147.2		19.8616		27.3172
20		0.5		147.52		19.8681		27.375
20		0.5		147.84		19.863		27.4342
20		0.5		148.16		19.8639		27.4905
20		0.5		148.48		19.8538		27.548
20		0.5		148.8		19.8576		27.6166
20		0.5		149.12		19.8548		27.6743
20		0.5		149.44		19.8607		27.7323
20		0.5		149.76		19.8531		27.7872
20		0.5		150.08		19.8435		27.8487
20		0.5		150.4		19.8456		27.9136
20		0.5		150.72		19.8432		27.9717
20		0.5		151.04		19.8345		28.0345
20		0.5		151.36		19.8232		28.0876
20		0.5		151.68		19.836		28.1491
20		0.5		152		19.835		28.2083
20		0.5		152.32		19.8332		28.2715
20		0.5		152.64		19.8228		28.3349
20		0.5		152.96		19.8153		28.3913
20		0.5		153.28		19.8179		28.4571
20		0.5		153.6		19.8174		28.5164
20		0.5		153.92		19.8329		28.5737
20		0.5		154.24		19.8297		28.6307
20		0.5		154.56		19.8233		28.6932
20		0.5		154.88		19.8142		28.7535
20		0.5		155.2		19.8177		28.8164
20		0.5		155.52		19.8112		28.8718
20		0.5		155.84		19.8046		28.9272
20		0.5		156.16		19.7985		28.993
20		0.5		156.48		19.7924		29.0524
20		0.5		156.8		19.7918		29.1108
20		0.5		157.12		19.801		29.1656
20		0.5		157.44		19.7937		29.2273
20		0.5		157.76		19.7881		29.2846
20		0.5		158.08		19.8018		29.3407
20		0.5		158.4		19.7976		29.399
20		0.5		158.72		19.8065		29.453
20		0.5		159.04		19.806		29.514
20		0.5		159.36		19.8102		29.5753
20		0.5		159.68		19.8072		29.6323
20		0.5		160		19.805		29.6931
20		0.5		160.32		19.7975		29.7515
20		0.5		160.64		19.7971		29.8062
20		0.5		160.96		19.7987		29.8614
20		0.5		161.28		19.8041		29.9218
20		0.5		161.6		19.7988		29.9813
20		0.5		161.92		19.8003		30.0452
20		0.5		162.24		19.7997		30.1007
20		0.5		162.56		19.8043		30.1565
20		0.5		162.88		19.811		30.2213
20		0.5		163.2		19.8016		30.2772
20		0.5		163.52		19.8037		30.3375
20		0.5		163.84		19.8213		30.3955
20		0.5		164.16		19.8289		30.4587
20		0.5		164.48		19.8244		30.5226
20		0.5		164.8		19.8324		30.5821
20		0.5		165.12		19.8218		30.6388
20		0.5		165.44		19.8236		30.7005
20		0.5		165.76		19.8302		30.7569
20		0.5		166.08		19.8271		30.8147
20		0.5		166.4		19.8317		30.8727
20		0.5		166.72		19.8405		30.9337
20		0.5		167.04		19.8355		30.9896
20		0.5		167.36		19.8415		31.0485
20		0.5		167.68		19.8436		31.1125
20		0.5		168		19.8427		31.1714
20		0.5		168.32		19.8396		31.2307
20		0.5		168.64		19.8439		31.2862
20		0.5		168.96		19.851		31.3462
20		0.5		169.28		19.8492		31.4087
20		0.5		169.6		19.8612		31.4643
20		0.5		169.92		19.8609		31.5262
20		0.5		170.24		19.8573		31.5807
20		0.5		170.56		19.85		31.639
20		0.5		170.88		19.8505		31.6954
20		0.5		171.2		19.8538		31.7528
20		0.5		171.52		19.8565		31.809
20		0.5		171.84		19.8566		31.8713
20		0.5		172.16		19.8547		31.9296
20		0.5		172.48		19.8425		31.9907
20		0.5		172.8		19.8383		32.0492
20		0.5		173.12		19.8363		32.1046
20		0.5		173.44		19.8355		32.1625
20		0.5		173.76		19.8349		32.2197
20		0.5		174.08		19.8379		32.2805
20		0.5		174.4		19.8439		32.3375
20		0.5		174.72		19.8373		32.3934
20		0.5		175.04		19.8314		32.4533
20		0.5		175.36		19.8354		32.5065
20		0.5		175.68		19.8351		32.5645
20		0.5		176		19.8337		32.6209
20		0.5		176.32		19.828		32.677
20		0.5		176.64		19.8345		32.7332
20		0.5		176.96		19.8368		32.7904
20		0.5		177.28		19.8367		32.8473
20		0.5		177.6		19.8346		32.9071
20		0.5		177.92		19.8365		32.9673
20		0.5		178.24		19.828		33.0251
20		0.5		178.56		19.8321		33.087
20		0.5		178.88		19.8358		33.1473
20		0.5		179.2		19.8364		33.2056
20		0.5		179.52		19.8409		33.2624
20		0.5		179.84		19.8396		33.3204
20		0.5		180.16		19.8331		33.3778
20		0.5		180.48		19.8326		33.4387
20		0.5		180.8		19.8376		33.4942
20		0.5		181.12		19.8314		33.5499
20		0.5		181.44		19.8288		33.608
20		0.5		181.76		19.8239		33.6687
20		0.5		182.08		19.8139		33.7275
20		0.5		182.4		19.824		33.7853
20		0.5		182.72		19.8261		33.8435
20		0.5		183.04		19.8212		33.9041
20		0.5		183.36		19.8179		33.9592
20		0.5		183.68		19.8218		34.0177
20		0.5		184		19.8204		34.0737
20		0.5		184.32		19.8181		34.1324
20		0.5		184.64		19.8269		34.189
20		0.5		184.96		19.8236		34.2511
20		0.5		185.28		19.8316		34.3114
20		0.5		185.6		19.8317		34.369
20		0.5		185.92		19.8278		34.4263
20		0.5		186.24		19.8274		34.482
20		0.5		186.56		19.8331		34.5443
20		0.5		186.88		19.8349		34.6035
20		0.5		187.2		19.8383		34.6635
20		0.5		187.52		19.8413		34.7204
20		0.5		187.84		19.8508		34.7761
20		0.5		188.16		19.8577		34.8351
20		0.5		188.48		19.8555		34.895
20		0.5		188.8		19.8507		34.9527
20		0.5		189.12		19.8581		35.009
20		0.5		189.44		19.8719		35.0678
20		0.5		189.76		19.8722		35.1235
20		0.5		190.08		19.8734		35.1808
20		0.5		190.4		19.8792		35.2394
20		0.5		190.72		19.8838		35.2991
20		0.5		191.04		19.8863		35.3596
20		0.5		191.36		19.8791		35.4127
20		0.5		191.68		19.8734		35.4688
20		0.5		192		19.8779		35.5273
20		0.5		192.32		19.8832		35.5864
20		0.5		192.64		19.8665		35.6485
20		0.5		192.96		19.861		35.7065
20		0.5		193.28		19.8697		35.7679
20		0.5		193.6		19.8703		35.8236
20		0.5		193.92		19.8741		35.8859
20		0.5		194.24		19.8681		35.9429
20		0.5		194.56		19.8728		36.0026
20		0.5		194.88		19.8818		36.0621
20		0.5		195.2		19.8835		36.1169
20		0.5		195.52		19.8829		36.1783
20		0.5		195.84		19.874		36.2396
20		0.5		196.16		19.8775		36.3003
20		0.5		196.48		19.8811		36.3569
20		0.5		196.8		19.879		36.4176
20		0.5		197.12		19.8791		36.4727
20		0.5		197.44		19.8821		36.5305
20		0.5		197.76		19.8805		36.5935
20		0.5		198.08		19.8748		36.6477
20		0.5		198.4		19.8738		36.7031
20		0.5		198.72		19.8707		36.7644
20		0.5		199.04		19.8734		36.8241
20		0.5		199.36		19.8761		36.8803
20		0.5		199.68		19.8693		36.9442
20		0.5		200		19.8663		37.0001
20		0.5		200.32		19.8654		37.0561
20		0.5		200.64		19.8614		37.1182
20		0.5		200.96		19.8706		37.1764
20		0.5		201.28		19.8716		37.2331
20		0.5		201.6		19.8791		37.2925
20		0.5		201.92		19.8747		37.347
20		0.5		202.24		19.8797		37.4029
20		0.5		202.56		19.879		37.4608
20		0.5		202.88		19.8819		37.5203
20		0.5		203.2		19.8757		37.5763
20		0.5		203.52		19.8655		37.6387
20		0.5		203.84		19.8646		37.7008
20		0.5		204.16		19.8677		37.7618
20		0.5		204.48		19.8727		37.8253
20		0.5		204.8		19.8791		37.8824
20		0.5		205.12		19.8744		37.9431
20		0.5		205.44		19.8714		38.0014
20		0.5		205.76		19.8729		38.0607
20		0.5		206.08		19.8696		38.1202
20		0.5		206.4		19.864		38.1723
20		0.5		206.72		19.8725		38.2312
20		0.5		207.04		19.8737		38.2955
20		0.5		207.36		19.8695		38.3567
20		0.5		207.68		19.8702		38.4154
20		0.5		208		19.8588		38.4707
20		0.5		208.32		19.8589		38.5271
20		0.5		208.64		19.8576		38.5846
20		0.5		208.96		19.8586		38.6422
20		0.5		209.28		19.8576		38.7035
20		0.5		209.6		19.8562		38.7623
20		0.5		209.92		19.8575		38.819
20		0.5		210.24		19.8512		38.8772
20		0.5		210.56		19.852		38.9348
20		0.5		210.88		19.8489		38.9987
20		0.5		211.2		19.8551		39.0549
20		0.5		211.52		19.8573		39.1111
20		0.5		211.84		19.8605		39.1674
20		0.5		212.16		19.8597		39.2265
20		0.5		212.48		19.8581		39.2854
20		0.5		212.8		19.8449		39.3416
20		0.5		213.12		19.8371		39.4001
20		0.5		213.44		19.8466		39.4621
20		0.5		213.76		19.8392		39.5208
20		0.5		214.08		19.8476		39.581
20		0.5		214.4		19.8397		39.6386
20		0.5		214.72		19.8542		39.6999
20		0.5		215.04		19.8482		39.7538
20		0.5		215.36		19.8396		39.819
20		0.5		215.68		19.8325		39.8795
20		0.5		216		19.8513		39.9384
20		0.5		216.32		19.8609		40.0015
20		0.5		216.64		19.8531		40.0588
20		0.5		216.96		19.8632		40.1194
20		0.5		217.28		19.8616		40.1751
20		0.5		217.6		19.8588		40.2318
20		0.5		217.92		19.8684		40.2893
20		0.5		218.24		19.8731		40.3428
20		0.5		218.56		19.8764		40.4042
20		0.5		218.88		19.8712		40.4588
20		0.5		219.2		19.8716		40.5176
20		0.5		219.52		19.8791		40.5746
20		0.5		219.84		19.8791		40.6339
20		0.5		220.16		19.8825		40.6907
20		0.5		220.48		19.888		40.7544
20		0.5		220.8		19.8851		40.8134
20		0.5		221.12		19.8846		40.8705
20		0.5		221.44		19.8824		40.9321
20		0.5		221.76		19.876		40.9918
20		0.5		222.08		19.8714		41.0506
20		0.5		222.4		19.8721		41.1116
20		0.5		222.72		19.8783		41.1709
20		0.5		223.04		19.8795		41.2299
20		0.5		223.36		19.8743		41.2894
20		0.5		223.68		19.8675		41.3494
20		0.5		224		19.871		41.4065
20		0.5		224.32		19.8725		41.4673
20		0.5		224.64		19.8741		41.5254
20		0.5		224.96		19.8725		41.5793
20		0.5		225.28		19.8749		41.6344
20		0.5		225.6		19.8686		41.6927
20		0.5		225.92		19.8664		41.7503
20		0.5		226.24		19.8675		41.8093
20		0.5		226.56		19.8629		41.8693
20		0.5		226.88		19.8643		41.93
20		0.5		227.2		19.871		41.9889
20		0.5		227.52		19.867		42.0489
20		0.5		227.84		19.8683		42.1057
20		0.5		228.16		19.8753		42.1679
20		0.5		228.48		19.8733		42.2248
20		0.5		228.8		19.8682		42.2815
20		0.5		229.12		19.8609		42.3359
20		0.5		229.44		19.8594		42.3897
20		0.5		229.76		19.8538		42.4492
20		0.5		230.08		19.8471		42.5133
20		0.5		230.4		19.8454		42.5714
20		0.5		230.72		19.8418		42.6285
20		0.5		231.04		19.8356		42.6901
20		0.5		231.36		19.8351		42.7422
20		0.5		231.68		19.8426		42.7999
20		0.5		232		19.8422		42.8603
20		0.5		232.32		19.8456		42.9104
20		0.5		232.64		19.8495		42.972
20		0.5		232.96		19.8506		43.0334
20		0.5		233.28		19.8416		43.0922
20		0.5		233.6		19.8348		43.1492
20		0.5		233.92		19.8322		43.2066
20		0.5		234.24		19.8345		43.2722
20		0.5		234.56		19.8423		43.3315
20		0.5		234.88		19.8429		43.3896
20		0.5		235.2		19.8486		43.4444
20		0.5		235.52		19.837		43.4961
20		0.5		235.84		19.8378		43.5554
20		0.5		236.16		19.835		43.61
20		0.5		236.48		19.8339		43.6666
20		0.5		236.8		19.8348		43.7228
20		0.5		237.12		19.8358		43.786
20		0.5		237.44		19.8343		43.8428
20		0.5		237.76		19.8373		43.8976
20		0.5		238.08		19.8334		43.9557
20		0.5		238.4		19.8328		44.0145
20		0.5		238.72		19.8331		44.0768
20		0.5		239.04		19.8309		44.137
20		0.5		239.36		19.8341		44.1962
20		0.5		239.68		19.8302		44.2538
20		0.5		240		19.832		44.311
20		0.5		240.32		19.8258		44.372
20		0.5		240.64		19.824		44.4296
20		0.5		240.96		19.8271		44.4891
20		0.5		241.28		19.8187		44.546
20		0.5		241.6		19.8119		44.6139
20		0.5		241.92		19.8103		44.6759
20		0.5		242.24		19.811		44.733
20		0.5		242.56		19.8091		44.7918
20		0.5		242.88		19.8077		44.8464
20		0.5		243.2		19.8079		44.9065
20		0.5		243.52		19.809		44.9647
20		0.5		243.84		19.8102		45.0261
20		0.5		244.16		19.8105		45.0847
20		0.5		244.48		19.8057		45.1447
20		0.5		244.8		19.814		45.2025
20		0.5		245.12		19.8136		45.2622
20		0.5		245.44		19.8181		45.3162
20		0.5		245.76		19.8212		45.3768
20		0.5		246.08		19.8253		45.4325
20		0.5		246.4		19.8232		45.4885
20		0.5		246.72		19.8321		45.5509
20		0.5		247.04		19.8291		45.6072
20		0.5		247.36		19.8332		45.661
20		0.5		247.68		19.8401		45.7197
20		0.5		248		19.8511		45.7738
20		0.5		248.32		19.8384		45.8353
20		0.5		248.64		19.8329		45.8942
20		0.5		248.96		19.8311		45.9542
20		0.5		249.28		19.837		46.0135
20		0.5		249.6		19.8336		46.0769
20		0.5		249.92		19.8371		46.1369
20		0.5		250.24		19.8386		46.1961
20		0.5		250.56		19.8418		46.2542
20		0.5		250.88		19.8454		46.309
20		0.5		251.2		19.8463		46.3636
20		0.5		251.52		19.8505		46.4157
20		0.5		251.84		19.8526		46.4725
20		0.5		252.16		19.8535		46.5305
20		0.5		252.48		19.8549		46.5906
20		0.5		252.8		19.8556		46.6498
20		0.5		253.12		19.861		46.7099
20		0.5		253.44		19.8677		46.772
20		0.5		253.76		19.8602		46.8333
20		0.5		254.08		19.8548		46.8945
20		0.5		254.4		19.8534		46.951
20		0.5		254.72		19.854		47.0056
20		0.5		255.04		19.8543		47.064
20		0.5		255.36		19.8533		47.1231
20		0.5		255.68		19.8563		47.1847
20		0.5		256		19.8588		47.2478
20		0.5		256.32		19.8663		47.3046
20		0.5		256.64		19.8731		47.3627
20		0.5		256.96		19.8625		47.4221
20		0.5		257.28		19.8612		47.4782
20		0.5		257.6		19.87		47.5373
20		0.5		257.92		19.8704		47.5955
20		0.5		258.24		19.8689		47.6527
20		0.5		258.56		19.8662		47.7122
20		0.5		258.88		19.8648		47.7694
20		0.5		259.2		19.8606		47.8278
20		0.5		259.52		19.8591		47.885
20		0.5		259.84		19.8633		47.9424
20		0.5		260.16		19.8728		47.9996
20		0.5		260.48		19.8696		48.0581
20		0.5		260.8		19.8705		48.1172
20		0.5		261.12		19.8644		48.1703
20		0.5		261.44		19.8582		48.2304
20		0.5		261.76		19.8578		48.2901
20		0.5		262.08		19.8553		48.3472
20		0.5		262.4		19.8525		48.4056
20		0.5		262.72		19.8493		48.4622
20		0.5		263.04		19.839		48.5214
20		0.5		263.36		19.8319		48.5776
20		0.5		263.68		19.8302		48.6378
20		0.5		264		19.8309		48.6947
20		0.5		264.32		19.8223		48.7564
20		0.5		264.64		19.8235		48.8119
20		0.5		264.96		19.834		48.8778
20		0.5		265.28		19.8392		48.9358
20		0.5		265.6		19.8456		48.9901
20		0.5		265.92		19.8432		49.0518
20		0.5		266.24		19.8412		49.1029
20		0.5		266.56		19.8359		49.1644
20		0.5		266.88		19.847		49.2271
20		0.5		267.2		19.8442		49.2876
20		0.5		267.52		19.8473		49.3454
20		0.5		267.84		19.8555		49.3989
20		0.5		268.16		19.8578		49.4564
20		0.5		268.48		19.8564		49.5113
20		0.5		268.8		19.849		49.5668
20		0.5		269.12		19.8616		49.6308
20		0.5		269.44		19.8513		49.688
20		0.5		269.76		19.8583		49.7447
20		0.5		270.08		19.8635		49.8006
20		0.5		270.4		19.8677		49.8549
20		0.5		270.72		19.8593		49.9135
20		0.5		271.04		19.8619		49.9674
20		0.5		271.36		19.8609		50.0227
20		0.5		271.68		19.8666		50.0778
20		0.5		272		19.8647		50.1343
20		0.5		272.32		19.864		50.1896
20		0.5		272.64		19.8616		50.2489
20		0.5		272.96		19.8599		50.3132
20		0.5		273.28		19.8553		50.3748
20		0.5		273.6		19.8523		50.4324
20		0.5		273.92		19.8544		50.4931
20		0.5		274.24		19.8642		50.5477
20		0.5		274.56		19.8583		50.6053
20		0.5		274.88		19.8571		50.6608
20		0.5		275.2		19.8562		50.7213
20		0.5		275.52		19.8564		50.781
20		0.5		275.84		19.8461		50.8383
20		0.5		276.16		19.8471		50.8945
20		0.5		276.48		19.8473		50.951
20		0.5		276.8		19.8503		51.0114
20		0.5		277.12		19.8519		51.0707
20		0.5		277.44		19.8459		51.1292
20		0.5		277.76		19.8515		51.1903
20		0.5		278.08		19.8473		51.2479
20		0.5		278.4		19.8363		51.3033
20		0.5		278.72		19.8371		51.3625
20		0.5		279.04		19.8364		51.4224
20		0.5		279.36		19.8416		51.481
20		0.5		279.68		19.8446		51.5381
20		0.5		280		19.8487		51.5968
20		0.5		280.32		19.855		51.655
20		0.5		280.64		19.8634		51.7178
20		0.5		280.96		19.8528		51.7748
20		0.5		281.28		19.8485		51.8265
20		0.5		281.6		19.8478		51.8853
20		0.5		281.92		19.8432		51.944
20		0.5		282.24		19.8431		52.0061
20		0.5		282.56		19.8424		52.0673
20		0.5		282.88		19.8498		52.1242
20		0.5		283.2		19.8402		52.1871
20		0.5		283.52		19.8456		52.2401
20		0.5		283.84		19.8313		52.2988
20		0.5		284.16		19.8335		52.3566
20		0.5		284.48		19.8367		52.4152
20		0.5		284.8		19.84		52.4727
20		0.5		285.12		19.842		52.531
20		0.5		285.44		19.8437		52.5914
20		0.5		285.76		19.8452		52.6536
20		0.5		286.08		19.8536		52.7142
20		0.5		286.4		19.8556		52.7708
20		0.5		286.72		19.854		52.8257
20		0.5		287.04		19.8517		52.8847
20		0.5		287.36		19.8417		52.9427
20		0.5		287.68		19.8384		53.0039
20		0.5		288		19.8434		53.0637
20		0.5		288.32		19.8386		53.1254
20		0.5		288.64		19.8356		53.186
20		0.5		288.96		19.8373		53.2402
20		0.5		289.28		19.8336		53.2971
20		0.5		289.6		19.83		53.3567
20		0.5		289.92		19.8289		53.4136
20		0.5		290.24		19.8256		53.4707
20		0.5		290.56		19.8238		53.528
20		0.5		290.88		19.8199		53.5857
20		0.5		291.2		19.8263		53.6429
20		0.5		291.52		19.8284		53.7002
20		0.5		291.84		19.8217		53.76
20		0.5		292.16		19.829		53.8185
20		0.5		292.48		19.8261		53.8805
20		0.5		292.8		19.8328		53.9406
20		0.5		293.12		19.84		53.9951
20		0.5		293.44		19.8402		54.0525
20		0.5		293.76		19.8492		54.1165
20		0.5		294.08		19.8563		54.1787
20		0.5		294.4		19.8589		54.2363
20		0.5		294.72		19.8601		54.2991
20		0.5		295.04		19.853		54.3541
20		0.5		295.36		19.8582		54.4127
20		0.5		295.68		19.8594		54.4749
20		0.5		296		19.8646		54.5338
20		0.5		296.32		19.8608		54.5949
20		0.5		296.64		19.8608		54.6552
20		0.5		296.96		19.8444		54.7093
20		0.5		297.28		19.8511		54.766
20		0.5		297.6		19.8568		54.8274
20		0.5		297.92		19.8522		54.8829
20		0.5		298.24		19.8516		54.9474
20		0.5		298.56		19.8602		55.0005
20		0.5		298.88		19.8526		55.0593
20		0.5		299.2		19.85		55.1168
20		0.5		299.52		19.8542		55.1764
20		0.5		299.84		19.8559		55.2361
20		0.5		300.16		19.8609		55.2956
20		0.5		300.48		19.8599		55.3504
20		0.5		300.8		19.8595		55.4105
20		0.5		301.12		19.8588		55.4712
20		0.5		301.44		19.8563		55.528
20		0.5		301.76		19.8674		55.5893
20		0.5		302.08		19.8656		55.645
20		0.5		302.4		19.8711		55.6972
20		0.5		302.72		19.8701		55.761
20		0.5		303.04		19.8764		55.8146
20		0.5		303.36		19.8669		55.8777
20		0.5		303.68		19.8611		55.9343
20		0.5		304		19.8543		55.9942
20		0.5		304.32		19.8612		56.0571
20		0.5		304.64		19.862		56.117
20		0.5		304.96		19.8652		56.1745
20		0.5		305.28		19.8569		56.2331
20		0.5		305.6		19.8643		56.2924
20		0.5		305.92		19.8652		56.3497
20		0.5		306.24		19.8659		56.4045
20		0.5		306.56		19.8657		56.4623
20		0.5		306.88		19.86		56.5169
20		0.5		307.2		19.8712		56.5784
20		0.5		307.52		19.8799		56.6324
20		0.5		307.84		19.881		56.6949
20		0.5		308.16		19.8799		56.7567
20		0.5		308.48		19.8835		56.8135
20		0.5		308.8		19.8791		56.8729
20		0.5		309.12		19.8765		56.9263
20		0.5		309.44		19.8718		56.9833
20		0.5		309.76		19.8726		57.0421
20		0.5		310.08		19.8627		57.0981
20		0.5		310.4		19.8616		57.1589
20		0.5		310.72		19.8655		57.2191
20		0.5		311.04		19.8572		57.2768
20		0.5		311.36		19.854		57.3383
20		0.5		311.68		19.8558		57.3998
20		0.5		312		19.8609		57.4553
20		0.5		312.32		19.8553		57.5138
20		0.5		312.64		19.8544		57.5683
20		0.5		312.96		19.8549		57.621
20		0.5		313.28		19.8477		57.6782
20		0.5		313.6		19.8405		57.7369
20		0.5		313.92		19.8433		57.7939
20		0.5		314.24		19.8395		57.8499
20		0.5		314.56		19.8414		57.9028
20		0.5		314.88		19.8375		57.9607
20		0.5		315.2		19.8313		58.021
20		0.5		315.52		19.8267		58.0777
20		0.5		315.84		19.8284		58.1376
20		0.5		316.16		19.8286		58.1998
20		0.5		316.48		19.8282		58.259
20		0.5		316.8		19.8253		58.3176
20		0.5		317.12		19.8309		58.3764
20		0.5		317.44		19.8359		58.4391
20		0.5		317.76		19.8385		58.4969
20		0.5		318.08		19.8551		58.5593
20		0.5		318.4		19.8478		58.6191
20		0.5		318.72		19.8537		58.677
20		0.5		319.04		19.8523		58.7341
20		0.5		319.36		19.8583		58.7915
20		0.5		319.68		19.8557		58.8539
20		0.5		320		19.8507		58.9113
20		0.5		320.32		19.8553		58.9716
20		0.5		320.64		19.8563		59.0316
20		0.5		320.96		19.8484		59.0921
20		0.5		321.28		19.8518		59.152
20		0.5		321.6		19.8513		59.2094
20		0.5		321.92		19.8478		59.2725
20		0.5		322.24		19.8492		59.3299
20		0.5		322.56		19.8403		59.3899
20		0.5		322.88		19.8353		59.4421
20		0.5		323.2		19.8318		59.4945
20		0.5		323.52		19.8308		59.5558
20		0.5		323.84		19.8241		59.6149
20		0.5		324.16		19.8192		59.6703
20		0.5		324.48		19.8163		59.7274
20		0.5		324.8		19.8146		59.7857
20		0.5		325.12		19.8235		59.8434
20		0.5		325.44		19.8241		59.9053
20		0.5		325.76		19.8126		59.9591
20		0.5		326.08		19.8201		60.0187
20		0.5		326.4		19.8258		60.0771
20		0.5		326.72		19.8228		60.1374
20		0.5		327.04		19.8136		60.1901
20		0.5		327.36		19.8135		60.249
20		0.5		327.68		19.8221		60.3069
20		0.5		328		19.8101		60.3684
20		0.5		328.32		19.8156		60.4268
20		0.5		328.64		19.8061		60.4793
20		0.5		328.96		19.7953		60.5357
20		0.5		329.28		19.7908		60.5961
20		0.5		329.6		19.7966		60.6537
20		0.5		329.92		19.8036		60.7159
20		0.5		330.24		19.8055		60.7742
20		0.5		330.56		19.8076		60.8298
20		0.5		330.88		19.7924		60.8894
20		0.5		331.2		19.8002		60.9518
20		0.5		331.52		19.7988		61.0085
20		0.5		331.84		19.7951		61.0664
20		0.5		332.16		19.7887		61.1249
20		0.5		332.48		19.7873		61.1854
20		0.5		332.8		19.7868		61.247
20		0.5		333.12		19.7759		61.3066
20		0.5		333.44		19.7629		61.3655
20		0.5		333.76		19.7588		61.4212
20		0.5		334.08		19.745		61.4798
20		0.5		334.4		19.739		61.533
20		0.5		334.72		19.7491		61.5915
20		0.5		335.04		19.7515		61.6518
20		0.5		335.36		19.756		61.7087
20		0.5		335.68		19.7549		61.7667
20		0.5		336		19.77		61.8276
20		0.5		336.32		19.7719		61.8885
20		0.5		336.64		19.7819		61.9475
20		0.5		336.96		19.7885		62.0071
20		0.5		337.28		19.7858		62.0621
20		0.5		337.6		19.7799		62.12
20		0.5		337.92		19.7758		62.1781
20		0.5		338.24		19.7758		62.2404
20		0.5		338.56		19.777		62.2985
20		0.5		338.88		19.7787		62.3587
20		0.5		339.2		19.7678		62.4161
20		0.5		339.52		19.774		62.4775
20		0.5		339.84		19.7787		62.5374
20		0.5		340.16		19.7639		62.5939
20		0.5		340.48		19.7658		62.6493
20		0.5		340.8		19.7737		62.7064
20		0.5		341.12		19.7752		62.7671
20		0.5		341.44		19.7826		62.8268
20		0.5		341.76		19.7806		62.8854
20		0.5		342.08		19.782		62.9454
20		0.5		342.4		19.7896		63.002
20		0.5		342.72		19.795		63.0621
20		0.5		343.04		19.7875		63.1208
20		0.5		343.36		19.7827		63.1748
20		0.5		343.68		19.7796		63.2292
20		0.5		344		19.7882		63.2901
20		0.5		344.32		19.7841		63.3494
20		0.5		344.64		19.7856		63.4099
20		0.5		344.96		19.7789		63.4711
20		0.5		345.28		19.7848		63.5276
20		0.5		345.6		19.7757		63.5856
20		0.5		345.92		19.773		63.6445
20		0.5		346.24		19.7771		63.7008
20		0.5		346.56		19.7755		63.7585
20		0.5		346.88		19.7803		63.8241
20		0.5		347.2		19.7673		63.8855
20		0.5		347.52		19.7659		63.9415
20		0.5		347.84		19.7594		63.9988
20		0.5		348.16		19.763		64.0558
20		0.5		348.48		19.7653		64.115
20		0.5		348.8		19.7677		64.1724
20		0.5		349.12		19.7621		64.2369
20		0.5		349.44		19.761		64.301
20		0.5		349.76		19.7581		64.3601
20		0.5		350.08		19.7597		64.4204
20		0.5		350.4		19.7654		64.4812
20		0.5		350.72		19.7832		64.5399
20		0.5		351.04		19.7848		64.5988
20		0.5		351.36		19.7971		64.6558
20		0.5		351.68		19.7965		64.7138
20		0.5		352		19.7942		64.7713
20		0.5		352.32		19.7922		64.8265
20		0.5		352.64		19.7954		64.8843
20		0.5		352.96		19.7965		64.943
20		0.5		353.28		19.7946		64.995
20		0.5		353.6		19.794		65.0544
20		0.5		353.92		19.7901		65.1127
20		0.5		354.24		19.7955		65.1745
20		0.5		354.56		19.8066		65.2358
20		0.5		354.88		19.8073		65.2919
20		0.5		355.2		19.8032		65.3509
20		0.5		355.52		19.7922		65.4062
20		0.5		355.84		19.7899		65.4619
20		0.5		356.16		19.7869		65.5168
20		0.5		356.48		19.7781		65.5763
20		0.5		356.8		19.7728		65.6335
20		0.5		357.12		19.7683		65.6896
20		0.5		357.44		19.7705		65.752
20		0.5		357.76		19.7732		65.8095
20		0.5		358.08		19.7765		65.8694
20		0.5		358.4		19.779		65.9263
20		0.5		358.72		19.7748		65.9844
20		0.5		359.04		19.7833		66.0451
20		0.5		359.36		19.7833		66.1076
20		0.5		359.68		19.7811		66.1676
20		0.5		360		19.7729		66.2249
20		0.5		360.32		19.7763		66.2837
20		0.5		360.64		19.7806		66.3369
20		0.5		360.96		19.7889		66.3958
20		0.5		361.28		19.7892		66.454
20		0.5		361.6		19.7807		66.509
20		0.5		361.92		19.7827		66.5692
20		0.5		362.24		19.7805		66.6284
20		0.5		362.56		19.7774		66.6893
20		0.5		362.88		19.7748		66.7514
20		0.5		363.2		19.7825		66.8139
20		0.5		363.52		19.7851		66.8749
20		0.5		363.84		19.7818		66.9338
20		0.5		364.16		19.7756		66.998
20		0.5		364.48		19.7695		67.0575
20		0.5		364.8		19.7645		67.1134
20		0.5		365.12		19.7587		67.1777
20		0.5		365.44		19.7731		67.2359
20		0.5		365.76		19.7746		67.2988
20		0.5		366.08		19.7688		67.3619
20		0.5		366.4		19.7705		67.419
20		0.5		366.72		19.7718		67.4809
20		0.5		367.04		19.777		67.536
20		0.5		367.36		19.7829		67.591
20		0.5		367.68		19.7866		67.6487
20		0.5		368		19.79		67.7075
20		0.5		368.32		19.791		67.7684
20		0.5		368.64		19.7955		67.8284
20		0.5		368.96		19.7959		67.8843
20		0.5		369.28		19.8053		67.9446
20		0.5		369.6		19.8039		67.9984
20		0.5		369.92		19.8017		68.0594
20		0.5		370.24		19.8049		68.1179
20		0.5		370.56		19.794		68.1792
20		0.5		370.88		19.8059		68.241
20		0.5		371.2		19.7978		68.2987
20		0.5		371.52		19.7922		68.3601
20		0.5		371.84		19.794		68.4138
20		0.5		372.16		19.7992		68.4693
20		0.5		372.48		19.7994		68.5277
20		0.5		372.8		19.8002		68.582
20		0.5		373.12		19.7973		68.6403
20		0.5		373.44		19.8025		68.6974
20		0.5		373.76		19.7954		68.759
20		0.5		374.08		19.798		68.8179
20		0.5		374.4		19.7993		68.8777
20		0.5		374.72		19.8009		68.9359
20		0.5		375.04		19.8007		68.9911
20		0.5		375.36		19.8048		69.0519
20		0.5		375.68		19.8087		69.1093
20		0.5		376		19.8045		69.1681
20		0.5		376.32		19.8049		69.2287
20		0.5		376.64		19.8053		69.2868
20		0.5		376.96		19.8017		69.3467
20		0.5		377.28		19.8091		69.397
20		0.5		377.6		19.8186		69.4549
20		0.5		377.92		19.8287		69.5157
20		0.5		378.24		19.838		69.5739
20		0.5		378.56		19.8383		69.6301
20		0.5		378.88		19.8312		69.6883
20		0.5		379.2		19.834		69.7487
20		0.5		379.52		19.8285		69.8117
20		0.5		379.84		19.8347		69.8735
20		0.5		380.16		19.8305		69.9334
20		0.5		380.48		19.8243		69.9945
20		0.5		380.8		19.8272		70.0547
20		0.5		381.12		19.8328		70.1111
20		0.5		381.44		19.8216		70.1703
20		0.5		381.76		19.8155		70.2289
20		0.5		382.08		19.8122		70.2934
20		0.5		382.4		19.8202		70.3567
20		0.5		382.72		19.816		70.4143
20		0.5		383.04		19.7969		70.474
20		0.5		383.36		19.7948		70.5356
20		0.5		383.68		19.7948		70.592
20		0.5		384		19.7975		70.656
20		0.5		384.32		19.8006		70.716
20		0.5		384.64		19.7867		70.7737
20		0.5		384.96		19.7884		70.8313
20		0.5		385.28		19.778		70.892
20		0.5		385.6		19.7708		70.9557
20		0.5		385.92		19.7739		71.0104
20		0.5		386.24		19.7751		71.0676
20		0.5		386.56		19.7788		71.125
20		0.5		386.88		19.7806		71.1804
20		0.5		387.2		19.7781		71.2458
20		0.5		387.52		19.7801		71.3057
20		0.5		387.84		19.7775		71.3596
20		0.5		388.16		19.7836		71.4162
20		0.5		388.48		19.7751		71.4762
20		0.5		388.8		19.7645		71.5404
20		0.5		389.12		19.7633		71.5995
20		0.5		389.44		19.7582		71.6565
20		0.5		389.76		19.7592		71.72
20		0.5		390.08		19.7655		71.7776
20		0.5		390.4		19.7678		71.8362
20		0.5		390.72		19.7565		71.8976
20		0.5		391.04		19.7591		71.9585
20		0.5		391.36		19.7516		72.0164
20		0.5		391.68		19.7604		72.077
20		0.5		392		19.7676		72.1382
20		0.5		392.32		19.774		72.2016
20		0.5		392.64		19.7673		72.2549
20		0.5		392.96		19.7695		72.3137
20		0.5		393.28		19.7718		72.372
20		0.5		393.6		19.7693		72.429
20		0.5		393.92		19.7602		72.4857
20		0.5		394.24		19.7569		72.5391
20		0.5		394.56		19.7601		72.6023
20		0.5		394.88		19.7631		72.6564
20		0.5		395.2		19.7656		72.7193
20		0.5		395.52		19.7718		72.7749
20		0.5		395.84		19.761		72.8303
20		0.5		396.16		19.7573		72.8884
20		0.5		396.48		19.7564		72.9467
20		0.5		396.8		19.753		73.0007
20		0.5		397.12		19.7497		73.0643
20		0.5		397.44		19.7517		73.1249
20		0.5		397.76		19.7526		73.1831
20		0.5		398.08		19.75		73.2415
20		0.5		398.4		19.7547		73.3005
20		0.5		398.72		19.7655		73.3586
20		0.5		399.04		19.7545		73.4144
20		0.5		399.36		19.7602		73.4749
20		0.5		399.68		19.7644		73.5348
20		0.5		400		19.7661		73.5953
20		0.5		400.32		19.7588		73.6512
20		0.5		400.64		19.7563		73.7145
20		0.5		400.96		19.7567		73.7722
20		0.5		401.28		19.7593		73.8305
20		0.5		401.6		19.7605		73.8873
20		0.5		401.92		19.7491		73.9475
20		0.5		402.24		19.7498		74.0052
20		0.5		402.56		19.7489		74.0675
20		0.5		402.88		19.7552		74.1235
20		0.5		403.2		19.7615		74.1758
20		0.5		403.52		19.7552		74.236
20		0.5		403.84		19.7536		74.292
20		0.5		404.16		19.7591		74.3517
20		0.5		404.48		19.7566		74.4052
20		0.5		404.8		19.7427		74.4624
20		0.5		405.12		19.7425		74.5215
20		0.5		405.44		19.7426		74.5733
20		0.5		405.76		19.7296		74.6361
20		0.5		406.08		19.7289		74.694
20		0.5		406.4		19.7402		74.7559
20		0.5		406.72		19.7454		74.8104
20		0.5		407.04		19.7522		74.8731
20		0.5		407.36		19.7507		74.9301
20		0.5		407.68		19.7505		74.9867
20		0.5		408		19.7503		75.0448
20		0.5		408.32		19.7436		75.1096
20		0.5		408.64		19.7464		75.1706
20		0.5		408.96		19.7573		75.2299
20		0.5		409.28		19.7575		75.285
20		0.5		409.6		19.7615		75.3399
20		0.5		409.92		19.7672		75.3943
20		0.5		410.24		19.7694		75.4549
20		0.5		410.56		19.764		75.5092
20		0.5		410.88		19.7639		75.5671
20		0.5		411.2		19.7648		75.6237
20		0.5		411.52		19.7664		75.684
20		0.5		411.84		19.7695		75.7426
20		0.5		412.16		19.7628		75.8004
20		0.5		412.48		19.7598		75.8608
20		0.5		412.8		19.7562		75.923
20		0.5		413.12		19.7647		75.9848
20		0.5		413.44		19.7503		76.0474
20		0.5		413.76		19.7575		76.1054
20		0.5		414.08		19.7658		76.1623
20		0.5		414.4		19.7585		76.2189
20		0.5		414.72		19.7579		76.28
20		0.5		415.04		19.7493		76.3404
20		0.5		415.36		19.7469		76.3979
20		0.5		415.68		19.7523		76.4528
20		0.5		416		19.7465		76.5106
20		0.5		416.32		19.7486		76.5671
20		0.5		416.64		19.7553		76.6212
20		0.5		416.96		19.7616		76.6799
20		0.5		417.28		19.7578		76.7394
20		0.5		417.6		19.7568		76.7944
20		0.5		417.92		19.7531		76.8523
20		0.5		418.24		19.7535		76.9081
20		0.5		418.56		19.7586		76.9713
20		0.5		418.88		19.754		77.027
20		0.5		419.2		19.7557		77.0852
20		0.5		419.52		19.7588		77.1456
20		0.5		419.84		19.752		77.2026
20		0.5		420.16		19.7513		77.2595
20		0.5		420.48		19.7403		77.3249
20		0.5		420.8		19.7495		77.3826
20		0.5		421.12		19.754		77.4456
20		0.5		421.44		19.7578		77.503
20		0.5		421.76		19.7711		77.5609
20		0.5		422.08		19.7649		77.6182
20		0.5		422.4		19.7643		77.6738
20		0.5		422.72		19.7734		77.7347
20		0.5		423.04		19.7651		77.7925
20		0.5		423.36		19.758		77.8451
20		0.5		423.68		19.7651		77.9049
20		0.5		424		19.7613		77.9601
20		0.5		424.32		19.7644		78.0213
20		0.5		424.64		19.7734		78.0787
20		0.5		424.96		19.7655		78.1349
20		0.5		425.28		19.7588		78.1931
20		0.5		425.6		19.7584		78.2508
20		0.5		425.92		19.7665		78.3073
20		0.5		426.24		19.7685		78.3656
20		0.5		426.56		19.7689		78.4234
20		0.5		426.88		19.7679		78.48
20		0.5		427.2		19.7757		78.5354
20		0.5		427.52		19.7766		78.591
20		0.5		427.84		19.7844		78.6474
20		0.5		428.16		19.786		78.7048
20		0.5		428.48		19.796		78.7586
20		0.5		428.8		19.7995		78.8165
20		0.5		429.12		19.8022		78.8739
20		0.5		429.44		19.8041		78.9303
20		0.5		429.76		19.804		78.99
20		0.5		430.08		19.8106		79.0469
20		0.5		430.4		19.8104		79.1053
20		0.5		430.72		19.8		79.1607
20		0.5		431.04		19.7793		79.2191
20		0.5		431.36		19.7796		79.2742
20		0.5		431.68		19.77		79.3347
20		0.5		432		19.7695		79.3918
20		0.5		432.32		19.7643		79.4563
20		0.5		432.64		19.7585		79.511
20		0.5		432.96		19.7477		79.5691
20		0.5		433.28		19.7427		79.6261
20		0.5		433.6		19.7472		79.6854
20		0.5		433.92		19.7406		79.7464
20		0.5		434.24		19.7364		79.8042
20		0.5		434.56		19.7471		79.8646
20		0.5		434.88		19.7496		79.9221
20		0.5		435.2		19.756		79.9831
20		0.5		435.52		19.7493		80.0444
20		0.5		435.84		19.7607		80.1032
20		0.5		436.16		19.7615		80.16
20		0.5		436.48		19.7691		80.2175
20		0.5		436.8		19.7725		80.2752
20		0.5		437.12		19.7696		80.3373
20		0.5		437.44		19.7724		80.3962
20		0.5		437.76		19.7722		80.4568
20		0.5		438.08		19.7764		80.5156
20		0.5		438.4		19.7677		80.5764
20		0.5		438.72		19.7685		80.6353
20		0.5		439.04		19.763		80.6936
20		0.5		439.36		19.7617		80.7574
20		0.5		439.68		19.7628		80.8108
20		0.5		440		19.758		80.8701
20		0.5		440.32		19.7596		80.9295
20		0.5		440.64		19.7564		80.9833
20		0.5		440.96		19.7633		81.0404
20		0.5		441.28		19.7597		81.1008
20		0.5		441.6		19.7617		81.16
20		0.5		441.92		19.7554		81.2198
20		0.5		442.24		19.7609		81.276
20		0.5		442.56		19.7585		81.3337
20		0.5		442.88		19.7602		81.3925
20		0.5		443.2		19.7605		81.4486
20		0.5		443.52		19.759		81.5084
20		0.5		443.84		19.7609		81.5688
20		0.5		444.16		19.7605		81.6275
20		0.5		444.48		19.7604		81.6845
20		0.5		444.8		19.7632		81.7429
20		0.5		445.12		19.7627		81.8018
20		0.5		445.44		19.76		81.8585
20		0.5		445.76		19.7697		81.9157
20		0.5		446.08		19.7783		81.974
20		0.5		446.4		19.78		82.034
20		0.5		446.72		19.787		82.0951
20		0.5		447.04		19.7885		82.1492
20		0.5		447.36		19.792		82.2097
20		0.5		447.68		19.7911		82.2686
20		0.5		448		19.7925		82.326
20		0.5		448.32		19.7952		82.3843
20		0.5		448.64		19.7937		82.4422
20		0.5		448.96		19.7971		82.5003
20		0.5		449.28		19.7902		82.5621
20		0.5		449.6		19.7827		82.6209
20		0.5		449.92		19.7744		82.6803
20		0.5		450.24		19.7697		82.7348
20		0.5		450.56		19.7769		82.7922
20		0.5		450.88		19.7711		82.8511
20		0.5		451.2		19.7709		82.9075
20		0.5		451.52		19.7631		82.9584
20		0.5		451.84		19.7634		83.0089
20		0.5		452.16		19.7536		83.0631
20		0.5		452.48		19.7397		83.1262
20		0.5		452.8		19.7479		83.1795
20		0.5		453.12		19.7475		83.2382
20		0.5		453.44		19.7409		83.2967
20		0.5		453.76		19.7449		83.3511
20		0.5		454.08		19.7448		83.4104
20		0.5		454.4		19.7469		83.464
20		0.5		454.72		19.7401		83.5268
20		0.5		455.04		19.747		83.5828
20		0.5		455.36		19.7429		83.6382
20		0.5		455.68		19.7485		83.6989
20		0.5		456		19.7516		83.7541
20		0.5		456.32		19.7477		83.8103
20		0.5		456.64		19.7501		83.8653
20		0.5		456.96		19.7458		83.9247
20		0.5		457.28		19.7474		83.9828
20		0.5		457.6		19.7517		84.0436
20		0.5		457.92		19.7477		84.0992
20		0.5		458.24		19.7501		84.1592
20		0.5		458.56		19.7501		84.2144
20		0.5		458.88		19.7512		84.2671
20		0.5		459.2		19.7588		84.322
20		0.5		459.52		19.7529		84.3739
20		0.5		459.84		19.7591		84.4281
20		0.5		460.16		19.755		84.4838
20		0.5		460.48		19.7581		84.5351
20		0.5		460.8		19.7639		84.5934
20		0.5		461.12		19.7651		84.6557
20		0.5		461.44		19.771		84.717
20		0.5		461.76		19.7778		84.7751
20		0.5		462.08		19.7777		84.8301
20		0.5		462.4		19.7827		84.8853
20		0.5		462.72		19.7688		84.9465
20		0.5		463.04		19.7706		84.9974
20		0.5		463.36		19.7735		85.0543
20		0.5		463.68		19.7781		85.1107
20		0.5		464		19.7798		85.1725
20		0.5		464.32		19.7764		85.228
20		0.5		464.64		19.7703		85.2877
20		0.5		464.96		19.7654		85.351
20		0.5		465.28		19.7634		85.4091
20		0.5		465.6		19.7571		85.4684
20		0.5		465.92		19.7537		85.5297
20		0.5		466.24		19.7462		85.588
20		0.5		466.56		19.7533		85.6493
20		0.5		466.88		19.7588		85.7077
20		0.5		467.2		19.7644		85.7675
20		0.5		467.52		19.7741		85.8243
20		0.5		467.84		19.7742		85.8809
20		0.5		468.16		19.7807		85.9437
20		0.5		468.48		19.7763		86.0056
20		0.5		468.8		19.7636		86.0637
20		0.5		469.12		19.7512		86.1205
20		0.5		469.44		19.7443		86.1827
20		0.5		469.76		19.7399		86.2463
20		0.5		470.08		19.7349		86.3121
20		0.5		470.4		19.7467		86.372
20		0.5		470.72		19.7497		86.4326
20		0.5		471.04		19.7477		86.4909
20		0.5		471.36		19.7479		86.5517
20		0.5		471.68		19.752		86.6096
20		0.5		472		19.7591		86.673
20		0.5		472.32		19.7602		86.7308
20		0.5		472.64		19.7696		86.7868
20		0.5		472.96		19.7778		86.8437
20		0.5		473.28		19.7768		86.8996
20		0.5		473.6		19.7736		86.9592
20		0.5		473.92		19.7887		87.0178
20		0.5		474.24		19.7826		87.0777
20		0.5		474.56		19.79		87.1403
20		0.5		474.88		19.7841		87.1968
20		0.5		475.2		19.7816		87.2543
20		0.5		475.52		19.7747		87.3173
20		0.5		475.84		19.7703		87.3747
20		0.5		476.16		19.777		87.4345
20		0.5		476.48		19.7698		87.4938
20		0.5		476.8		19.7682		87.5525
20		0.5		477.12		19.7713		87.6085
20		0.5		477.44		19.766		87.663
20		0.5		477.76		19.776		87.7243
20		0.5		478.08		19.7732		87.7845
20		0.5		478.4		19.7709		87.8446
20		0.5		478.72		19.763		87.8942
20		0.5		479.04		19.7576		87.9541
20		0.5		479.36		19.7542		88.0076
20		0.5		479.68		19.7548		88.0656
20		0.5		480		19.7643		88.1254
20		0.5		480.32		19.7658		88.1853
20		0.5		480.64		19.7615		88.2451
20		0.5		480.96		19.7618		88.307
20		0.5		481.28		19.7554		88.366
20		0.5		481.6		19.7537		88.4179
20		0.5		481.92		19.7499		88.4805
20		0.5		482.24		19.7482		88.5403
20		0.5		482.56		19.7399		88.5977
20		0.5		482.88		19.7454		88.6614
20		0.5		483.2		19.756		88.7193
20		0.5		483.52		19.7548		88.7834
20		0.5		483.84		19.7553		88.8485
20		0.5		484.16		19.7597		88.9033
20		0.5		484.48		19.7685		88.9592
20		0.5		484.8		19.7755		89.0166
20		0.5		485.12		19.774		89.0757
20		0.5		485.44		19.7756		89.1307
20		0.5		485.76		19.7752		89.1898
20		0.5		486.08		19.7798		89.2488
20		0.5		486.4		19.7786		89.3072
20		0.5		486.72		19.7837		89.3676
20		0.5		487.04		19.7865		89.4254
20		0.5		487.36		19.7766		89.4794
20		0.5		487.68		19.7873		89.5403
20		0.5		488		19.7715		89.5982
20		0.5		488.32		19.7712		89.6542
20		0.5		488.64		19.7719		89.7073
20		0.5		488.96		19.7705		89.7653
20		0.5		489.28		19.7637		89.8263
20		0.5		489.6		19.7545		89.8888
20		0.5		489.92		19.7605		89.9436
20		0.5		490.24		19.7519		90.0022
20		0.5		490.56		19.75		90.0567
20		0.5		490.88		19.7494		90.1091
20		0.5		491.2		19.7412		90.1658
20		0.5		491.52		19.74		90.2263
20		0.5		491.84		19.7393		90.2867
20		0.5		492.16		19.7395		90.348
20		0.5		492.48		19.7377		90.4054
20		0.5		492.8		19.7286		90.4632
20		0.5		493.12		19.7354		90.5229
20		0.5		493.44		19.731		90.5812
20		0.5		493.76		19.7335		90.6391
20		0.5		494.08		19.7333		90.7
20		0.5		494.4		19.7435		90.7534
20		0.5		494.72		19.7422		90.8085
20		0.5		495.04		19.7464		90.8665
20		0.5		495.36		19.7339		90.9246
20		0.5		495.68		19.7263		90.9814
20		0.5		496		19.7294		91.0326
20		0.5		496.32		19.73		91.0957
20		0.5		496.64		19.7349		91.1532
20		0.5		496.96		19.7339		91.2132
20		0.5		497.28		19.7388		91.27
20		0.5		497.6		19.7351		91.3302
20		0.5		497.92		19.7407		91.3929
20		0.5		498.24		19.7444		91.4489
20		0.5		498.56		19.7383		91.5071
20		0.5		498.88		19.7366		91.5669
20		0.5		499.2		19.7353		91.6307
20		0.5		499.52		19.7315		91.6888
20		0.5		499.84		19.7408		91.7461
20		0.5		500.16		19.741		91.8057
20		0.5		500.48		19.7357		91.8597
20		0.5		500.8		19.741		91.9163
20		0.5		501.12		19.7435		91.9722
20		0.5		501.44		19.7346		92.0302
20		0.5		501.76		19.7231		92.0843
20		0.5		502.08		19.7184		92.1406
20		0.5		502.4		19.7022		92.1978
20		0.5		502.72		19.699		92.2549
20		0.5		503.04		19.6934		92.3102
20		0.5		503.36		19.6981		92.3714
20		0.5		503.68		19.6946		92.43
20		0.5		504		19.7027		92.4877
20		0.5		504.32		19.7097		92.5471
20		0.5		504.64		19.7205		92.6053
20		0.5		504.96		19.7172		92.6604
20		0.5		505.28		19.7088		92.7189
20		0.5		505.6		19.7012		92.7766
20		0.5		505.92		19.7098		92.8369
20		0.5		506.24		19.71		92.8927
20		0.5		506.56		19.7041		92.9469
20		0.5		506.88		19.7056		93.0079
20		0.5		507.2		19.6934		93.0639
20		0.5		507.52		19.6932		93.1199
20		0.5		507.84		19.6831		93.1746
20		0.5		508.16		19.6778		93.2337
20		0.5		508.48		19.6808		93.2914
20		0.5		508.8		19.6865		93.3434
20		0.5		509.12		19.684		93.4022
20		0.5		509.44		19.6752		93.4595
20		0.5		509.76		19.6753		93.5167
20		0.5		510.08		19.6801		93.5748
20		0.5		510.4		19.6885		93.6281
20		0.5		510.72		19.7077		93.6911
20		0.5		511.04		19.7206		93.752
20		0.5		511.36		19.7243		93.8105
20		0.5		511.68		19.7258		93.8719
20		0.5		512		19.7339		93.9317
20		0.5		512.32		19.7348		93.9959
20		0.5		512.64		19.7351		94.0526
20		0.5		512.96		19.7304		94.1115
20		0.5		513.28		19.7372		94.1667
20		0.5		513.6		19.721		94.2278
20		0.5		513.92		19.7342		94.2862
20		0.5		514.24		19.7457		94.3469
20		0.5		514.56		19.7487		94.4052
20		0.5		514.88		19.758		94.4652
20		0.5		515.2		19.7588		94.5255
20		0.5		515.52		19.7614		94.5811
20		0.5		515.84		19.7692		94.6386
20		0.5		516.16		19.7757		94.6949
20		0.5		516.48		19.7725		94.7527
20		0.5		516.8		19.7698		94.8081
20		0.5		517.12		19.7697		94.8697
20		0.5		517.44		19.7709		94.9296
20		0.5		517.76		19.7657		94.9838
20		0.5		518.08		19.7652		95.0407
20		0.5		518.4		19.7706		95.0982
20		0.5		518.72		19.7675		95.1588
20		0.5		519.04		19.7651		95.2212
20		0.5		519.36		19.7693		95.2822
20		0.5		519.68		19.7619		95.3409
20		0.5		520		19.7668		95.398
20		0.5		520.32		19.7631		95.4547
20		0.5		520.64		19.7627		95.5106
20		0.5		520.96		19.7675		95.5683
20		0.5		521.28		19.7613		95.6251
20		0.5		521.6		19.7604		95.6816
20		0.5		521.92		19.7673		95.7433
20		0.5		522.24		19.7727		95.8016
20		0.5		522.56		19.7797		95.8571
20		0.5		522.88		19.7768		95.9175
20		0.5		523.2		19.7909		95.9753
20		0.5		523.52		19.791		96.0375
20		0.5		523.84		19.7854		96.091
20		0.5		524.16		19.7805		96.1504
20		0.5		524.48		19.7878		96.2151
20		0.5		524.8		19.7919		96.2759
20		0.5		525.12		19.7941		96.3393
20		0.5		525.44		19.805		96.3961
20		0.5		525.76		19.8146		96.4543
20		0.5		526.08		19.8177		96.5126
20		0.5		526.4		19.8173		96.5713
20		0.5		526.72		19.815		96.6286
20		0.5		527.04		19.8264		96.6874
20		0.5		527.36		19.8215		96.7447
20		0.5		527.68		19.8151		96.8025
20		0.5		528		19.8108		96.8612
20		0.5		528.32		19.8134		96.9207
20		0.5		528.64		19.8041		96.9766
20		0.5		528.96		19.8042		97.0345
20		0.5		529.28		19.8114		97.094
20		0.5		529.6		19.8168		97.153
20		0.5		529.92		19.8177		97.2123
20		0.5		530.24		19.8154		97.2667
20		0.5		530.56		19.8097		97.3247
20		0.5		530.88		19.8131		97.3822
20		0.5		531.2		19.8134		97.4408
20		0.5		531.52		19.8137		97.5018
20		0.5		531.84		19.8062		97.5559
20		0.5		532.16		19.8124		97.6171
20		0.5		532.48		19.8169		97.6734
20		0.5		532.8		19.8269		97.7335
20		0.5		533.12		19.834		97.793
20		0.5		533.44		19.8331		97.8479
20		0.5		533.76		19.8313		97.9056
20		0.5		534.08		19.829		97.9634
20		0.5		534.4		19.8278		98.0214
20		0.5		534.72		19.8254		98.08
20		0.5		535.04		19.8243		98.1355
20		0.5		535.36		19.8218		98.1974
20		0.5		535.68		19.832		98.2571
20		0.5		536		19.8222		98.3143
20		0.5		536.32		19.8373		98.3719
20		0.5		536.64		19.8403		98.4345
20		0.5		536.96		19.8395		98.4916
20		0.5		537.28		19.8439		98.5502
20		0.5		537.6		19.8512		98.6065
20		0.5		537.92		19.8469		98.6673
20		0.5		538.24		19.8512		98.7268
20		0.5		538.56		19.8541		98.7825
20		0.5		538.88		19.8467		98.8394
20		0.5		539.2		19.8572		98.8976
20		0.5		539.52		19.8636		98.9474
20		0.5		539.84		19.867		99.006
20		0.5		540.16		19.8723		99.0635
20		0.5		540.48		19.875		99.1255
20		0.5		540.8		19.8755		99.1842
20		0.5		541.12		19.8819		99.2436
20		0.5		541.44		19.881		99.3004
20		0.5		541.76		19.8866		99.357
20		0.5		542.08		19.8868		99.4156
20		0.5		542.4		19.8994		99.4774
20		0.5		542.72		19.9021		99.5364
20		0.5		543.04		19.8968		99.5979
20		0.5		543.36		19.9002		99.659
20		0.5		543.68		19.8936		99.7192
20		0.5		544		19.8897		99.7796
20		0.5		544.32		19.8899		99.8417
20		0.5		544.64		19.8967		99.8951
20		0.5		544.96		19.9078		99.9513
20		0.5		545.28		19.9109		100.004
20		0.5		545.6		19.9145		100.061
20		0.5		545.92		19.9177		100.123
20		0.5		546.24		19.9144		100.18
20		0.5		546.56		19.9133		100.237
20		0.5		546.88		19.9103		100.295
20		0.5		547.2		19.9183		100.352
20		0.5		547.52		19.915		100.41
20		0.5		547.84		19.9106		100.467
20		0.5		548.16		19.905		100.52
20		0.5		548.48		19.8977		100.579
20		0.5		548.8		19.8944		100.64
20		0.5		549.12		19.8967		100.698
20		0.5		549.44		19.9082		100.754
20		0.5		549.76		19.9192		100.816
20		0.5		550.08		19.9252		100.872
20		0.5		550.4		19.9238		100.933
20		0.5		550.72		19.9259		100.996
20		0.5		551.04		19.9278		101.055
20		0.5		551.36		19.926		101.114
20		0.5		551.68		19.9219		101.171
20		0.5		552		19.9157		101.225
20		0.5		552.32		19.9119		101.287
20		0.5		552.64		19.9167		101.342
20		0.5		552.96		19.9203		101.403
20		0.5		553.28		19.927		101.466
20		0.5		553.6		19.9211		101.522
20		0.5		553.92		19.9164		101.579
20		0.5		554.24		19.9216		101.64
20		0.5		554.56		19.9198		101.696
20		0.5		554.88		19.9145		101.747
20		0.5		555.2		19.9074		101.808
20		0.5		555.52		19.9171		101.87
20		0.5		555.84		19.9088		101.932
20		0.5		556.16		19.9083		101.99
20		0.5		556.48		19.908		102.048
20		0.5		556.8		19.9137		102.103
20		0.5		557.12		19.9104		102.165
20		0.5		557.44		19.907		102.222
20		0.5		557.76		19.914		102.278
20		0.5		558.08		19.9188		102.328
20		0.5		558.4		19.9148		102.387
20		0.5		558.72		19.9072		102.445
20		0.5		559.04		19.9153		102.506
20		0.5		559.36		19.9037		102.564
20		0.5		559.68		19.9059		102.618
20		0.5		560		19.906		102.679
20		0.5		560.32		19.9072		102.738
20		0.5		560.64		19.8928		102.794
20		0.5		560.96		19.8885		102.855
20		0.5		561.28		19.8785		102.912
20		0.5		561.6		19.8877		102.971
20		0.5		561.92		19.8856		103.033
20		0.5		562.24		19.8807		103.092
20		0.5		562.56		19.8765		103.153
20		0.5		562.88		19.8746		103.21
20		0.5		563.2		19.8851		103.269
20		0.5		563.52		19.8897		103.324
20		0.5		563.84		19.891		103.382
20		0.5		564.16		19.8862		103.442
20		0.5		564.48		19.883		103.501
20		0.5		564.8		19.8746		103.559
20		0.5		565.12		19.8676		103.618
20		0.5		565.44		19.8584		103.675
20		0.5		565.76		19.8534		103.737
20		0.5		566.08		19.8579		103.797
20		0.5		566.4		19.8588		103.858
20		0.5		566.72		19.856		103.919
20		0.5		567.04		19.8677		103.979
20		0.5		567.36		19.8699		104.038
20		0.5		567.68		19.8656		104.097
20		0.5		568		19.8675		104.157
20		0.5		568.32		19.8702		104.218
20		0.5		568.64		19.8789		104.28
20		0.5		568.96		19.8746		104.336
20		0.5		569.28		19.8664		104.394
20		0.5		569.6		19.8769		104.451
20		0.5		569.92		19.8819		104.511
20		0.5		570.24		19.8862		104.567
20		0.5		570.56		19.8726		104.628
20		0.5		570.88		19.8688		104.682
20		0.5		571.2		19.8691		104.74
20		0.5		571.52		19.8724		104.8
20		0.5		571.84		19.8723		104.86
20		0.5		572.16		19.87		104.916
20		0.5		572.48		19.8691		104.974
20		0.5		572.8		19.8616		105.031
20		0.5		573.12		19.8615		105.09
20		0.5		573.44		19.8678		105.147
20		0.5		573.76		19.8797		105.208
20		0.5		574.08		19.8802		105.264
20		0.5		574.4		19.875		105.323
20		0.5		574.72		19.8731		105.382
20		0.5		575.04		19.8755		105.441
20		0.5		575.36		19.8809		105.504
20		0.5		575.68		19.8822		105.559
20		0.5		576		19.8831		105.619
20		0.5		576.32		19.873		105.677
20		0.5		576.64		19.8749		105.736
20		0.5		576.96		19.8741		105.794
20		0.5		577.28		19.8824		105.853
20		0.5		577.6		19.8787		105.907
20		0.5		577.92		19.8802		105.962
20		0.5		578.24		19.883		106.016
20		0.5		578.56		19.886		106.073
20		0.5		578.88		19.8836		106.133
20		0.5		579.2		19.8891		106.189
20		0.5		579.52		19.8765		106.25
20		0.5		579.84		19.8695		106.311
20		0.5		580.16		19.8787		106.365
20		0.5		580.48		19.8714		106.427
20		0.5		580.8		19.8757		106.482
20		0.5		581.12		19.8754		106.542
20		0.5		581.44		19.871		106.598
20		0.5		581.76		19.8733		106.662
20		0.5		582.08		19.8733		106.718
20		0.5		582.4		19.8664		106.779
20		0.5		582.72		19.8564		106.839
20		0.5		583.04		19.8566		106.898
20		0.5		583.36		19.857		106.959
20		0.5		583.68		19.8576		107.016
20		0.5		584		19.8608		107.072
20		0.5		584.32		19.8606		107.131
20		0.5		584.64		19.8551		107.187
20		0.5		584.96		19.8505		107.246
20		0.5		585.28		19.8525		107.311
20		0.5		585.6		19.8544		107.368
20		0.5		585.92		19.862		107.425
20		0.5		586.24		19.8642		107.478
20		0.5		586.56		19.8565		107.533
20		0.5		586.88		19.8545		107.593
20		0.5		587.2		19.8513		107.649
20		0.5		587.52		19.8543		107.71
20		0.5		587.84		19.8481		107.767
20		0.5		588.16		19.8457		107.827
20		0.5		588.48		19.8555		107.886
20		0.5		588.8		19.8535		107.946
20		0.5		589.12		19.8514		108
20		0.5		589.44		19.8537		108.056
20		0.5		589.76		19.8498		108.118
20		0.5		590.08		19.8438		108.178
20		0.5		590.4		19.8275		108.238
20		0.5		590.72		19.8239		108.292
20		0.5		591.04		19.8226		108.349
20		0.5		591.36		19.83		108.41
20		0.5		591.68		19.8338		108.468
20		0.5		592		19.8301		108.524
20		0.5		592.32		19.8351		108.584
20		0.5		592.64		19.8219		108.639
20		0.5		592.96		19.8254		108.699
20		0.5		593.28		19.8318		108.756
20		0.5		593.6		19.8369		108.811
20		0.5		593.92		19.8413		108.87
20		0.5		594.24		19.8421		108.929
20		0.5		594.56		19.8412		108.989
20		0.5		594.88		19.8438		109.048
20		0.5		595.2		19.8431		109.106
20		0.5		595.52		19.8427		109.166
20		0.5		595.84		19.8361		109.225
20		0.5		596.16		19.8313		109.283
20		0.5		596.48		19.8338		109.343
20		0.5		596.8		19.8308		109.4
20		0.5		597.12		19.8297		109.457
20		0.5		597.44		19.8343		109.516
20		0.5		597.76		19.8365		109.575
20		0.5		598.08		19.8344		109.632
20		0.5		598.4		19.8409		109.691
20		0.5		598.72		19.8393		109.75
20		0.5		599.04		19.837		109.807
20		0.5		599.36		19.8317		109.871
20		0.5		599.68		19.8262		109.93
20		0.5		600		19.8231		109.987
20		0.5		600.32		19.8175		110.044
20		0.5		600.64		19.8163		110.102
20		0.5		600.96		19.8207		110.159
20		0.5		601.28		19.8213		110.218
20		0.5		601.6		19.8283		110.274
20		0.5		601.92		19.828		110.336
20		0.5		602.24		19.8189		110.399
20		0.5		602.56		19.8251		110.462
20		0.5		602.88		19.8255		110.52
20		0.5		603.2		19.8226		110.581
20		0.5		603.52		19.8361		110.64
20		0.5		603.84		19.8359		110.697
20		0.5		604.16		19.8407		110.756
20		0.5		604.48		19.8388		110.811
20		0.5		604.8		19.8461		110.866
20		0.5		605.12		19.8591		110.929
20		0.5		605.44		19.8517		110.989
20		0.5		605.76		19.8513		111.05
20		0.5		606.08		19.8566		111.108
20		0.5		606.4		19.8644		111.165
20		0.5		606.72		19.8605		111.221
20		0.5		607.04		19.8646		111.281
20		0.5		607.36		19.8711		111.346
20		0.5		607.68		19.8815		111.406
20		0.5		608		19.878		111.462
20		0.5		608.32		19.8802		111.518
20		0.5		608.64		19.8674		111.576
20		0.5		608.96		19.866		111.637
20		0.5		609.28		19.8629		111.696
20		0.5		609.6		19.8428		111.756
20		0.5		609.92		19.8388		111.809
20		0.5		610.24		19.8426		111.865
20		0.5		610.56		19.8405		111.928
20		0.5		610.88		19.8369		111.986
20		0.5		611.2		19.8366		112.043
20		0.5		611.52		19.8369		112.103
20		0.5		611.84		19.8403		112.158
20		0.5		612.16		19.841		112.219
20		0.5		612.48		19.8396		112.275
20		0.5		612.8		19.8329		112.331
20		0.5		613.12		19.8418		112.392
20		0.5		613.44		19.8376		112.452
20		0.5		613.76		19.8327		112.512
20		0.5		614.08		19.8244		112.573
20		0.5		614.4		19.824		112.631
20		0.5		614.72		19.819		112.685
20		0.5		615.04		19.8346		112.744
20		0.5		615.36		19.835		112.802
20		0.5		615.68		19.8358		112.856
20		0.5		616		19.8217		112.918
20		0.5		616.32		19.8188		112.979
20		0.5		616.64		19.8256		113.045
20		0.5		616.96		19.8311		113.108
20		0.5		617.28		19.8294		113.168
20		0.5		617.6		19.8215		113.223
20		0.5		617.92		19.8202		113.281
20		0.5		618.24		19.8118		113.34
20		0.5		618.56		19.8126		113.403
20		0.5		618.88		19.8202		113.462
20		0.5		619.2		19.8177		113.523
20		0.5		619.52		19.8214		113.585
20		0.5		619.84		19.8148		113.647
20		0.5		620.16		19.8161		113.704
20		0.5		620.48		19.8201		113.766
20		0.5		620.8		19.835		113.825
20		0.5		621.12		19.8353		113.879
20		0.5		621.44		19.8313		113.939
20		0.5		621.76		19.8254		113.998
20		0.5		622.08		19.823		114.056
20		0.5		622.4		19.83		114.111
20		0.5		622.72		19.8349		114.168
20		0.5		623.04		19.8327		114.227
20		0.5		623.36		19.8321		114.287
20		0.5		623.68		19.8287		114.349
20		0.5		624		19.8305		114.404
20		0.5		624.32		19.8361		114.46
20		0.5		624.64		19.8293		114.517
20		0.5		624.96		19.8211		114.578
20		0.5		625.28		19.8246		114.639
20		0.5		625.6		19.8251		114.699
20		0.5		625.92		19.8207		114.762
20		0.5		626.24		19.8195		114.82
20		0.5		626.56		19.8173		114.875
20		0.5		626.88		19.8213		114.936
20		0.5		627.2		19.823		114.998
20		0.5		627.52		19.8222		115.052
20		0.5		627.84		19.8153		115.111
20		0.5		628.16		19.8023		115.166
20		0.5		628.48		19.8042		115.225
20		0.5		628.8		19.8053		115.28
20		0.5		629.12		19.8076		115.346
20		0.5		629.44		19.8107		115.406
20		0.5		629.76		19.8142		115.467
20		0.5		630.08		19.8172		115.525
20		0.5		630.4		19.8155		115.589
20		0.5		630.72		19.8137		115.643
20		0.5		631.04		19.8043		115.706
20		0.5		631.36		19.7969		115.768
20		0.5		631.68		19.8032		115.822
20		0.5		632		19.8038		115.888
20		0.5		632.32		19.804		115.946
20		0.5		632.64		19.8086		116.003
20		0.5		632.96		19.8107		116.064
20		0.5		633.28		19.806		116.121
20		0.5		633.6		19.8101		116.183
20		0.5		633.92		19.8034		116.242
20		0.5		634.24		19.8173		116.303
20		0.5		634.56		19.8166		116.355
20		0.5		634.88		19.8153		116.407
20		0.5		635.2		19.8144		116.467
20		0.5		635.52		19.8193		116.529
20		0.5		635.84		19.8196		116.588
20		0.5		636.16		19.8174		116.644
20		0.5		636.48		19.8153		116.705
20		0.5		636.8		19.8199		116.763
20		0.5		637.12		19.81		116.823
20		0.5		637.44		19.8009		116.878
20		0.5		637.76		19.8048		116.933
20		0.5		638.08		19.8067		116.991
20		0.5		638.4		19.8149		117.048
20		0.5		638.72		19.8191		117.102
20		0.5		639.04		19.8117		117.16
20		0.5		639.36		19.8165		117.221
20		0.5		639.68		19.8157		117.279
20		0.5		640		19.8193		117.338
20		0.5		640.32		19.823		117.397
20		0.5		640.64		19.8255		117.457
20		0.5		640.96		19.8104		117.513
20		0.5		641.28		19.804		117.567
20		0.5		641.6		19.8088		117.633
20		0.5		641.92		19.8071		117.689
20		0.5		642.24		19.8131		117.745
20		0.5		642.56		19.801		117.807
20		0.5		642.88		19.8089		117.865
20		0.5		643.2		19.8148		117.925
20		0.5		643.52		19.8193		117.981
20		0.5		643.84		19.8265		118.043
20		0.5		644.16		19.8307		118.102
20		0.5		644.48		19.8232		118.163
20		0.5		644.8		19.8152		118.215
20		0.5		645.12		19.8171		118.275
20		0.5		645.44		19.8085		118.333
20		0.5		645.76		19.8164		118.396
20		0.5		646.08		19.8258		118.449
20		0.5		646.4		19.8273		118.508
20		0.5		646.72		19.8373		118.572
20		0.5		647.04		19.8328		118.628
20		0.5		647.36		19.8305		118.685
20		0.5		647.68		19.8372		118.744
20		0.5		648		19.8435		118.801
20		0.5		648.32		19.8486		118.852
20		0.5		648.64		19.8464		118.908
20		0.5		648.96		19.8466		118.965
20		0.5		649.28		19.8521		119.024
20		0.5		649.6		19.854		119.084
20		0.5		649.92		19.85		119.146
20		0.5		650.24		19.8586		119.203
20		0.5		650.56		19.8598		119.263
20		0.5		650.88		19.854		119.321
20		0.5		651.2		19.8539		119.382
20		0.5		651.52		19.8616		119.441
20		0.5		651.84		19.8609		119.498
20		0.5		652.16		19.8597		119.559
20		0.5		652.48		19.8589		119.622
20		0.5		652.8		19.8566		119.681
20		0.5		653.12		19.8675		119.741
20		0.5		653.44		19.8761		119.805
20		0.5		653.76		19.8744		119.857
20		0.5		654.08		19.8738		119.919
20		0.5		654.4		19.8768		119.976
20		0.5		654.72		19.8847		120.033
20		0.5		655.04		19.8903		120.092
20		0.5		655.36		19.8959		120.152
20		0.5		655.68		19.9056		120.21
20		0.5		656		19.913		120.265
20		0.5		656.32		19.9148		120.328
20		0.5		656.64		19.915		120.386
20		0.5		656.96		19.9118		120.445
20		0.5		657.28		19.8998		120.505
20		0.5		657.6		19.8992		120.562
20		0.5		657.92		19.9026		120.618
20		0.5		658.24		19.9006		120.68
20		0.5		658.56		19.8984		120.738
20		0.5		658.88		19.8959		120.8
20		0.5		659.2		19.8929		120.858
20		0.5		659.52		19.8881		120.917
20		0.5		659.84		19.882		120.977
20		0.5		660.16		19.8781		121.039
20		0.5		660.48		19.8884		121.095
20		0.5		660.8		19.8856		121.154
20		0.5		661.12		19.8867		121.212
20		0.5		661.44		19.8861		121.269
20		0.5		661.76		19.8898		121.329
20		0.5		662.08		19.8874		121.389
20		0.5		662.4		19.8902		121.445
20		0.5		662.72		19.8955		121.504
20		0.5		663.04		19.8942		121.565
20		0.5		663.36		19.8731		121.624
20		0.5		663.68		19.8787		121.688
20		0.5		664		19.877		121.75
20		0.5		664.32		19.8741		121.811
20		0.5		664.64		19.8791		121.868
20		0.5		664.96		19.8811		121.929
20		0.5		665.28		19.8852		121.988
20		0.5		665.6		19.878		122.043
20		0.5		665.92		19.8809		122.099
20		0.5		666.24		19.8748		122.158
20		0.5		666.56		19.8679		122.221
20		0.5		666.88		19.8701		122.275
20		0.5		667.2		19.8689		122.335
20		0.5		667.52		19.8648		122.395
20		0.5		667.84		19.8624		122.457
20		0.5		668.16		19.8522		122.52
20		0.5		668.48		19.8551		122.581
20		0.5		668.8		19.8544		122.638
20		0.5		669.12		19.8587		122.694
20		0.5		669.44		19.8523		122.749
20		0.5		669.76		19.8498		122.806
20		0.5		670.08		19.8541		122.865
20		0.5		670.4		19.8619		122.928
20		0.5		670.72		19.8668		122.991
20		0.5		671.04		19.8597		123.05
20		0.5		671.36		19.8554		123.109
20		0.5		671.68		19.8476		123.169
20		0.5		672		19.8536		123.228
20		0.5		672.32		19.8542		123.284
20		0.5		672.64		19.8589		123.344
20		0.5		672.96		19.8702		123.408
20		0.5		673.28		19.8707		123.468
20		0.5		673.6		19.8736		123.523
20		0.5		673.92		19.8751		123.576
20		0.5		674.24		19.8672		123.634
20		0.5		674.56		19.8716		123.695
20		0.5		674.88		19.8674		123.753
20		0.5		675.2		19.867		123.806
20		0.5		675.52		19.8691		123.865
20		0.5		675.84		19.8713		123.923
20		0.5		676.16		19.8673		123.983
20		0.5		676.48		19.8725		124.044
20		0.5		676.8		19.8789		124.105
20		0.5		677.12		19.8843		124.161
20		0.5		677.44		19.8786		124.217
20		0.5		677.76		19.8763		124.277
20		0.5		678.08		19.8768		124.328
20		0.5		678.4		19.8761		124.379
20		0.5		678.72		19.8853		124.439
20		0.5		679.04		19.8894		124.496
20		0.5		679.36		19.8923		124.555
20		0.5		679.68		19.8972		124.615
20		0.5		680		19.8976		124.679
20		0.5		680.32		19.9055		124.735
20		0.5		680.64		19.9148		124.793
20		0.5		680.96		19.9106		124.851
20		0.5		681.28		19.9174		124.907
20		0.5		681.6		19.9129		124.964
20		0.5		681.92		19.9122		125.023
20		0.5		682.24		19.91		125.087
20		0.5		682.56		19.9057		125.142
20		0.5		682.88		19.9079		125.2
20		0.5		683.2		19.9065		125.258
20		0.5		683.52		19.918		125.317
20		0.5		683.84		19.9265		125.374
20		0.5		684.16		19.9335		125.433
20		0.5		684.48		19.9311		125.492
20		0.5		684.8		19.9275		125.552
20		0.5		685.12		19.9325		125.604
20		0.5		685.44		19.9236		125.659
20		0.5		685.76		19.9265		125.717
20		0.5		686.08		19.9198		125.774
20		0.5		686.4		19.9235		125.833
20		0.5		686.72		19.926		125.894
20		0.5		687.04		19.9316		125.954
20		0.5		687.36		19.9332		126.017
20		0.5		687.68		19.9382		126.073
20		0.5		688		19.9278		126.132
20		0.5		688.32		19.93		126.188
20		0.5		688.64		19.9255		126.247
20		0.5		688.96		19.9212		126.304
20		0.5		689.28		19.9244		126.363
20		0.5		689.6		19.9246		126.421
20		0.5		689.92		19.9112		126.48
20		0.5		690.24		19.9005		126.539
20		0.5		690.56		19.9037		126.596
20		0.5		690.88		19.8981		126.655
20		0.5		691.2		19.891		126.715
20		0.5		691.52		19.8915		126.774
20		0.5		691.84		19.889		126.84
20		0.5		692.16		19.884		126.899
20		0.5		692.48		19.8904		126.954
20		0.5		692.8		19.8797		127.016
20		0.5		693.12		19.8881		127.08
20		0.5		693.44		19.8845		127.138
20		0.5		693.76		19.8843		127.198
20		0.5		694.08		19.8952		127.261
20		0.5		694.4		19.8923		127.326
20		0.5		694.72		19.8904		127.39
20		0.5		695.04		19.8874		127.446
20		0.5		695.36		19.8902		127.501
20		0.5		695.68		19.8944		127.558
20		0.5		696		19.8964		127.618
20		0.5		696.32		19.8883		127.673
20		0.5		696.64		19.8831		127.733
20		0.5		696.96		19.893		127.792
20		0.5		697.28		19.8966		127.852
20		0.5		697.6		19.8957		127.913
20		0.5		697.92		19.9009		127.973
20		0.5		698.24		19.8993		128.026
20		0.5		698.56		19.8983		128.086
20		0.5		698.88		19.9		128.145
20		0.5		699.2		19.8948		128.204
20		0.5		699.52		19.8986		128.261
20		0.5		699.84		19.9085		128.321
20		0.5		700.16		19.9022		128.374
20		0.5		700.48		19.9013		128.436
20		0.5		700.8		19.9084		128.497
20		0.5		701.12		19.9086		128.561
20		0.5		701.44		19.912		128.618
20		0.5		701.76		19.9058		128.678
20		0.5		702.08		19.9033		128.737
20		0.5		702.4		19.9046		128.792
20		0.5		702.72		19.9098		128.844
20		0.5		703.04		19.9136		128.9
20		0.5		703.36		19.916		128.959
20		0.5		703.68		19.9092		129.02
20		0.5		704		19.904		129.08
20		0.5		704.32		19.8992		129.143
20		0.5		704.64		19.8997		129.198
20		0.5		704.96		19.8992		129.256
20		0.5		705.28		19.9037		129.313
20		0.5		705.6		19.9066		129.371
20		0.5		705.92		19.9193		129.429
20		0.5		706.24		19.9192		129.483
20		0.5		706.56		19.924		129.541
20		0.5		706.88		19.9159		129.601
20		0.5		707.2		19.9172		129.656
20		0.5		707.52		19.9086		129.713
20		0.5		707.84		19.8997		129.771
20		0.5		708.16		19.8947		129.83
20		0.5		708.48		19.8925		129.882
20		0.5		708.8		19.8897		129.943
20		0.5		709.12		19.8927		130.001
20		0.5		709.44		19.8964		130.061
20		0.5		709.76		19.898		130.118
20		0.5		710.08		19.9047		130.178
20		0.5		710.4		19.8901		130.234
20		0.5		710.72		19.888		130.294
20		0.5		711.04		19.8901		130.356
20		0.5		711.36		19.8852		130.412
20		0.5		711.68		19.8784		130.467
20		0.5		712		19.8819		130.527
20		0.5		712.32		19.8874		130.589
20		0.5		712.64		19.8951		130.649
20		0.5		712.96		19.8882		130.709
20		0.5		713.28		19.8867		130.77
20		0.5		713.6		19.8907		130.825
20		0.5		713.92		19.8908		130.881
20		0.5		714.24		19.899		130.943
20		0.5		714.56		19.9048		130.998
20		0.5		714.88		19.8995		131.054
20		0.5		715.2		19.8961		131.112
20		0.5		715.52		19.8911		131.169
20		0.5		715.84		19.8998		131.22
20		0.5		716.16		19.9055		131.275
20		0.5		716.48		19.8981		131.331
20		0.5		716.8		19.8969		131.391
20		0.5		717.12		19.8983		131.445
20		0.5		717.44		19.8993		131.505
20		0.5		717.76		19.8956		131.563
20		0.5		718.08		19.8888		131.622
20		0.5		718.4		19.8874		131.684
20		0.5		718.72		19.8782		131.742
20		0.5		719.04		19.8879		131.799
20		0.5		719.36		19.886		131.858
20		0.5		719.68		19.8923		131.913
20		0.5		720		19.8885		131.97
20		0.5		720.32		19.8902		132.03
20		0.5		720.64		19.8902		132.087
20		0.5		720.96		19.8863		132.147
20		0.5		721.28		19.8933		132.206
20		0.5		721.6		19.9092		132.273
20		0.5		721.92		19.9018		132.337
20		0.5		722.24		19.9085		132.397
20		0.5		722.56		19.9038		132.453
20		0.5		722.88		19.8953		132.506
20		0.5		723.2		19.9031		132.567
20		0.5		723.52		19.8916		132.623
20		0.5		723.84		19.8868		132.682
20		0.5		724.16		19.8824		132.743
20		0.5		724.48		19.8904		132.801
20		0.5		724.8		19.8918		132.86
20		0.5		725.12		19.8774		132.918
20		0.5		725.44		19.8857		132.981
20		0.5		725.76		19.8758		133.04
20		0.5		726.08		19.8721		133.098
20		0.5		726.4		19.8859		133.157
20		0.5		726.72		19.8849		133.215
20		0.5		727.04		19.884		133.274
20		0.5		727.36		19.8937		133.333
20		0.5		727.68		19.9061		133.389
20		0.5		728		19.91		133.447
20		0.5		728.32		19.9095		133.501
20		0.5		728.64		19.9073		133.559
20		0.5		728.96		19.9082		133.617
20		0.5		729.28		19.9235		133.671
20		0.5		729.6		19.927		133.732
20		0.5		729.92		19.9245		133.791
20		0.5		730.24		19.924		133.849
20		0.5		730.56		19.9241		133.907
20		0.5		730.88		19.92		133.967
20		0.5		731.2		19.9168		134.028
20		0.5		731.52		19.908		134.086
20		0.5		731.84		19.9088		134.144
20		0.5		732.16		19.9139		134.201
20		0.5		732.48		19.9111		134.261
20		0.5		732.8		19.9116		134.321
20		0.5		733.12		19.917		134.379
20		0.5		733.44		19.9151		134.438
20		0.5		733.76		19.9185		134.497
20		0.5		734.08		19.9151		134.553
20		0.5		734.4		19.9235		134.613
20		0.5		734.72		19.9195		134.674
20		0.5		735.04		19.9078		134.733
20		0.5		735.36		19.9167		134.798
20		0.5		735.68		19.9126		134.859
20		0.5		736		19.9129		134.918
20		0.5		736.32		19.9111		134.974
20		0.5		736.64		19.9118		135.033
20		0.5		736.96		19.9069		135.092
20		0.5		737.28		19.9054		135.148
20		0.5		737.6		19.9102		135.205
20		0.5		737.92		19.909		135.262
20		0.5		738.24		19.9075		135.316
20		0.5		738.56		19.905		135.371
20		0.5		738.88		19.9093		135.431
20		0.5		739.2		19.9001		135.49
20		0.5		739.52		19.9093		135.55
20		0.5		739.84		19.9058		135.611
20		0.5		740.16		19.9094		135.668
20		0.5		740.48		19.9112		135.724
20		0.5		740.8		19.904		135.779
20		0.5		741.12		19.9002		135.837
20		0.5		741.44		19.9053		135.895
20		0.5		741.76		19.9056		135.956
20		0.5		742.08		19.9131		136.012
20		0.5		742.4		19.9092		136.076
20		0.5		742.72		19.9075		136.135
20		0.5		743.04		19.9089		136.197
20		0.5		743.36		19.9058		136.256
20		0.5		743.68		19.9052		136.317
20		0.5		744		19.9015		136.379
20		0.5		744.32		19.9033		136.436
20		0.5		744.64		19.9073		136.494
20		0.5		744.96		19.9023		136.551
20		0.5		745.28		19.9079		136.607
20		0.5		745.6		19.9164		136.668
20		0.5		745.92		19.9205		136.724
20		0.5		746.24		19.9314		136.778
20		0.5		746.56		19.9332		136.84
20		0.5		746.88		19.9212		136.903
20		0.5		747.2		19.9258		136.96
20		0.5		747.52		19.9373		137.015
20		0.5		747.84		19.9344		137.075
20		0.5		748.16		19.9254		137.134
20		0.5		748.48		19.9332		137.195
20		0.5		748.8		19.9212		137.253
20		0.5		749.12		19.9263		137.309
20		0.5		749.44		19.9287		137.374
20		0.5		749.76		19.925		137.431
20		0.5		750.08		19.9228		137.493
20		0.5		750.4		19.9221		137.553
20		0.5		750.72		19.9247		137.615
20		0.5		751.04		19.9213		137.677
20		0.5		751.36		19.9198		137.736
20		0.5		751.68		19.9105		137.794
20		0.5		752		19.9216		137.852
20		0.5		752.32		19.9186		137.911
20		0.5		752.64		19.9132		137.968
20		0.5		752.96		19.9159		138.03
20		0.5		753.28		19.915		138.086
20		0.5		753.6		19.9076		138.148
20		0.5		753.92		19.9021		138.199
20		0.5		754.24		19.9024		138.258
20		0.5		754.56		19.8963		138.318
20		0.5		754.88		19.8926		138.376
20		0.5		755.2		19.8904		138.429
20		0.5		755.52		19.8865		138.492
20		0.5		755.84		19.888		138.549
20		0.5		756.16		19.8854		138.609
20		0.5		756.48		19.8896		138.662
20		0.5		756.8		19.8814		138.721
20		0.5		757.12		19.8781		138.781
20		0.5		757.44		19.8772		138.838
20		0.5		757.76		19.8774		138.897
20		0.5		758.08		19.8731		138.954
20		0.5		758.4		19.8708		139.009
20		0.5		758.72		19.8749		139.072
20		0.5		759.04		19.8753		139.131
20		0.5		759.36		19.8746		139.19
20		0.5		759.68		19.8721		139.251
20		0.5		760		19.8658		139.312
20		0.5		760.32		19.8667		139.368
20		0.5		760.64		19.8705		139.428
20		0.5		760.96		19.8747		139.486
20		0.5		761.28		19.8789		139.544
20		0.5		761.6		19.8769		139.605
20		0.5		761.92		19.8817		139.663
20		0.5		762.24		19.8767		139.721
20		0.5		762.56		19.8798		139.777
20		0.5		762.88		19.8745		139.834
20		0.5		763.2		19.8718		139.891
20		0.5		763.52		19.8691		139.95
20		0.5		763.84		19.8637		140.007
20		0.5		764.16		19.8614		140.066
20		0.5		764.48		19.8605		140.127
20		0.5		764.8		19.8595		140.179
20		0.5		765.12		19.8497		140.24
20		0.5		765.44		19.8489		140.294
20		0.5		765.76		19.854		140.352
20		0.5		766.08		19.8496		140.407
20		0.5		766.4		19.8434		140.463
20		0.5		766.72		19.8516		140.52
20		0.5		767.04		19.8655		140.577
20		0.5		767.36		19.8675		140.639
20		0.5		767.68		19.8767		140.697
20		0.5		768		19.8771		140.756
20		0.5		768.32		19.8759		140.815
20		0.5		768.64		19.8696		140.871
20		0.5		768.96		19.875		140.934
20		0.5		769.28		19.8739		140.992
20		0.5		769.6		19.8701		141.05
20		0.5		769.92		19.8815		141.109
20		0.5		770.24		19.8916		141.17
20		0.5		770.56		19.893		141.228
20		0.5		770.88		19.8844		141.29
20		0.5		771.2		19.8849		141.35
20		0.5		771.52		19.887		141.409
20		0.5		771.84		19.8944		141.472
20		0.5		772.16		19.9025		141.529
20		0.5		772.48		19.903		141.589
20		0.5		772.8		19.9		141.649
20		0.5		773.12		19.8981		141.709
20		0.5		773.44		19.9114		141.762
20		0.5		773.76		19.9069		141.821
20		0.5		774.08		19.9093		141.877
20		0.5		774.4		19.9144		141.938
20		0.5		774.72		19.9172		141.997
20		0.5		775.04		19.9272		142.055
20		0.5		775.36		19.9126		142.112
20		0.5		775.68		19.9115		142.168
20		0.5		776		19.9172		142.228
20		0.5		776.32		19.9141		142.286
20		0.5		776.64		19.9124		142.344
20		0.5		776.96		19.9126		142.406
20		0.5		777.28		19.9166		142.464
20		0.5		777.6		19.9197		142.525
20		0.5		777.92		19.9091		142.583
20		0.5		778.24		19.9021		142.645
20		0.5		778.56		19.9128		142.7
20		0.5		778.88		19.9021		142.758
20		0.5		779.2		19.8983		142.815
20		0.5		779.52		19.9035		142.872
20		0.5		779.84		19.8977		142.933
20		0.5		780.16		19.9011		142.99
20		0.5		780.48		19.9026		143.046
20		0.5		780.8		19.9079		143.108
20		0.5		781.12		19.9112		143.163
20		0.5		781.44		19.9057		143.219
20		0.5		781.76		19.9189		143.279
20		0.5		782.08		19.9242		143.34
20		0.5		782.4		19.9317		143.399
20		0.5		782.72		19.9228		143.456
20		0.5		783.04		19.9241		143.512
20		0.5		783.36		19.9291		143.569
20		0.5		783.68		19.9247		143.629
20		0.5		784		19.9229		143.684
20		0.5		784.32		19.9244		143.741
20		0.5		784.64		19.93		143.799
20		0.5		784.96		19.9318		143.863
20		0.5		785.28		19.9276		143.925
20		0.5		785.6		19.9201		143.987
20		0.5		785.92		19.9225		144.043
20		0.5		786.24		19.9274		144.1
20		0.5		786.56		19.9371		144.16
20		0.5		786.88		19.9434		144.219
20		0.5		787.2		19.9463		144.273
20		0.5		787.52		19.9463		144.336
20		0.5		787.84		19.9425		144.394
20		0.5		788.16		19.9368		144.452
20		0.5		788.48		19.9366		144.506
20		0.5		788.8		19.9416		144.564
20		0.5		789.12		19.9362		144.622
20		0.5		789.44		19.9403		144.682
20		0.5		789.76		19.9383		144.738
20		0.5		790.08		19.932		144.798
20		0.5		790.4		19.9332		144.855
20		0.5		790.72		19.9308		144.917
20		0.5		791.04		19.9301		144.979
20		0.5		791.36		19.9303		145.039
20		0.5		791.68		19.928		145.097
20		0.5		792		19.9284		145.156
20		0.5		792.32		19.9314		145.215
20		0.5		792.64		19.9458		145.271
20		0.5		792.96		19.939		145.333
20		0.5		793.28		19.9352		145.389
20		0.5		793.6		19.9301		145.452
20		0.5		793.92		19.9313		145.514
20		0.5		794.24		19.9722		145.56
20		0.5		794.56		20.0033		145.612
20		0.5		794.88		20.0074		145.676
20		0.5		795.2		20.0028		145.739
20		0.5		795.52		20.017		145.804
20		0.5		795.84		20.0066		145.871
20		0.5		796.16		20.0071		145.938
20		0.5		796.48		20.0198		146.002
20		0.5		796.8		20.0189		146.067
20		0.5		796.959		20.0248		146.1
