#########################################################################
#Electron Drift Line StepTime=0.32us at rIN=20cm				#
#rIN_cm		zIN_cm		DriftTimeIN_us	rOUT_cm		z_OUT_cm#
#########################################################################
20		0.5		0.32		19.9934		0.560743
20		0.5		0.64		19.988		0.622784
20		0.5		0.96		19.9855		0.680012
20		0.5		1.28		19.9959		0.736442
20		0.5		1.6		19.9925		0.794327
20		0.5		1.92		19.9915		0.855306
20		0.5		2.24		19.9862		0.915883
20		0.5		2.56		19.9813		0.974154
20		0.5		2.88		19.985		1.03268
20		0.5		3.2		19.9787		1.08767
20		0.5		3.52		19.974		1.14405
20		0.5		3.84		19.9778		1.19799
20		0.5		4.16		19.9774		1.25999
20		0.5		4.48		19.9778		1.31661
20		0.5		4.8		19.9828		1.37733
20		0.5		5.12		19.9741		1.43503
20		0.5		5.44		19.9692		1.49207
20		0.5		5.76		19.9609		1.54935
20		0.5		6.08		19.9663		1.61101
20		0.5		6.4		19.9687		1.67532
20		0.5		6.72		19.9786		1.73543
20		0.5		7.04		19.9725		1.79294
20		0.5		7.36		19.9702		1.84971
20		0.5		7.68		19.9755		1.90902
20		0.5		8		19.9841		1.96589
20		0.5		8.32		19.9879		2.0261
20		0.5		8.64		19.9904		2.08036
20		0.5		8.96		19.9939		2.1411
20		0.5		9.28		19.9815		2.20866
20		0.5		9.6		19.975		2.26311
20		0.5		9.92		19.9667		2.3228
20		0.5		10.24		19.977		2.37647
20		0.5		10.56		19.9786		2.4338
20		0.5		10.88		19.9738		2.49214
20		0.5		11.2		19.978		2.54767
20		0.5		11.52		19.9769		2.60463
20		0.5		11.84		19.9818		2.6661
20		0.5		12.16		19.9956		2.72387
20		0.5		12.48		19.9965		2.77846
20		0.5		12.8		20.0018		2.83436
20		0.5		13.12		20.0096		2.89122
20		0.5		13.44		20.0098		2.95046
20		0.5		13.76		20.0077		3.00904
20		0.5		14.08		20.012		3.07021
20		0.5		14.4		20.0157		3.13189
20		0.5		14.72		20.0085		3.18819
20		0.5		15.04		20.0003		3.24406
20		0.5		15.36		19.9953		3.30104
20		0.5		15.68		19.9968		3.36239
20		0.5		16		19.9855		3.42338
20		0.5		16.32		19.9846		3.47975
20		0.5		16.64		19.9918		3.53749
20		0.5		16.96		19.9823		3.59822
20		0.5		17.28		19.9844		3.65783
20		0.5		17.6		19.9871		3.72019
20		0.5		17.92		19.9812		3.77949
20		0.5		18.24		19.9784		3.8405
20		0.5		18.56		19.9781		3.89956
20		0.5		18.88		19.9861		3.96207
20		0.5		19.2		19.9777		4.02355
20		0.5		19.52		19.9861		4.0839
20		0.5		19.84		19.9911		4.14289
20		0.5		20.16		19.9927		4.20048
20		0.5		20.48		19.9931		4.25474
20		0.5		20.8		19.9863		4.31153
20		0.5		21.12		19.9994		4.37045
20		0.5		21.44		20.0032		4.42876
20		0.5		21.76		19.9905		4.48878
20		0.5		22.08		19.9811		4.54715
20		0.5		22.4		19.9744		4.60614
20		0.5		22.72		19.9621		4.66564
20		0.5		23.04		19.9624		4.72563
20		0.5		23.36		19.9612		4.78469
20		0.5		23.68		19.9624		4.84539
20		0.5		24		19.9586		4.91067
20		0.5		24.32		19.9653		4.968
20		0.5		24.64		19.9581		5.02764
20		0.5		24.96		19.9611		5.08807
20		0.5		25.28		19.9594		5.14743
20		0.5		25.6		19.9587		5.20289
20		0.5		25.92		19.9555		5.26401
20		0.5		26.24		19.9671		5.32407
20		0.5		26.56		19.9637		5.38523
20		0.5		26.88		19.9591		5.44452
20		0.5		27.2		19.951		5.50646
20		0.5		27.52		19.9655		5.56546
20		0.5		27.84		19.9656		5.61985
20		0.5		28.16		19.9653		5.67927
20		0.5		28.48		19.9696		5.73608
20		0.5		28.8		19.9746		5.79577
20		0.5		29.12		19.9759		5.85438
20		0.5		29.44		19.9765		5.90898
20		0.5		29.76		19.9789		5.97248
20		0.5		30.08		19.9852		6.02984
20		0.5		30.4		19.9929		6.0884
20		0.5		30.72		19.9995		6.14861
20		0.5		31.04		20.0094		6.20442
20		0.5		31.36		20.007		6.26183
20		0.5		31.68		20.0174		6.32418
20		0.5		32		20.0107		6.38193
20		0.5		32.32		20.0181		6.44054
20		0.5		32.64		20.0135		6.50374
20		0.5		32.96		20.006		6.56104
20		0.5		33.28		20.0001		6.62227
20		0.5		33.6		20.0021		6.68403
20		0.5		33.92		19.9964		6.74769
20		0.5		34.24		20.0006		6.80478
20		0.5		34.56		20.0033		6.86352
20		0.5		34.88		20.0111		6.92398
20		0.5		35.2		20.0182		6.98367
20		0.5		35.52		20.0183		7.04367
20		0.5		35.84		20.0171		7.10196
20		0.5		36.16		20.0104		7.15304
20		0.5		36.48		20.0093		7.21171
20		0.5		36.8		20.0146		7.26886
20		0.5		37.12		20.0028		7.32401
20		0.5		37.44		20.0006		7.38341
20		0.5		37.76		20.0032		7.44459
20		0.5		38.08		19.9999		7.50294
20		0.5		38.4		19.9976		7.56187
20		0.5		38.72		19.9985		7.61891
20		0.5		39.04		20.0115		7.67456
20		0.5		39.36		20.0135		7.73091
20		0.5		39.68		20.0092		7.79405
20		0.5		40		20.0086		7.85525
20		0.5		40.32		20.0017		7.9137
20		0.5		40.64		20.0019		7.97308
20		0.5		40.96		20.0014		8.03285
20		0.5		41.28		20.0109		8.09129
20		0.5		41.6		20.0199		8.15432
20		0.5		41.92		20.0283		8.21571
20		0.5		42.24		20.0245		8.27467
20		0.5		42.56		20.0265		8.33072
20		0.5		42.88		20.0207		8.38622
20		0.5		43.2		20.0234		8.44664
20		0.5		43.52		20.0406		8.50275
20		0.5		43.84		20.042		8.56137
20		0.5		44.16		20.0456		8.62276
20		0.5		44.48		20.0462		8.67883
20		0.5		44.8		20.0527		8.7352
20		0.5		45.12		20.0565		8.79817
20		0.5		45.44		20.0542		8.85567
20		0.5		45.76		20.0514		8.91668
20		0.5		46.08		20.0583		8.97404
20		0.5		46.4		20.045		9.02715
20		0.5		46.72		20.0454		9.09012
20		0.5		47.04		20.0518		9.15097
20		0.5		47.36		20.0641		9.20861
20		0.5		47.68		20.0666		9.27234
20		0.5		48		20.0679		9.32869
20		0.5		48.32		20.0618		9.38855
20		0.5		48.64		20.0644		9.44557
20		0.5		48.96		20.0545		9.50328
20		0.5		49.28		20.0569		9.56658
20		0.5		49.6		20.054		9.6204
20		0.5		49.92		20.0494		9.68202
20		0.5		50.24		20.0428		9.74113
20		0.5		50.56		20.0494		9.80409
20		0.5		50.88		20.0414		9.85928
20		0.5		51.2		20.0524		9.91637
20		0.5		51.52		20.0503		9.97553
20		0.5		51.84		20.0492		10.0339
20		0.5		52.16		20.0457		10.0937
20		0.5		52.48		20.0517		10.1493
20		0.5		52.8		20.054		10.2035
20		0.5		53.12		20.058		10.2629
20		0.5		53.44		20.0573		10.3201
20		0.5		53.76		20.0672		10.3806
20		0.5		54.08		20.0663		10.438
20		0.5		54.4		20.0683		10.4931
20		0.5		54.72		20.0695		10.5513
20		0.5		55.04		20.0706		10.6117
20		0.5		55.36		20.0665		10.6714
20		0.5		55.68		20.0695		10.7274
20		0.5		56		20.0656		10.7846
20		0.5		56.32		20.0683		10.8454
20		0.5		56.64		20.0738		10.9098
20		0.5		56.96		20.0781		10.9666
20		0.5		57.28		20.0703		11.0267
20		0.5		57.6		20.0813		11.088
20		0.5		57.92		20.0856		11.1434
20		0.5		58.24		20.0939		11.2036
20		0.5		58.56		20.095		11.2556
20		0.5		58.88		20.098		11.3199
20		0.5		59.2		20.096		11.3778
20		0.5		59.52		20.0989		11.4349
20		0.5		59.84		20.0979		11.4966
20		0.5		60.16		20.0971		11.5589
20		0.5		60.48		20.0926		11.6164
20		0.5		60.8		20.0941		11.6764
20		0.5		61.12		20.1003		11.7406
20		0.5		61.44		20.0921		11.8008
20		0.5		61.76		20.0907		11.8612
20		0.5		62.08		20.0932		11.9137
20		0.5		62.4		20.0931		11.9701
20		0.5		62.72		20.0926		12.0286
20		0.5		63.04		20.0895		12.0895
20		0.5		63.36		20.098		12.1473
20		0.5		63.68		20.1023		12.204
20		0.5		64		20.0934		12.2651
20		0.5		64.32		20.089		12.3257
20		0.5		64.64		20.0833		12.3789
20		0.5		64.96		20.0757		12.4398
20		0.5		65.28		20.0805		12.4958
20		0.5		65.6		20.0803		12.5553
20		0.5		65.92		20.082		12.6145
20		0.5		66.24		20.0855		12.6738
20		0.5		66.56		20.0894		12.732
20		0.5		66.88		20.0851		12.7902
20		0.5		67.2		20.085		12.8464
20		0.5		67.52		20.0791		12.9071
20		0.5		67.84		20.0749		12.9657
20		0.5		68.16		20.0687		13.0208
20		0.5		68.48		20.0641		13.0823
20		0.5		68.8		20.0742		13.1379
20		0.5		69.12		20.0707		13.1968
20		0.5		69.44		20.0629		13.2554
20		0.5		69.76		20.0635		13.3126
20		0.5		70.08		20.0513		13.371
20		0.5		70.4		20.0566		13.4272
20		0.5		70.72		20.0664		13.4836
20		0.5		71.04		20.0695		13.543
20		0.5		71.36		20.0661		13.603
20		0.5		71.68		20.0757		13.6558
20		0.5		72		20.0764		13.721
20		0.5		72.32		20.0791		13.7788
20		0.5		72.64		20.0904		13.8413
20		0.5		72.96		20.102		13.8991
20		0.5		73.28		20.1021		13.9622
20		0.5		73.6		20.0983		14.0215
20		0.5		73.92		20.0921		14.0823
20		0.5		74.24		20.1018		14.1425
20		0.5		74.56		20.0935		14.2005
20		0.5		74.88		20.0831		14.26
20		0.5		75.2		20.0837		14.3149
20		0.5		75.52		20.078		14.3761
20		0.5		75.84		20.0708		14.4343
20		0.5		76.16		20.0699		14.4899
20		0.5		76.48		20.0616		14.5456
20		0.5		76.8		20.0604		14.6064
20		0.5		77.12		20.0484		14.662
20		0.5		77.44		20.0556		14.7203
20		0.5		77.76		20.0535		14.7798
20		0.5		78.08		20.0623		14.8352
20		0.5		78.4		20.0508		14.8941
20		0.5		78.72		20.0493		14.96
20		0.5		79.04		20.0565		15.0163
20		0.5		79.36		20.0623		15.0772
20		0.5		79.68		20.0552		15.1369
20		0.5		80		20.0524		15.1954
20		0.5		80.32		20.0545		15.2537
20		0.5		80.64		20.0533		15.3143
20		0.5		80.96		20.0542		15.3771
20		0.5		81.28		20.0456		15.4321
20		0.5		81.6		20.0359		15.49
20		0.5		81.92		20.0292		15.5418
20		0.5		82.24		20.0267		15.5981
20		0.5		82.56		20.0342		15.6579
20		0.5		82.88		20.0398		15.7128
20		0.5		83.2		20.0344		15.773
20		0.5		83.52		20.0336		15.8323
20		0.5		83.84		20.0375		15.8877
20		0.5		84.16		20.0344		15.949
20		0.5		84.48		20.0312		16.0119
20		0.5		84.8		20.0313		16.0681
20		0.5		85.12		20.0265		16.1297
20		0.5		85.44		20.0281		16.1922
20		0.5		85.76		20.0265		16.2515
20		0.5		86.08		20.0203		16.3169
20		0.5		86.4		20.0131		16.3777
20		0.5		86.72		20.0031		16.4377
20		0.5		87.04		20.0094		16.4919
20		0.5		87.36		20.0141		16.5464
20		0.5		87.68		20.0222		16.6108
20		0.5		88		20.0165		16.6686
20		0.5		88.32		20.031		16.7238
20		0.5		88.64		20.0327		16.7826
20		0.5		88.96		20.0257		16.8478
20		0.5		89.28		20.023		16.9066
20		0.5		89.6		20.0226		16.9663
20		0.5		89.92		20.0239		17.0271
20		0.5		90.24		20.0246		17.0884
20		0.5		90.56		20.0261		17.1504
20		0.5		90.88		20.0248		17.2052
20		0.5		91.2		20.0227		17.2687
20		0.5		91.52		20.0333		17.3297
20		0.5		91.84		20.0312		17.3875
20		0.5		92.16		20.0293		17.4457
20		0.5		92.48		20.0246		17.5022
20		0.5		92.8		20.0216		17.5587
20		0.5		93.12		20.0115		17.6122
20		0.5		93.44		20.0182		17.6705
20		0.5		93.76		20.0163		17.7286
20		0.5		94.08		20.0128		17.7923
20		0.5		94.4		20.0146		17.8551
20		0.5		94.72		20.0102		17.9131
20		0.5		95.04		20.0154		17.9746
20		0.5		95.36		20.0144		18.0327
20		0.5		95.68		20.0058		18.0889
20		0.5		96		20.0015		18.1439
20		0.5		96.32		20.0055		18.2057
20		0.5		96.64		20.0179		18.2648
20		0.5		96.96		20.0123		18.3256
20		0.5		97.28		20.0179		18.3857
20		0.5		97.6		20.0185		18.4449
20		0.5		97.92		20.0278		18.5034
20		0.5		98.24		20.0276		18.5604
20		0.5		98.56		20.029		18.618
20		0.5		98.88		20.0334		18.6761
20		0.5		99.2		20.0316		18.7298
20		0.5		99.52		20.0337		18.786
20		0.5		99.84		20.0316		18.8441
20		0.5		100.16		20.0372		18.8988
20		0.5		100.48		20.0333		18.9571
20		0.5		100.8		20.0349		19.0155
20		0.5		101.12		20.0318		19.0794
20		0.5		101.44		20.029		19.134
20		0.5		101.76		20.0226		19.1913
20		0.5		102.08		20.0257		19.2503
20		0.5		102.4		20.0248		19.3071
20		0.5		102.72		20.0274		19.3643
20		0.5		103.04		20.0241		19.4241
20		0.5		103.36		20.0273		19.4818
20		0.5		103.68		20.0279		19.5405
20		0.5		104		20.0351		19.5964
20		0.5		104.32		20.0299		19.6542
20		0.5		104.64		20.0289		19.7094
20		0.5		104.96		20.0304		19.7664
20		0.5		105.28		20.0288		19.8292
20		0.5		105.6		20.0385		19.8814
20		0.5		105.92		20.0334		19.9407
20		0.5		106.24		20.0279		19.9972
20		0.5		106.56		20.0321		20.0552
20		0.5		106.88		20.0271		20.1157
20		0.5		107.2		20.0338		20.1687
20		0.5		107.52		20.0475		20.2206
20		0.5		107.84		20.0569		20.2765
20		0.5		108.16		20.0471		20.3326
20		0.5		108.48		20.0568		20.3895
20		0.5		108.8		20.0597		20.4464
20		0.5		109.12		20.0758		20.5047
20		0.5		109.44		20.0722		20.5655
20		0.5		109.76		20.0555		20.6187
20		0.5		110.08		20.0632		20.6783
20		0.5		110.4		20.0599		20.7382
20		0.5		110.72		20.0611		20.7896
20		0.5		111.04		20.0615		20.8458
20		0.5		111.36		20.0765		20.9004
20		0.5		111.68		20.0756		20.9619
20		0.5		112		20.0764		21.02
20		0.5		112.32		20.0688		21.0811
20		0.5		112.64		20.0665		21.1421
20		0.5		112.96		20.0601		21.2016
20		0.5		113.28		20.0654		21.2596
20		0.5		113.6		20.0586		21.3129
20		0.5		113.92		20.06		21.371
20		0.5		114.24		20.0569		21.4313
20		0.5		114.56		20.0506		21.4893
20		0.5		114.88		20.0586		21.5518
20		0.5		115.2		20.0604		21.6094
20		0.5		115.52		20.0688		21.6703
20		0.5		115.84		20.0637		21.7268
20		0.5		116.16		20.0597		21.7861
20		0.5		116.48		20.0662		21.8438
20		0.5		116.8		20.0692		21.899
20		0.5		117.12		20.0652		21.9599
20		0.5		117.44		20.0677		22.0172
20		0.5		117.76		20.0634		22.0738
20		0.5		118.08		20.064		22.1295
20		0.5		118.4		20.0455		22.1884
20		0.5		118.72		20.0411		22.248
20		0.5		119.04		20.036		22.3031
20		0.5		119.36		20.0303		22.3625
20		0.5		119.68		20.0375		22.4165
20		0.5		120		20.0413		22.476
20		0.5		120.32		20.0434		22.5365
20		0.5		120.64		20.039		22.5901
20		0.5		120.96		20.036		22.6492
20		0.5		121.28		20.0406		22.7067
20		0.5		121.6		20.0347		22.7645
20		0.5		121.92		20.0252		22.8283
20		0.5		122.24		20.0301		22.8871
20		0.5		122.56		20.0251		22.9429
20		0.5		122.88		20.0323		23.0007
20		0.5		123.2		20.0273		23.061
20		0.5		123.52		20.0214		23.1147
20		0.5		123.84		20.0259		23.1703
20		0.5		124.16		20.0314		23.2314
20		0.5		124.48		20.0226		23.2885
20		0.5		124.8		20.0289		23.3514
20		0.5		125.12		20.0354		23.4125
20		0.5		125.44		20.0328		23.474
20		0.5		125.76		20.0355		23.5284
20		0.5		126.08		20.0309		23.5881
20		0.5		126.4		20.0419		23.6494
20		0.5		126.72		20.0315		23.7093
20		0.5		127.04		20.0248		23.7684
20		0.5		127.36		20.0343		23.825
20		0.5		127.68		20.0331		23.8819
20		0.5		128		20.0326		23.9388
20		0.5		128.32		20.0297		23.995
20		0.5		128.64		20.0387		24.0542
20		0.5		128.96		20.0454		24.1072
20		0.5		129.28		20.0397		24.1638
20		0.5		129.6		20.0352		24.2226
20		0.5		129.92		20.0303		24.2821
20		0.5		130.24		20.0351		24.3389
20		0.5		130.56		20.0224		24.3954
20		0.5		130.88		20.0279		24.4551
20		0.5		131.2		20.0247		24.5154
20		0.5		131.52		20.0298		24.5752
20		0.5		131.84		20.0329		24.6306
20		0.5		132.16		20.0357		24.6927
20		0.5		132.48		20.0333		24.7546
20		0.5		132.8		20.0282		24.8129
20		0.5		133.12		20.0252		24.8678
20		0.5		133.44		20.0232		24.9255
20		0.5		133.76		20.0021		24.9821
20		0.5		134.08		20.0092		25.037
20		0.5		134.4		20.0038		25.0968
20		0.5		134.72		19.9945		25.1524
20		0.5		135.04		19.9943		25.2055
20		0.5		135.36		20.0009		25.2598
20		0.5		135.68		20.0019		25.3229
20		0.5		136		19.9976		25.3846
20		0.5		136.32		20.0054		25.4438
20		0.5		136.64		20.0137		25.5012
20		0.5		136.96		20.0109		25.5567
20		0.5		137.28		20.0018		25.6143
20		0.5		137.6		20.0106		25.6763
20		0.5		137.92		20.0144		25.7381
20		0.5		138.24		20.0154		25.7961
20		0.5		138.56		20.0049		25.8542
20		0.5		138.88		19.9979		25.9061
20		0.5		139.2		19.9948		25.9657
20		0.5		139.52		20.0012		26.0257
20		0.5		139.84		19.996		26.0838
20		0.5		140.16		20.0072		26.1428
20		0.5		140.48		19.9995		26.2038
20		0.5		140.8		20.0004		26.2605
20		0.5		141.12		19.9941		26.3169
20		0.5		141.44		19.9926		26.3779
20		0.5		141.76		19.9969		26.4397
20		0.5		142.08		19.9893		26.5002
20		0.5		142.4		19.9791		26.5556
20		0.5		142.72		19.9777		26.6107
20		0.5		143.04		19.9734		26.6693
20		0.5		143.36		19.9742		26.7263
20		0.5		143.68		19.9795		26.7805
20		0.5		144		19.9928		26.8348
20		0.5		144.32		19.9903		26.8959
20		0.5		144.64		19.9899		26.949
20		0.5		144.96		19.9869		27.0073
20		0.5		145.28		19.9809		27.0696
20		0.5		145.6		19.9728		27.1286
20		0.5		145.92		19.9846		27.1842
20		0.5		146.24		19.991		27.2438
20		0.5		146.56		19.9873		27.3035
20		0.5		146.88		19.9832		27.3621
20		0.5		147.2		19.9751		27.4192
20		0.5		147.52		19.9685		27.4737
20		0.5		147.84		19.963		27.5286
20		0.5		148.16		19.9635		27.5824
20		0.5		148.48		19.9634		27.6406
20		0.5		148.8		19.9786		27.6957
20		0.5		149.12		19.9778		27.7565
20		0.5		149.44		19.9713		27.8161
20		0.5		149.76		19.97		27.8785
20		0.5		150.08		19.9668		27.9375
20		0.5		150.4		19.968		27.9968
20		0.5		150.72		19.9671		28.056
20		0.5		151.04		19.9748		28.1134
20		0.5		151.36		19.9796		28.175
20		0.5		151.68		19.9751		28.235
20		0.5		152		19.9663		28.2916
20		0.5		152.32		19.9607		28.3511
20		0.5		152.64		19.9714		28.4092
20		0.5		152.96		19.9722		28.4675
20		0.5		153.28		19.9798		28.5238
20		0.5		153.6		19.9736		28.5801
20		0.5		153.92		19.9795		28.6401
20		0.5		154.24		19.9724		28.7014
20		0.5		154.56		19.9793		28.7582
20		0.5		154.88		19.9684		28.8184
20		0.5		155.2		19.9592		28.8783
20		0.5		155.52		19.9591		28.9349
20		0.5		155.84		19.9615		28.9921
20		0.5		156.16		19.9619		29.049
20		0.5		156.48		19.9674		29.1046
20		0.5		156.8		19.9706		29.1695
20		0.5		157.12		19.9707		29.2231
20		0.5		157.44		19.9726		29.2853
20		0.5		157.76		19.9701		29.3475
20		0.5		158.08		19.9757		29.4079
20		0.5		158.4		19.9695		29.4732
20		0.5		158.72		19.9646		29.5305
20		0.5		159.04		19.9561		29.5927
20		0.5		159.36		19.9484		29.6473
20		0.5		159.68		19.951		29.7044
20		0.5		160		19.9516		29.7682
20		0.5		160.32		19.9463		29.8233
20		0.5		160.64		19.9475		29.8851
20		0.5		160.96		19.9614		29.9486
20		0.5		161.28		19.9626		30.0044
20		0.5		161.6		19.9713		30.0603
20		0.5		161.92		19.976		30.1217
20		0.5		162.24		19.9745		30.1808
20		0.5		162.56		19.97		30.2394
20		0.5		162.88		19.9637		30.2908
20		0.5		163.2		19.9674		30.3482
20		0.5		163.52		19.9754		30.402
20		0.5		163.84		19.9727		30.4653
20		0.5		164.16		19.9768		30.5259
20		0.5		164.48		19.9904		30.5862
20		0.5		164.8		19.9926		30.6438
20		0.5		165.12		19.9958		30.6992
20		0.5		165.44		19.9879		30.7583
20		0.5		165.76		19.9858		30.8188
20		0.5		166.08		19.9872		30.8754
20		0.5		166.4		19.9915		30.9351
20		0.5		166.72		19.9976		30.989
20		0.5		167.04		19.9908		31.0473
20		0.5		167.36		19.9946		31.1099
20		0.5		167.68		20.0013		31.169
20		0.5		168		20.0046		31.2227
20		0.5		168.32		19.9973		31.2785
20		0.5		168.64		19.9951		31.3365
20		0.5		168.96		20.0015		31.3985
20		0.5		169.28		20.0096		31.4572
20		0.5		169.6		20.0156		31.5154
20		0.5		169.92		20.0167		31.5728
20		0.5		170.24		20.0136		31.6316
20		0.5		170.56		20.005		31.6927
20		0.5		170.88		19.9958		31.7502
20		0.5		171.2		19.9926		31.813
20		0.5		171.52		19.9864		31.8738
20		0.5		171.84		19.9832		31.9317
20		0.5		172.16		19.9817		31.9913
20		0.5		172.48		19.9824		32.0455
20		0.5		172.8		19.9837		32.1034
20		0.5		173.12		19.9826		32.1618
20		0.5		173.44		19.9873		32.2199
20		0.5		173.76		19.9848		32.2772
20		0.5		174.08		19.9815		32.3347
20		0.5		174.4		19.9814		32.3905
20		0.5		174.72		19.9831		32.449
20		0.5		175.04		19.9854		32.5068
20		0.5		175.36		19.9838		32.5623
20		0.5		175.68		19.9765		32.6196
20		0.5		176		19.9744		32.6748
20		0.5		176.32		19.9647		32.7357
20		0.5		176.64		19.9621		32.7955
20		0.5		176.96		19.9626		32.8537
20		0.5		177.28		19.9691		32.9158
20		0.5		177.6		19.9678		32.9755
20		0.5		177.92		19.9736		33.0303
20		0.5		178.24		19.9618		33.0912
20		0.5		178.56		19.9721		33.1506
20		0.5		178.88		19.9749		33.2111
20		0.5		179.2		19.9788		33.2679
20		0.5		179.52		19.9816		33.3283
20		0.5		179.84		19.9852		33.3803
20		0.5		180.16		19.9831		33.4419
20		0.5		180.48		19.9844		33.5005
20		0.5		180.8		19.9877		33.5618
20		0.5		181.12		19.9949		33.6176
20		0.5		181.44		19.9949		33.6754
20		0.5		181.76		19.9924		33.7322
20		0.5		182.08		19.9831		33.7932
20		0.5		182.4		19.9762		33.8511
20		0.5		182.72		19.979		33.9124
20		0.5		183.04		19.9876		33.9691
20		0.5		183.36		19.9919		34.0306
20		0.5		183.68		19.9946		34.0948
20		0.5		184		19.9915		34.1529
20		0.5		184.32		19.994		34.2116
20		0.5		184.64		19.999		34.2713
20		0.5		184.96		20.0028		34.3292
20		0.5		185.28		20.0059		34.3852
20		0.5		185.6		20.0058		34.4435
20		0.5		185.92		20.0092		34.5003
20		0.5		186.24		20.0106		34.5608
20		0.5		186.56		20.0141		34.6184
20		0.5		186.88		20.0221		34.6789
20		0.5		187.2		20.0326		34.7352
20		0.5		187.52		20.0298		34.79
20		0.5		187.84		20.0253		34.8479
20		0.5		188.16		20.0228		34.9045
20		0.5		188.48		20.0263		34.9611
20		0.5		188.8		20.022		35.0211
20		0.5		189.12		20.0182		35.0844
20		0.5		189.44		20.0163		35.1404
20		0.5		189.76		20.0114		35.1999
20		0.5		190.08		20.0163		35.2632
20		0.5		190.4		20.012		35.3215
20		0.5		190.72		20.0072		35.3808
20		0.5		191.04		19.9979		35.4394
20		0.5		191.36		20.0028		35.4968
20		0.5		191.68		19.9993		35.5607
20		0.5		192		19.9902		35.6223
20		0.5		192.32		19.9889		35.6782
20		0.5		192.64		19.9914		35.7395
20		0.5		192.96		19.9926		35.7982
20		0.5		193.28		19.9912		35.8584
20		0.5		193.6		19.9955		35.9125
20		0.5		193.92		19.9831		35.9743
20		0.5		194.24		19.9776		36.0329
20		0.5		194.56		19.9713		36.0897
20		0.5		194.88		19.9727		36.1501
20		0.5		195.2		19.9865		36.2119
20		0.5		195.52		19.9946		36.267
20		0.5		195.84		20.0022		36.3253
20		0.5		196.16		19.9987		36.3872
20		0.5		196.48		19.995		36.4443
20		0.5		196.8		20.0017		36.5029
20		0.5		197.12		19.9991		36.5657
20		0.5		197.44		19.9966		36.6273
20		0.5		197.76		19.9852		36.6852
20		0.5		198.08		19.9727		36.7439
20		0.5		198.4		19.9792		36.8009
20		0.5		198.72		19.9913		36.8547
20		0.5		199.04		19.9868		36.9156
20		0.5		199.36		19.9875		36.9774
20		0.5		199.68		19.9827		37.0329
20		0.5		200		19.9889		37.096
20		0.5		200.32		19.9886		37.1559
20		0.5		200.64		19.9826		37.2202
20		0.5		200.96		19.9768		37.2769
20		0.5		201.28		19.9717		37.3345
20		0.5		201.6		19.9589		37.3959
20		0.5		201.92		19.9571		37.455
20		0.5		202.24		19.9469		37.5097
20		0.5		202.56		19.9411		37.5706
20		0.5		202.88		19.9367		37.629
20		0.5		203.2		19.937		37.6818
20		0.5		203.52		19.9297		37.7409
20		0.5		203.84		19.9301		37.8021
20		0.5		204.16		19.9308		37.8589
20		0.5		204.48		19.9267		37.9218
20		0.5		204.8		19.9244		37.9839
20		0.5		205.12		19.914		38.0427
20		0.5		205.44		19.9196		38.1064
20		0.5		205.76		19.917		38.1678
20		0.5		206.08		19.9226		38.2258
20		0.5		206.4		19.9132		38.2818
20		0.5		206.72		19.9227		38.3413
20		0.5		207.04		19.9218		38.4021
20		0.5		207.36		19.9182		38.4615
20		0.5		207.68		19.9224		38.5207
20		0.5		208		19.9342		38.5827
20		0.5		208.32		19.9476		38.6391
20		0.5		208.64		19.9513		38.6946
20		0.5		208.96		19.9515		38.7509
20		0.5		209.28		19.9532		38.8088
20		0.5		209.6		19.9412		38.862
20		0.5		209.92		19.9474		38.9194
20		0.5		210.24		19.9435		38.9755
20		0.5		210.56		19.9409		39.0327
20		0.5		210.88		19.9547		39.0914
20		0.5		211.2		19.9605		39.1441
20		0.5		211.52		19.9573		39.2002
20		0.5		211.84		19.9612		39.2561
20		0.5		212.16		19.9668		39.313
20		0.5		212.48		19.9755		39.3705
20		0.5		212.8		19.9843		39.4281
20		0.5		213.12		19.9899		39.4828
20		0.5		213.44		19.9928		39.549
20		0.5		213.76		19.9849		39.6059
20		0.5		214.08		19.9916		39.6665
20		0.5		214.4		19.9985		39.726
20		0.5		214.72		20.0026		39.7828
20		0.5		215.04		19.9927		39.8398
20		0.5		215.36		19.9957		39.9003
20		0.5		215.68		19.9991		39.9603
20		0.5		216		20.0019		40.0189
20		0.5		216.32		19.9978		40.0802
20		0.5		216.64		19.9901		40.1402
20		0.5		216.96		19.9905		40.2019
20		0.5		217.28		19.9891		40.2574
20		0.5		217.6		19.9872		40.3124
20		0.5		217.92		19.9915		40.3693
20		0.5		218.24		19.994		40.4292
20		0.5		218.56		19.9831		40.4907
20		0.5		218.88		19.9792		40.5498
20		0.5		219.2		19.9785		40.612
20		0.5		219.52		19.9834		40.6662
20		0.5		219.84		19.9878		40.7251
20		0.5		220.16		19.9917		40.7821
20		0.5		220.48		19.9847		40.8446
20		0.5		220.8		19.9744		40.9053
20		0.5		221.12		19.9714		40.9659
20		0.5		221.44		19.9699		41.0207
20		0.5		221.76		19.9641		41.0759
20		0.5		222.08		19.9649		41.1379
20		0.5		222.4		19.9641		41.1946
20		0.5		222.72		19.9707		41.2464
20		0.5		223.04		19.961		41.3047
20		0.5		223.36		19.958		41.3607
20		0.5		223.68		19.9461		41.4156
20		0.5		224		19.9515		41.4759
20		0.5		224.32		19.9648		41.5296
20		0.5		224.64		19.9553		41.5867
20		0.5		224.96		19.9452		41.6476
20		0.5		225.28		19.9537		41.7037
20		0.5		225.6		19.9586		41.7596
20		0.5		225.92		19.9532		41.8199
20		0.5		226.24		19.947		41.8793
20		0.5		226.56		19.9534		41.9398
20		0.5		226.88		19.9519		41.9985
20		0.5		227.2		19.9574		42.0539
20		0.5		227.52		19.9558		42.1085
20		0.5		227.84		19.9571		42.1689
20		0.5		228.16		19.9613		42.2328
20		0.5		228.48		19.9583		42.2904
20		0.5		228.8		19.9667		42.3421
20		0.5		229.12		19.9704		42.3993
20		0.5		229.44		19.978		42.4586
20		0.5		229.76		19.9779		42.5161
20		0.5		230.08		19.9695		42.577
20		0.5		230.4		19.9705		42.6339
20		0.5		230.72		19.9629		42.6954
20		0.5		231.04		19.957		42.7558
20		0.5		231.36		19.9568		42.814
20		0.5		231.68		19.9628		42.8723
20		0.5		232		19.9531		42.9292
20		0.5		232.32		19.9583		42.9912
20		0.5		232.64		19.9609		43.0473
20		0.5		232.96		19.9685		43.1043
20		0.5		233.28		19.9696		43.1605
20		0.5		233.6		19.9621		43.2226
20		0.5		233.92		19.9537		43.282
20		0.5		234.24		19.9494		43.337
20		0.5		234.56		19.9439		43.399
20		0.5		234.88		19.9393		43.4551
20		0.5		235.2		19.9312		43.5141
20		0.5		235.52		19.933		43.5704
20		0.5		235.84		19.9394		43.6253
20		0.5		236.16		19.9451		43.6825
20		0.5		236.48		19.939		43.7475
20		0.5		236.8		19.9343		43.803
20		0.5		237.12		19.9359		43.8613
20		0.5		237.44		19.9309		43.9194
20		0.5		237.76		19.9325		43.9723
20		0.5		238.08		19.9275		44.0343
20		0.5		238.4		19.9313		44.0937
20		0.5		238.72		19.9283		44.1481
20		0.5		239.04		19.9232		44.2129
20		0.5		239.36		19.9244		44.2706
20		0.5		239.68		19.9348		44.3278
20		0.5		240		19.9223		44.3904
20		0.5		240.32		19.9238		44.4498
20		0.5		240.64		19.9102		44.5037
20		0.5		240.96		19.9043		44.5625
20		0.5		241.28		19.8959		44.6198
20		0.5		241.6		19.8841		44.682
20		0.5		241.92		19.8794		44.7392
20		0.5		242.24		19.877		44.796
20		0.5		242.56		19.8784		44.86
20		0.5		242.88		19.8782		44.9189
20		0.5		243.2		19.8751		44.9752
20		0.5		243.52		19.8895		45.0344
20		0.5		243.84		19.8967		45.0871
20		0.5		244.16		19.8918		45.1499
20		0.5		244.48		19.8915		45.2186
20		0.5		244.8		19.8911		45.2801
20		0.5		245.12		19.8816		45.3366
20		0.5		245.44		19.8718		45.3939
20		0.5		245.76		19.883		45.4533
20		0.5		246.08		19.8851		45.5078
20		0.5		246.4		19.8766		45.5663
20		0.5		246.72		19.8728		45.6239
20		0.5		247.04		19.8731		45.6873
20		0.5		247.36		19.8713		45.7451
20		0.5		247.68		19.879		45.8053
20		0.5		248		19.8888		45.8655
20		0.5		248.32		19.8926		45.9289
20		0.5		248.64		19.8926		45.9857
20		0.5		248.96		19.9097		46.0447
20		0.5		249.28		19.9124		46.105
20		0.5		249.6		19.9032		46.1656
20		0.5		249.92		19.9041		46.2273
20		0.5		250.24		19.908		46.2872
20		0.5		250.56		19.9068		46.3467
20		0.5		250.88		19.9026		46.4082
20		0.5		251.2		19.9045		46.4643
20		0.5		251.52		19.9079		46.5241
20		0.5		251.84		19.8986		46.5853
20		0.5		252.16		19.898		46.6426
20		0.5		252.48		19.9044		46.7038
20		0.5		252.8		19.9002		46.764
20		0.5		253.12		19.9086		46.8214
20		0.5		253.44		19.9158		46.8772
20		0.5		253.76		19.9054		46.9367
20		0.5		254.08		19.9108		46.9898
20		0.5		254.4		19.9055		47.0493
20		0.5		254.72		19.9004		47.1029
20		0.5		255.04		19.9023		47.165
20		0.5		255.36		19.8986		47.2269
20		0.5		255.68		19.8989		47.2852
20		0.5		256		19.898		47.3477
20		0.5		256.32		19.8915		47.4103
20		0.5		256.64		19.9084		47.47
20		0.5		256.96		19.9153		47.5267
20		0.5		257.28		19.9198		47.5852
20		0.5		257.6		19.9236		47.6407
20		0.5		257.92		19.9145		47.7014
20		0.5		258.24		19.9107		47.7589
20		0.5		258.56		19.9106		47.8128
20		0.5		258.88		19.9152		47.8713
20		0.5		259.2		19.9083		47.9281
20		0.5		259.52		19.9111		47.9878
20		0.5		259.84		19.9085		48.0452
20		0.5		260.16		19.9092		48.1056
20		0.5		260.48		19.9167		48.1665
20		0.5		260.8		19.9229		48.2223
20		0.5		261.12		19.9153		48.2808
20		0.5		261.44		19.9169		48.3372
20		0.5		261.76		19.9168		48.3956
20		0.5		262.08		19.9124		48.4545
20		0.5		262.4		19.9156		48.51
20		0.5		262.72		19.9141		48.5722
20		0.5		263.04		19.9215		48.6343
20		0.5		263.36		19.9143		48.6927
20		0.5		263.68		19.9121		48.7459
20		0.5		264		19.9124		48.804
20		0.5		264.32		19.9152		48.8659
20		0.5		264.64		19.9111		48.9267
20		0.5		264.96		19.9095		48.9868
20		0.5		265.28		19.9136		49.0444
20		0.5		265.6		19.9103		49.1012
20		0.5		265.92		19.9045		49.156
20		0.5		266.24		19.9035		49.2205
20		0.5		266.56		19.9024		49.2829
20		0.5		266.88		19.9105		49.3462
20		0.5		267.2		19.91		49.4042
20		0.5		267.52		19.9034		49.4632
20		0.5		267.84		19.9049		49.5216
20		0.5		268.16		19.8992		49.5765
20		0.5		268.48		19.8948		49.632
20		0.5		268.8		19.9089		49.6928
20		0.5		269.12		19.9082		49.7531
20		0.5		269.44		19.911		49.8103
20		0.5		269.76		19.9134		49.8683
20		0.5		270.08		19.9068		49.9246
20		0.5		270.4		19.9051		49.9824
20		0.5		270.72		19.9073		50.0382
20		0.5		271.04		19.9075		50.0974
20		0.5		271.36		19.9065		50.1586
20		0.5		271.68		19.9		50.2223
20		0.5		272		19.9039		50.2859
20		0.5		272.32		19.905		50.346
20		0.5		272.64		19.9013		50.4046
20		0.5		272.96		19.9046		50.4614
20		0.5		273.28		19.905		50.5238
20		0.5		273.6		19.898		50.5847
20		0.5		273.92		19.9059		50.6437
20		0.5		274.24		19.9084		50.7015
20		0.5		274.56		19.9074		50.7573
20		0.5		274.88		19.9048		50.8178
20		0.5		275.2		19.9096		50.8739
20		0.5		275.52		19.9041		50.9329
20		0.5		275.84		19.8986		50.9926
20		0.5		276.16		19.8959		51.0493
20		0.5		276.48		19.8951		51.1032
20		0.5		276.8		19.8953		51.162
20		0.5		277.12		19.8919		51.2183
20		0.5		277.44		19.9007		51.2773
20		0.5		277.76		19.9043		51.337
20		0.5		278.08		19.9005		51.4009
20		0.5		278.4		19.893		51.4566
20		0.5		278.72		19.8954		51.5157
20		0.5		279.04		19.894		51.5705
20		0.5		279.36		19.8961		51.6254
20		0.5		279.68		19.8924		51.689
20		0.5		280		19.9009		51.7489
20		0.5		280.32		19.9038		51.8092
20		0.5		280.64		19.8995		51.8702
20		0.5		280.96		19.9024		51.9285
20		0.5		281.28		19.9082		51.9881
20		0.5		281.6		19.907		52.0438
20		0.5		281.92		19.9104		52.1008
20		0.5		282.24		19.9177		52.1628
20		0.5		282.56		19.9128		52.218
20		0.5		282.88		19.9106		52.2722
20		0.5		283.2		19.9002		52.3358
20		0.5		283.52		19.8972		52.3963
20		0.5		283.84		19.8928		52.461
20		0.5		284.16		19.8954		52.5185
20		0.5		284.48		19.8947		52.574
20		0.5		284.8		19.8965		52.6324
20		0.5		285.12		19.8982		52.6942
20		0.5		285.44		19.8906		52.7541
20		0.5		285.76		19.8913		52.8091
20		0.5		286.08		19.8938		52.8695
20		0.5		286.4		19.8922		52.9248
20		0.5		286.72		19.8868		52.9827
20		0.5		287.04		19.8832		53.0414
20		0.5		287.36		19.8803		53.0958
20		0.5		287.68		19.882		53.1551
20		0.5		288		19.8789		53.2129
20		0.5		288.32		19.8889		53.272
20		0.5		288.64		19.8898		53.3308
20		0.5		288.96		19.8904		53.3925
20		0.5		289.28		19.8953		53.4543
20		0.5		289.6		19.8945		53.5089
20		0.5		289.92		19.8918		53.5669
20		0.5		290.24		19.889		53.6226
20		0.5		290.56		19.8978		53.6793
20		0.5		290.88		19.9036		53.7406
20		0.5		291.2		19.9039		53.7962
20		0.5		291.52		19.9075		53.8546
20		0.5		291.84		19.9063		53.9118
20		0.5		292.16		19.9029		53.9693
20		0.5		292.48		19.9096		54.0244
20		0.5		292.8		19.9142		54.0819
20		0.5		293.12		19.9112		54.14
20		0.5		293.44		19.9114		54.1999
20		0.5		293.76		19.918		54.2647
20		0.5		294.08		19.9161		54.3249
20		0.5		294.4		19.9052		54.3827
20		0.5		294.72		19.9087		54.4432
20		0.5		295.04		19.913		54.5062
20		0.5		295.36		19.9031		54.5667
20		0.5		295.68		19.9057		54.6319
20		0.5		296		19.9138		54.6939
20		0.5		296.32		19.9162		54.7533
20		0.5		296.64		19.9171		54.8178
20		0.5		296.96		19.9196		54.8751
20		0.5		297.28		19.9197		54.9324
20		0.5		297.6		19.92		54.9909
20		0.5		297.92		19.925		55.0454
20		0.5		298.24		19.9242		55.0972
20		0.5		298.56		19.9202		55.1586
20		0.5		298.88		19.9333		55.214
20		0.5		299.2		19.9345		55.2733
20		0.5		299.52		19.9346		55.3372
20		0.5		299.84		19.9377		55.3952
20		0.5		300.16		19.9333		55.4454
20		0.5		300.48		19.9334		55.5042
20		0.5		300.8		19.937		55.5657
20		0.5		301.12		19.9341		55.622
20		0.5		301.44		19.9269		55.6816
20		0.5		301.76		19.9387		55.7414
20		0.5		302.08		19.9347		55.7916
20		0.5		302.4		19.9194		55.8531
20		0.5		302.72		19.9133		55.9136
20		0.5		303.04		19.9074		55.975
20		0.5		303.36		19.9024		56.0323
20		0.5		303.68		19.9055		56.0901
20		0.5		304		19.9008		56.1514
20		0.5		304.32		19.9066		56.2105
20		0.5		304.64		19.9051		56.2698
20		0.5		304.96		19.8951		56.3326
20		0.5		305.28		19.8921		56.3935
20		0.5		305.6		19.8992		56.4501
20		0.5		305.92		19.8993		56.5085
20		0.5		306.24		19.8982		56.565
20		0.5		306.56		19.9051		56.6267
20		0.5		306.88		19.8997		56.6858
20		0.5		307.2		19.9053		56.7411
20		0.5		307.52		19.9082		56.7998
20		0.5		307.84		19.909		56.857
20		0.5		308.16		19.9146		56.9178
20		0.5		308.48		19.9108		56.9735
20		0.5		308.8		19.9123		57.0319
20		0.5		309.12		19.9075		57.0929
20		0.5		309.44		19.9097		57.1524
20		0.5		309.76		19.9144		57.2114
20		0.5		310.08		19.9129		57.2708
20		0.5		310.4		19.9109		57.3305
20		0.5		310.72		19.9084		57.388
20		0.5		311.04		19.9081		57.4457
20		0.5		311.36		19.9124		57.4969
20		0.5		311.68		19.9186		57.5528
20		0.5		312		19.9064		57.6162
20		0.5		312.32		19.9011		57.6738
20		0.5		312.64		19.9032		57.7326
20		0.5		312.96		19.9042		57.786
20		0.5		313.28		19.8978		57.8366
20		0.5		313.6		19.9085		57.8967
20		0.5		313.92		19.9089		57.9599
20		0.5		314.24		19.9043		58.0141
20		0.5		314.56		19.9129		58.0702
20		0.5		314.88		19.911		58.1313
20		0.5		315.2		19.9091		58.1918
20		0.5		315.52		19.9082		58.2494
20		0.5		315.84		19.9035		58.3095
20		0.5		316.16		19.9092		58.3637
20		0.5		316.48		19.9045		58.4215
20		0.5		316.8		19.9036		58.4786
20		0.5		317.12		19.9015		58.5369
20		0.5		317.44		19.8929		58.596
20		0.5		317.76		19.8975		58.6518
20		0.5		318.08		19.8942		58.7086
20		0.5		318.4		19.8958		58.7687
20		0.5		318.72		19.8995		58.8251
20		0.5		319.04		19.9019		58.8811
20		0.5		319.36		19.9002		58.9333
20		0.5		319.68		19.9005		58.9951
20		0.5		320		19.898		59.0551
20		0.5		320.32		19.9078		59.1142
20		0.5		320.64		19.8975		59.1732
20		0.5		320.96		19.8896		59.2297
20		0.5		321.28		19.8945		59.2888
20		0.5		321.6		19.8937		59.3494
20		0.5		321.92		19.8922		59.4081
20		0.5		322.24		19.8908		59.4714
20		0.5		322.56		19.8955		59.531
20		0.5		322.88		19.9003		59.5898
20		0.5		323.2		19.9056		59.6531
20		0.5		323.52		19.9104		59.7094
20		0.5		323.84		19.9145		59.7663
20		0.5		324.16		19.9206		59.8203
20		0.5		324.48		19.9186		59.8799
20		0.5		324.8		19.9171		59.9362
20		0.5		325.12		19.9243		59.9964
20		0.5		325.44		19.9249		60.0538
20		0.5		325.76		19.9237		60.1123
20		0.5		326.08		19.935		60.1683
20		0.5		326.4		19.9317		60.2322
20		0.5		326.72		19.9308		60.2926
20		0.5		327.04		19.9364		60.3465
20		0.5		327.36		19.9361		60.4012
20		0.5		327.68		19.9345		60.4634
20		0.5		328		19.9344		60.5201
20		0.5		328.32		19.928		60.5793
20		0.5		328.64		19.9322		60.6369
20		0.5		328.96		19.9293		60.691
20		0.5		329.28		19.927		60.7457
20		0.5		329.6		19.9258		60.8051
20		0.5		329.92		19.9268		60.8663
20		0.5		330.24		19.9343		60.9191
20		0.5		330.56		19.9226		60.979
20		0.5		330.88		19.9191		61.0399
20		0.5		331.2		19.925		61.0959
20		0.5		331.52		19.9197		61.1547
20		0.5		331.84		19.9153		61.2112
20		0.5		332.16		19.9274		61.2749
20		0.5		332.48		19.927		61.3341
20		0.5		332.8		19.9325		61.3904
20		0.5		333.12		19.9252		61.4498
20		0.5		333.44		19.931		61.5085
20		0.5		333.76		19.944		61.5646
20		0.5		334.08		19.9489		61.6234
20		0.5		334.4		19.946		61.6777
20		0.5		334.72		19.9427		61.737
20		0.5		335.04		19.947		61.7924
20		0.5		335.36		19.9432		61.8537
20		0.5		335.68		19.9411		61.9146
20		0.5		336		19.9357		61.9767
20		0.5		336.32		19.9356		62.0355
20		0.5		336.64		19.937		62.0926
20		0.5		336.96		19.931		62.1571
20		0.5		337.28		19.933		62.2182
20		0.5		337.6		19.937		62.2779
20		0.5		337.92		19.9379		62.3386
20		0.5		338.24		19.9484		62.4021
20		0.5		338.56		19.9454		62.4608
20		0.5		338.88		19.951		62.5229
20		0.5		339.2		19.9512		62.5779
20		0.5		339.52		19.9515		62.6366
20		0.5		339.84		19.9557		62.6961
20		0.5		340.16		19.9564		62.7527
20		0.5		340.48		19.9553		62.8114
20		0.5		340.8		19.9494		62.87
20		0.5		341.12		19.9446		62.9319
20		0.5		341.44		19.9419		62.9871
20		0.5		341.76		19.9418		63.0471
20		0.5		342.08		19.9425		63.1023
20		0.5		342.4		19.9456		63.1576
20		0.5		342.72		19.9523		63.2157
20		0.5		343.04		19.9458		63.2729
20		0.5		343.36		19.9462		63.3306
20		0.5		343.68		19.9371		63.3889
20		0.5		344		19.9405		63.4451
20		0.5		344.32		19.9349		63.4999
20		0.5		344.64		19.9265		63.5567
20		0.5		344.96		19.92		63.612
20		0.5		345.28		19.914		63.67
20		0.5		345.6		19.9217		63.728
20		0.5		345.92		19.9186		63.7852
20		0.5		346.24		19.9262		63.8473
20		0.5		346.56		19.9222		63.9073
20		0.5		346.88		19.9284		63.9687
20		0.5		347.2		19.9326		64.0264
20		0.5		347.52		19.9346		64.0855
20		0.5		347.84		19.9287		64.1433
20		0.5		348.16		19.9243		64.201
20		0.5		348.48		19.9254		64.255
20		0.5		348.8		19.9231		64.3143
20		0.5		349.12		19.935		64.3702
20		0.5		349.44		19.9334		64.4292
20		0.5		349.76		19.9392		64.4846
20		0.5		350.08		19.9489		64.5393
20		0.5		350.4		19.9504		64.5979
20		0.5		350.72		19.9522		64.6577
20		0.5		351.04		19.9414		64.7169
20		0.5		351.36		19.9438		64.7752
20		0.5		351.68		19.947		64.8356
20		0.5		352		19.9505		64.8932
20		0.5		352.32		19.948		64.9522
20		0.5		352.64		19.947		65.0074
20		0.5		352.96		19.9445		65.0606
20		0.5		353.28		19.9418		65.1196
20		0.5		353.6		19.9389		65.1751
20		0.5		353.92		19.9385		65.2353
20		0.5		354.24		19.9393		65.2973
20		0.5		354.56		19.9523		65.3606
20		0.5		354.88		19.9489		65.4217
20		0.5		355.2		19.942		65.4829
20		0.5		355.52		19.9489		65.5369
20		0.5		355.84		19.9509		65.5984
20		0.5		356.16		19.9523		65.662
20		0.5		356.48		19.9654		65.7155
20		0.5		356.8		19.9768		65.7735
20		0.5		357.12		19.9816		65.8297
20		0.5		357.44		19.9755		65.8849
20		0.5		357.76		19.9768		65.9431
20		0.5		358.08		19.9881		66.0049
20		0.5		358.4		19.9914		66.07
20		0.5		358.72		19.9883		66.1272
20		0.5		359.04		19.9849		66.1839
20		0.5		359.36		19.9846		66.2457
20		0.5		359.68		19.9851		66.3017
20		0.5		360		19.9861		66.3591
20		0.5		360.32		19.9903		66.4159
20		0.5		360.64		20.0114		66.4743
20		0.5		360.96		20.0171		66.5301
20		0.5		361.28		20.0216		66.5936
20		0.5		361.6		20.018		66.6496
20		0.5		361.92		20.0099		66.7062
20		0.5		362.24		20.0055		66.7671
20		0.5		362.56		20.0019		66.8295
20		0.5		362.88		20.0046		66.8883
20		0.5		363.2		20.0087		66.9466
20		0.5		363.52		19.9932		66.9999
20		0.5		363.84		19.994		67.0551
20		0.5		364.16		19.997		67.1079
20		0.5		364.48		19.9961		67.1647
20		0.5		364.8		19.9856		67.2258
20		0.5		365.12		19.9757		67.2834
20		0.5		365.44		19.9701		67.3419
20		0.5		365.76		19.9765		67.3992
20		0.5		366.08		19.9731		67.46
20		0.5		366.4		19.9738		67.5154
20		0.5		366.72		19.9749		67.5773
20		0.5		367.04		19.9731		67.6376
20		0.5		367.36		19.9716		67.6969
20		0.5		367.68		19.9625		67.7565
20		0.5		368		19.9675		67.8119
20		0.5		368.32		19.9703		67.8731
20		0.5		368.64		19.9649		67.9287
20		0.5		368.96		19.9638		67.9844
20		0.5		369.28		19.9689		68.0468
20		0.5		369.6		19.9668		68.106
20		0.5		369.92		19.973		68.1657
20		0.5		370.24		19.9753		68.2206
20		0.5		370.56		19.9769		68.2811
20		0.5		370.88		19.984		68.3375
20		0.5		371.2		19.9784		68.4006
20		0.5		371.52		19.9775		68.4569
20		0.5		371.84		19.9657		68.5129
20		0.5		372.16		19.9613		68.5701
20		0.5		372.48		19.9569		68.627
20		0.5		372.8		19.9613		68.6847
20		0.5		373.12		19.9528		68.7439
20		0.5		373.44		19.9464		68.8002
20		0.5		373.76		19.9499		68.8619
20		0.5		374.08		19.9509		68.9192
20		0.5		374.4		19.9565		68.9784
20		0.5		374.72		19.9542		69.0378
20		0.5		375.04		19.9569		69.0942
20		0.5		375.36		19.9633		69.1476
20		0.5		375.68		19.9668		69.2028
20		0.5		376		19.9701		69.2633
20		0.5		376.32		19.9504		69.3224
20		0.5		376.64		19.9565		69.3798
20		0.5		376.96		19.9504		69.4343
20		0.5		377.28		19.9491		69.4933
20		0.5		377.6		19.9463		69.5481
20		0.5		377.92		19.9471		69.606
20		0.5		378.24		19.9441		69.6677
20		0.5		378.56		19.9408		69.7249
20		0.5		378.88		19.9443		69.7862
20		0.5		379.2		19.9343		69.8396
20		0.5		379.52		19.9359		69.9003
20		0.5		379.84		19.9406		69.9587
20		0.5		380.16		19.9362		70.0195
20		0.5		380.48		19.937		70.0743
20		0.5		380.8		19.937		70.1339
20		0.5		381.12		19.9419		70.193
20		0.5		381.44		19.9436		70.2482
20		0.5		381.76		19.9368		70.3053
20		0.5		382.08		19.9269		70.3648
20		0.5		382.4		19.9196		70.4225
20		0.5		382.72		19.9194		70.4751
20		0.5		383.04		19.9222		70.5306
20		0.5		383.36		19.9251		70.5929
20		0.5		383.68		19.9281		70.6515
20		0.5		384		19.9236		70.7077
20		0.5		384.32		19.9195		70.7689
20		0.5		384.64		19.9177		70.824
20		0.5		384.96		19.9193		70.8843
20		0.5		385.28		19.9125		70.9435
20		0.5		385.6		19.9126		71.0043
20		0.5		385.92		19.9133		71.0605
20		0.5		386.24		19.9114		71.1195
20		0.5		386.56		19.9072		71.1724
20		0.5		386.88		19.8983		71.2334
20		0.5		387.2		19.9019		71.2937
20		0.5		387.52		19.9049		71.352
20		0.5		387.84		19.9029		71.418
20		0.5		388.16		19.9089		71.4761
20		0.5		388.48		19.9187		71.5323
20		0.5		388.8		19.9272		71.596
20		0.5		389.12		19.9191		71.6547
20		0.5		389.44		19.9238		71.7167
20		0.5		389.76		19.9275		71.7793
20		0.5		390.08		19.9275		71.8359
20		0.5		390.4		19.9297		71.8966
20		0.5		390.72		19.9373		71.9597
20		0.5		391.04		19.9273		72.0201
20		0.5		391.36		19.9315		72.0809
20		0.5		391.68		19.9251		72.1405
20		0.5		392		19.9199		72.1967
20		0.5		392.32		19.9266		72.2586
20		0.5		392.64		19.9292		72.3171
20		0.5		392.96		19.9352		72.381
20		0.5		393.28		19.9324		72.438
20		0.5		393.6		19.9272		72.5005
20		0.5		393.92		19.9183		72.5585
20		0.5		394.24		19.9184		72.6198
20		0.5		394.56		19.9165		72.6761
20		0.5		394.88		19.9188		72.7408
20		0.5		395.2		19.924		72.7963
20		0.5		395.52		19.9226		72.8579
20		0.5		395.84		19.9272		72.9173
20		0.5		396.16		19.9222		72.9767
20		0.5		396.48		19.925		73.0389
20		0.5		396.8		19.9164		73.1005
20		0.5		397.12		19.9143		73.1593
20		0.5		397.44		19.9128		73.2173
20		0.5		397.76		19.9182		73.2719
20		0.5		398.08		19.9		73.3343
20		0.5		398.4		19.9007		73.3965
20		0.5		398.72		19.9015		73.4537
20		0.5		399.04		19.8986		73.5068
20		0.5		399.36		19.8964		73.5674
20		0.5		399.68		19.8935		73.6247
20		0.5		400		19.8957		73.6782
20		0.5		400.32		19.8964		73.7363
20		0.5		400.64		19.8978		73.7939
20		0.5		400.96		19.9065		73.8518
20		0.5		401.28		19.9115		73.9131
20		0.5		401.6		19.9144		73.9698
20		0.5		401.92		19.9189		74.0261
20		0.5		402.24		19.9245		74.0813
20		0.5		402.56		19.9238		74.1397
20		0.5		402.88		19.9115		74.1981
20		0.5		403.2		19.919		74.2609
20		0.5		403.52		19.9157		74.3229
20		0.5		403.84		19.9126		74.382
20		0.5		404.16		19.9141		74.4411
20		0.5		404.48		19.9063		74.5018
20		0.5		404.8		19.8979		74.5578
20		0.5		405.12		19.8979		74.617
20		0.5		405.44		19.8933		74.6765
20		0.5		405.76		19.8941		74.7354
20		0.5		406.08		19.8885		74.794
20		0.5		406.4		19.8882		74.8523
20		0.5		406.72		19.8965		74.9106
20		0.5		407.04		19.9076		74.9662
20		0.5		407.36		19.9096		75.0243
20		0.5		407.68		19.8924		75.0826
20		0.5		408		19.8978		75.1426
20		0.5		408.32		19.8944		75.2016
20		0.5		408.64		19.8904		75.2573
20		0.5		408.96		19.8944		75.3124
20		0.5		409.28		19.8833		75.3698
20		0.5		409.6		19.8839		75.4288
20		0.5		409.92		19.8847		75.4878
20		0.5		410.24		19.8727		75.5435
20		0.5		410.56		19.8733		75.6022
20		0.5		410.88		19.8753		75.6612
20		0.5		411.2		19.8754		75.7174
20		0.5		411.52		19.8829		75.7768
20		0.5		411.84		19.8841		75.8364
20		0.5		412.16		19.8827		75.8955
20		0.5		412.48		19.8792		75.9526
20		0.5		412.8		19.8766		76.0062
20		0.5		413.12		19.8738		76.0626
20		0.5		413.44		19.871		76.1194
20		0.5		413.76		19.8668		76.1801
20		0.5		414.08		19.8622		76.2393
20		0.5		414.4		19.861		76.2945
20		0.5		414.72		19.8617		76.3539
20		0.5		415.04		19.8524		76.4125
20		0.5		415.36		19.8527		76.4728
20		0.5		415.68		19.8492		76.5265
20		0.5		416		19.8512		76.5852
20		0.5		416.32		19.8519		76.6432
20		0.5		416.64		19.8474		76.6977
20		0.5		416.96		19.8383		76.7603
20		0.5		417.28		19.8321		76.8133
20		0.5		417.6		19.8381		76.8735
20		0.5		417.92		19.8294		76.9293
20		0.5		418.24		19.8325		76.9887
20		0.5		418.56		19.8382		77.0543
20		0.5		418.88		19.8429		77.1157
20		0.5		419.2		19.854		77.1745
20		0.5		419.52		19.8547		77.2384
20		0.5		419.84		19.8507		77.2974
20		0.5		420.16		19.8514		77.3563
20		0.5		420.48		19.8545		77.417
20		0.5		420.8		19.8489		77.4752
20		0.5		421.12		19.8599		77.5346
20		0.5		421.44		19.8674		77.5933
20		0.5		421.76		19.8524		77.6536
20		0.5		422.08		19.8466		77.7083
20		0.5		422.4		19.8446		77.7684
20		0.5		422.72		19.8455		77.8281
20		0.5		423.04		19.8391		77.8852
20		0.5		423.36		19.837		77.949
20		0.5		423.68		19.8337		78.0076
20		0.5		424		19.8317		78.0681
20		0.5		424.32		19.8312		78.1256
20		0.5		424.64		19.8418		78.1834
20		0.5		424.96		19.8414		78.2421
20		0.5		425.28		19.8375		78.3041
20		0.5		425.6		19.8267		78.365
20		0.5		425.92		19.8317		78.4258
20		0.5		426.24		19.8288		78.4839
20		0.5		426.56		19.8204		78.5455
20		0.5		426.88		19.8268		78.6041
20		0.5		427.2		19.8333		78.6628
20		0.5		427.52		19.8357		78.7206
20		0.5		427.84		19.8403		78.785
20		0.5		428.16		19.8475		78.8459
20		0.5		428.48		19.8444		78.91
20		0.5		428.8		19.8442		78.9722
20		0.5		429.12		19.8428		79.0341
20		0.5		429.44		19.8404		79.0892
20		0.5		429.76		19.8563		79.1473
20		0.5		430.08		19.8478		79.2083
20		0.5		430.4		19.8521		79.2657
20		0.5		430.72		19.8535		79.3204
20		0.5		431.04		19.858		79.3785
20		0.5		431.36		19.8597		79.4385
20		0.5		431.68		19.8608		79.4979
20		0.5		432		19.8646		79.5569
20		0.5		432.32		19.8631		79.6187
20		0.5		432.64		19.8596		79.6835
20		0.5		432.96		19.8609		79.7437
20		0.5		433.28		19.8584		79.8002
20		0.5		433.6		19.8641		79.8612
20		0.5		433.92		19.8694		79.92
20		0.5		434.24		19.8725		79.9752
20		0.5		434.56		19.8644		80.0336
20		0.5		434.88		19.8639		80.0969
20		0.5		435.2		19.874		80.1532
20		0.5		435.52		19.8673		80.2107
20		0.5		435.84		19.866		80.2707
20		0.5		436.16		19.8611		80.3263
20		0.5		436.48		19.8633		80.3895
20		0.5		436.8		19.8583		80.4477
20		0.5		437.12		19.869		80.5075
20		0.5		437.44		19.866		80.5655
20		0.5		437.76		19.8642		80.618
20		0.5		438.08		19.8638		80.6723
20		0.5		438.4		19.8593		80.7306
20		0.5		438.72		19.8591		80.7896
20		0.5		439.04		19.856		80.8467
20		0.5		439.36		19.8547		80.911
20		0.5		439.68		19.862		80.964
20		0.5		440		19.8733		81.0252
20		0.5		440.32		19.8772		81.088
20		0.5		440.64		19.8761		81.1454
20		0.5		440.96		19.8803		81.2074
20		0.5		441.28		19.879		81.2629
20		0.5		441.6		19.8813		81.3214
20		0.5		441.92		19.8874		81.3752
20		0.5		442.24		19.8834		81.4401
20		0.5		442.56		19.8751		81.5017
20		0.5		442.88		19.8781		81.5615
20		0.5		443.2		19.8735		81.6229
20		0.5		443.52		19.8747		81.6813
20		0.5		443.84		19.8813		81.7402
20		0.5		444.16		19.8829		81.7997
20		0.5		444.48		19.8728		81.8537
20		0.5		444.8		19.8727		81.9115
20		0.5		445.12		19.8659		81.9698
20		0.5		445.44		19.8555		82.0264
20		0.5		445.76		19.8558		82.0865
20		0.5		446.08		19.8535		82.1501
20		0.5		446.4		19.8536		82.2109
20		0.5		446.72		19.8505		82.2719
20		0.5		447.04		19.8516		82.3275
20		0.5		447.36		19.8536		82.3885
20		0.5		447.68		19.8588		82.4477
20		0.5		448		19.8539		82.5086
20		0.5		448.32		19.8655		82.5697
20		0.5		448.64		19.8647		82.6257
20		0.5		448.96		19.8745		82.6892
20		0.5		449.28		19.8756		82.7504
20		0.5		449.6		19.8781		82.8078
20		0.5		449.92		19.8657		82.8682
20		0.5		450.24		19.8679		82.9293
20		0.5		450.56		19.8677		82.9895
20		0.5		450.88		19.8678		83.048
20		0.5		451.2		19.8644		83.1058
20		0.5		451.52		19.866		83.1629
20		0.5		451.84		19.8595		83.2201
20		0.5		452.16		19.8685		83.2817
20		0.5		452.48		19.867		83.3358
20		0.5		452.8		19.8648		83.3935
20		0.5		453.12		19.8618		83.4481
20		0.5		453.44		19.8632		83.507
20		0.5		453.76		19.872		83.5663
20		0.5		454.08		19.8761		83.621
20		0.5		454.4		19.8764		83.674
20		0.5		454.72		19.8668		83.7344
20		0.5		455.04		19.8698		83.7896
20		0.5		455.36		19.8797		83.8537
20		0.5		455.68		19.8745		83.9086
20		0.5		456		19.8866		83.9683
20		0.5		456.32		19.8933		84.0228
20		0.5		456.64		19.8989		84.0759
20		0.5		456.96		19.8946		84.1354
20		0.5		457.28		19.8977		84.1894
20		0.5		457.6		19.8992		84.2555
20		0.5		457.92		19.9052		84.3116
20		0.5		458.24		19.8997		84.3691
20		0.5		458.56		19.9034		84.4337
20		0.5		458.88		19.9065		84.4948
20		0.5		459.2		19.9003		84.5514
20		0.5		459.52		19.9055		84.6091
20		0.5		459.84		19.9015		84.6677
20		0.5		460.16		19.905		84.727
20		0.5		460.48		19.9134		84.7847
20		0.5		460.8		19.9126		84.8454
20		0.5		461.12		19.9092		84.9054
20		0.5		461.44		19.9043		84.9678
20		0.5		461.76		19.9066		85.0263
20		0.5		462.08		19.9015		85.0849
20		0.5		462.4		19.8984		85.1445
20		0.5		462.72		19.8904		85.1995
20		0.5		463.04		19.8866		85.2574
20		0.5		463.36		19.8902		85.3137
20		0.5		463.68		19.8908		85.3784
20		0.5		464		19.896		85.4361
20		0.5		464.32		19.9031		85.4975
20		0.5		464.64		19.9042		85.5554
20		0.5		464.96		19.9049		85.6155
20		0.5		465.28		19.9024		85.6748
20		0.5		465.6		19.9041		85.7321
20		0.5		465.92		19.9037		85.7877
20		0.5		466.24		19.9115		85.8458
20		0.5		466.56		19.9128		85.9064
20		0.5		466.88		19.9196		85.9616
20		0.5		467.2		19.9172		86.0208
20		0.5		467.52		19.9217		86.0763
20		0.5		467.84		19.9315		86.133
20		0.5		468.16		19.9294		86.1875
20		0.5		468.48		19.9272		86.2456
20		0.5		468.8		19.9303		86.3081
20		0.5		469.12		19.9311		86.3665
20		0.5		469.44		19.9367		86.4256
20		0.5		469.76		19.935		86.4818
20		0.5		470.08		19.9321		86.5426
20		0.5		470.4		19.9363		86.5998
20		0.5		470.72		19.9513		86.6602
20		0.5		471.04		19.9562		86.7233
20		0.5		471.36		19.9506		86.7792
20		0.5		471.68		19.9586		86.8348
20		0.5		472		19.954		86.8951
20		0.5		472.32		19.9577		86.9566
20		0.5		472.64		19.9584		87.0211
20		0.5		472.96		19.9506		87.0783
20		0.5		473.28		19.9418		87.138
20		0.5		473.6		19.9327		87.2012
20		0.5		473.92		19.9444		87.2606
20		0.5		474.24		19.9436		87.3215
20		0.5		474.56		19.9423		87.3849
20		0.5		474.88		19.9491		87.4411
20		0.5		475.2		19.9559		87.5004
20		0.5		475.52		19.9504		87.5592
20		0.5		475.84		19.944		87.6148
20		0.5		476.16		19.944		87.6734
20		0.5		476.48		19.9493		87.7276
20		0.5		476.8		19.947		87.7873
20		0.5		477.12		19.9525		87.8466
20		0.5		477.44		19.9419		87.9107
20		0.5		477.76		19.9383		87.9756
20		0.5		478.08		19.9413		88.0305
20		0.5		478.4		19.945		88.0894
20		0.5		478.72		19.9465		88.152
20		0.5		479.04		19.9384		88.2114
20		0.5		479.36		19.9385		88.2701
20		0.5		479.68		19.9412		88.332
20		0.5		480		19.9397		88.3921
20		0.5		480.32		19.9481		88.449
20		0.5		480.64		19.9565		88.5051
20		0.5		480.96		19.958		88.565
20		0.5		481.28		19.9496		88.6245
20		0.5		481.6		19.9521		88.6887
20		0.5		481.92		19.9472		88.7483
20		0.5		482.24		19.953		88.813
20		0.5		482.56		19.9501		88.8692
20		0.5		482.88		19.954		88.9262
20		0.5		483.2		19.9616		88.9829
20		0.5		483.52		19.9586		89.0413
20		0.5		483.84		19.9628		89.1005
20		0.5		484.16		19.9589		89.1568
20		0.5		484.48		19.9589		89.2152
20		0.5		484.8		19.963		89.2695
20		0.5		485.12		19.9574		89.324
20		0.5		485.44		19.95		89.3835
20		0.5		485.76		19.9537		89.443
20		0.5		486.08		19.9512		89.505
20		0.5		486.4		19.9569		89.5676
20		0.5		486.72		19.9601		89.6259
20		0.5		487.04		19.962		89.6849
20		0.5		487.36		19.9671		89.7462
20		0.5		487.68		19.9711		89.806
20		0.5		488		19.9669		89.8661
20		0.5		488.32		19.9552		89.9213
20		0.5		488.64		19.9451		89.9851
20		0.5		488.96		19.9418		90.0453
20		0.5		489.28		19.9476		90.103
20		0.5		489.6		19.9443		90.1655
20		0.5		489.92		19.9395		90.2249
20		0.5		490.24		19.9487		90.2836
20		0.5		490.56		19.9429		90.3358
20		0.5		490.88		19.9349		90.3933
20		0.5		491.2		19.9293		90.4529
20		0.5		491.52		19.9282		90.5136
20		0.5		491.84		19.9385		90.5763
20		0.5		492.16		19.9385		90.6349
20		0.5		492.48		19.943		90.6931
20		0.5		492.8		19.941		90.7504
20		0.5		493.12		19.9397		90.8078
20		0.5		493.44		19.9425		90.872
20		0.5		493.76		19.9483		90.9317
20		0.5		494.08		19.9393		90.993
20		0.5		494.4		19.9358		91.0528
20		0.5		494.72		19.9354		91.1112
20		0.5		495.04		19.9337		91.1706
20		0.5		495.36		19.9333		91.2232
20		0.5		495.68		19.9379		91.2894
20		0.5		496		19.9372		91.3518
20		0.5		496.32		19.9373		91.4071
20		0.5		496.64		19.9461		91.4659
20		0.5		496.96		19.9517		91.5264
20		0.5		497.28		19.9552		91.5837
20		0.5		497.6		19.9511		91.6417
20		0.5		497.92		19.9522		91.6962
20		0.5		498.24		19.953		91.7548
20		0.5		498.56		19.9548		91.8097
20		0.5		498.88		19.9541		91.8662
20		0.5		499.2		19.9544		91.9267
20		0.5		499.52		19.9591		91.9891
20		0.5		499.84		19.9616		92.0415
20		0.5		500.16		19.9552		92.0979
20		0.5		500.48		19.9464		92.1571
20		0.5		500.8		19.9471		92.2114
20		0.5		501.12		19.9327		92.2719
20		0.5		501.44		19.9317		92.3344
20		0.5		501.76		19.9385		92.3894
20		0.5		502.08		19.9409		92.4455
20		0.5		502.4		19.9417		92.5123
20		0.5		502.72		19.9344		92.5711
20		0.5		503.04		19.9325		92.6262
20		0.5		503.36		19.917		92.6854
20		0.5		503.68		19.9104		92.7463
20		0.5		504		19.9108		92.7999
20		0.5		504.32		19.9187		92.8586
20		0.5		504.64		19.9259		92.9127
20		0.5		504.96		19.9246		92.9754
20		0.5		505.28		19.9234		93.035
20		0.5		505.6		19.924		93.0953
20		0.5		505.92		19.9146		93.1532
20		0.5		506.24		19.922		93.2163
20		0.5		506.56		19.921		93.2792
20		0.5		506.88		19.9252		93.338
20		0.5		507.2		19.9226		93.3931
20		0.5		507.52		19.921		93.4528
20		0.5		507.84		19.9197		93.5067
20		0.5		508.16		19.925		93.5613
20		0.5		508.48		19.9335		93.6209
20		0.5		508.8		19.9257		93.678
20		0.5		509.12		19.9286		93.737
20		0.5		509.44		19.9253		93.7942
20		0.5		509.76		19.929		93.8569
20		0.5		510.08		19.9273		93.9162
20		0.5		510.4		19.9217		93.973
20		0.5		510.72		19.9255		94.0335
20		0.5		511.04		19.9263		94.0895
20		0.5		511.36		19.9203		94.1479
20		0.5		511.68		19.9324		94.2066
20		0.5		512		19.9335		94.2662
20		0.5		512.32		19.9317		94.3215
20		0.5		512.64		19.9314		94.3814
20		0.5		512.96		19.9382		94.444
20		0.5		513.28		19.9264		94.5048
20		0.5		513.6		19.914		94.5641
20		0.5		513.92		19.923		94.6219
20		0.5		514.24		19.9136		94.681
20		0.5		514.56		19.9104		94.7375
20		0.5		514.88		19.9136		94.7978
20		0.5		515.2		19.9115		94.858
20		0.5		515.52		19.9108		94.9173
20		0.5		515.84		19.9124		94.9764
20		0.5		516.16		19.9191		95.0359
20		0.5		516.48		19.9153		95.0942
20		0.5		516.8		19.906		95.1509
20		0.5		517.12		19.9048		95.2096
20		0.5		517.44		19.9061		95.2643
20		0.5		517.76		19.9129		95.3205
20		0.5		518.08		19.9067		95.38
20		0.5		518.4		19.9165		95.4371
20		0.5		518.72		19.9166		95.494
20		0.5		519.04		19.915		95.5549
20		0.5		519.36		19.9191		95.6104
20		0.5		519.68		19.906		95.6695
20		0.5		520		19.913		95.727
20		0.5		520.32		19.9182		95.7882
20		0.5		520.64		19.9233		95.8448
20		0.5		520.96		19.9279		95.9034
20		0.5		521.28		19.9389		95.9662
20		0.5		521.6		19.9427		96.0166
20		0.5		521.92		19.9413		96.0808
20		0.5		522.24		19.9359		96.1397
20		0.5		522.56		19.9262		96.1979
20		0.5		522.88		19.9238		96.2514
20		0.5		523.2		19.9261		96.3083
20		0.5		523.52		19.9263		96.3641
20		0.5		523.84		19.9338		96.4189
20		0.5		524.16		19.9352		96.484
20		0.5		524.48		19.932		96.5372
20		0.5		524.8		19.9342		96.5925
20		0.5		525.12		19.9303		96.6505
20		0.5		525.44		19.9418		96.7043
20		0.5		525.76		19.9416		96.761
20		0.5		526.08		19.9359		96.8197
20		0.5		526.4		19.932		96.8761
20		0.5		526.72		19.9262		96.9346
20		0.5		527.04		19.9371		96.9947
20		0.5		527.36		19.9454		97.0524
20		0.5		527.68		19.952		97.1079
20		0.5		528		19.9556		97.1608
20		0.5		528.32		19.9567		97.218
20		0.5		528.64		19.9447		97.2795
20		0.5		528.96		19.9346		97.3369
20		0.5		529.28		19.9338		97.3982
20		0.5		529.6		19.9301		97.4538
20		0.5		529.92		19.9259		97.512
20		0.5		530.24		19.9327		97.5681
20		0.5		530.56		19.935		97.6294
20		0.5		530.88		19.9407		97.6864
20		0.5		531.2		19.933		97.7499
20		0.5		531.52		19.9346		97.8072
20		0.5		531.84		19.9373		97.8651
20		0.5		532.16		19.9293		97.9296
20		0.5		532.48		19.9192		97.9847
20		0.5		532.8		19.9242		98.0463
20		0.5		533.12		19.9325		98.108
20		0.5		533.44		19.94		98.1653
20		0.5		533.76		19.9421		98.2215
20		0.5		534.08		19.9464		98.2842
20		0.5		534.4		19.9505		98.3371
20		0.5		534.72		19.9487		98.3966
20		0.5		535.04		19.9486		98.4619
20		0.5		535.36		19.9479		98.5157
20		0.5		535.68		19.9575		98.5724
20		0.5		536		19.9589		98.6275
20		0.5		536.32		19.9631		98.691
20		0.5		536.64		19.9749		98.7507
20		0.5		536.96		19.9769		98.8116
20		0.5		537.28		19.9748		98.8648
20		0.5		537.6		19.9753		98.9184
20		0.5		537.92		19.9784		98.9746
20		0.5		538.24		19.9733		99.0286
20		0.5		538.56		19.9745		99.0886
20		0.5		538.88		19.9817		99.1486
20		0.5		539.2		19.9802		99.2022
20		0.5		539.52		19.9803		99.2607
20		0.5		539.84		19.9915		99.3179
20		0.5		540.16		19.9851		99.3801
20		0.5		540.48		19.9841		99.4405
20		0.5		540.8		19.9831		99.4975
20		0.5		541.12		19.9831		99.5554
20		0.5		541.44		19.9721		99.6122
20		0.5		541.76		19.982		99.6749
20		0.5		542.08		19.9695		99.7332
20		0.5		542.4		19.9696		99.7923
20		0.5		542.72		19.9654		99.8558
20		0.5		543.04		19.9686		99.9131
20		0.5		543.36		19.9619		99.9684
20		0.5		543.68		19.9619		100.023
20		0.5		544		19.962		100.078
20		0.5		544.32		19.9644		100.139
20		0.5		544.64		19.9688		100.195
20		0.5		544.96		19.9667		100.253
20		0.5		545.28		19.9593		100.312
20		0.5		545.6		19.9557		100.365
20		0.5		545.92		19.9566		100.421
20		0.5		546.24		19.973		100.481
20		0.5		546.56		19.9687		100.541
20		0.5		546.88		19.9598		100.6
20		0.5		547.2		19.9577		100.659
20		0.5		547.52		19.9677		100.719
20		0.5		547.84		19.9723		100.777
20		0.5		548.16		19.9702		100.84
20		0.5		548.48		19.9676		100.894
20		0.5		548.8		19.966		100.953
20		0.5		549.12		19.9643		101.007
20		0.5		549.44		19.9671		101.072
20		0.5		549.76		19.9585		101.133
20		0.5		550.08		19.9579		101.187
20		0.5		550.4		19.9641		101.25
20		0.5		550.72		19.965		101.311
20		0.5		551.04		19.9779		101.367
20		0.5		551.36		19.9711		101.428
20		0.5		551.68		19.9664		101.484
20		0.5		552		19.9618		101.544
20		0.5		552.32		19.9615		101.608
20		0.5		552.64		19.9555		101.662
20		0.5		552.96		19.9636		101.718
20		0.5		553.28		19.9686		101.779
20		0.5		553.6		19.9657		101.841
20		0.5		553.92		19.965		101.895
20		0.5		554.24		19.9708		101.955
20		0.5		554.56		19.9618		102.012
20		0.5		554.88		19.9626		102.073
20		0.5		555.2		19.9646		102.132
20		0.5		555.52		19.9642		102.186
20		0.5		555.84		19.9566		102.248
20		0.5		556.16		19.9504		102.303
20		0.5		556.48		19.9534		102.364
20		0.5		556.8		19.9555		102.422
20		0.5		557.12		19.9512		102.479
20		0.5		557.44		19.9559		102.537
20		0.5		557.76		19.9411		102.594
20		0.5		558.08		19.9398		102.648
20		0.5		558.4		19.9296		102.705
20		0.5		558.72		19.9258		102.767
20		0.5		559.04		19.933		102.829
20		0.5		559.36		19.9264		102.893
20		0.5		559.68		19.9261		102.955
20		0.5		560		19.9303		103.014
20		0.5		560.32		19.9373		103.074
20		0.5		560.64		19.9312		103.138
20		0.5		560.96		19.9343		103.192
20		0.5		561.28		19.9414		103.249
20		0.5		561.6		19.9409		103.308
20		0.5		561.92		19.9489		103.371
20		0.5		562.24		19.9517		103.429
20		0.5		562.56		19.9445		103.486
20		0.5		562.88		19.9508		103.541
20		0.5		563.2		19.9483		103.6
20		0.5		563.52		19.9607		103.66
20		0.5		563.84		19.9586		103.716
20		0.5		564.16		19.9532		103.771
20		0.5		564.48		19.9563		103.828
20		0.5		564.8		19.958		103.886
20		0.5		565.12		19.9663		103.943
20		0.5		565.44		19.9592		104.008
20		0.5		565.76		19.9627		104.068
20		0.5		566.08		19.9708		104.12
20		0.5		566.4		19.9551		104.181
20		0.5		566.72		19.9574		104.24
20		0.5		567.04		19.9466		104.299
20		0.5		567.36		19.9377		104.355
20		0.5		567.68		19.9402		104.407
20		0.5		568		19.9443		104.465
20		0.5		568.32		19.9387		104.521
20		0.5		568.64		19.9333		104.585
20		0.5		568.96		19.9288		104.642
20		0.5		569.28		19.9263		104.701
20		0.5		569.6		19.9276		104.76
20		0.5		569.92		19.9258		104.812
20		0.5		570.24		19.9244		104.872
20		0.5		570.56		19.9269		104.929
20		0.5		570.88		19.9281		104.992
20		0.5		571.2		19.9252		105.052
20		0.5		571.52		19.9132		105.112
20		0.5		571.84		19.9108		105.171
20		0.5		572.16		19.9138		105.229
20		0.5		572.48		19.9195		105.286
20		0.5		572.8		19.9126		105.346
20		0.5		573.12		19.9029		105.407
20		0.5		573.44		19.8952		105.467
20		0.5		573.76		19.8994		105.524
20		0.5		574.08		19.8921		105.585
20		0.5		574.4		19.8892		105.645
20		0.5		574.72		19.8863		105.703
20		0.5		575.04		19.8875		105.763
20		0.5		575.36		19.8912		105.818
20		0.5		575.68		19.8933		105.878
20		0.5		576		19.8901		105.932
20		0.5		576.32		19.8943		105.99
20		0.5		576.64		19.8953		106.05
20		0.5		576.96		19.8867		106.108
20		0.5		577.28		19.8786		106.165
20		0.5		577.6		19.8763		106.224
20		0.5		577.92		19.8627		106.278
20		0.5		578.24		19.8631		106.344
20		0.5		578.56		19.8542		106.403
20		0.5		578.88		19.852		106.467
20		0.5		579.2		19.8506		106.525
20		0.5		579.52		19.8511		106.581
20		0.5		579.84		19.8508		106.639
20		0.5		580.16		19.8489		106.694
20		0.5		580.48		19.8433		106.753
20		0.5		580.8		19.8387		106.806
20		0.5		581.12		19.8434		106.864
20		0.5		581.44		19.8451		106.92
20		0.5		581.76		19.8457		106.978
20		0.5		582.08		19.8488		107.033
20		0.5		582.4		19.8521		107.094
20		0.5		582.72		19.8592		107.154
20		0.5		583.04		19.8647		107.21
20		0.5		583.36		19.8612		107.271
20		0.5		583.68		19.8606		107.333
20		0.5		584		19.8692		107.39
20		0.5		584.32		19.8687		107.447
20		0.5		584.64		19.8701		107.509
20		0.5		584.96		19.8564		107.566
20		0.5		585.28		19.85		107.622
20		0.5		585.6		19.8486		107.683
20		0.5		585.92		19.8473		107.739
20		0.5		586.24		19.8383		107.802
20		0.5		586.56		19.8412		107.859
20		0.5		586.88		19.8316		107.918
20		0.5		587.2		19.8152		107.98
20		0.5		587.52		19.8141		108.04
20		0.5		587.84		19.8076		108.095
20		0.5		588.16		19.8087		108.152
20		0.5		588.48		19.8182		108.213
20		0.5		588.8		19.8251		108.276
20		0.5		589.12		19.8219		108.333
20		0.5		589.44		19.8109		108.393
20		0.5		589.76		19.808		108.452
20		0.5		590.08		19.8091		108.509
20		0.5		590.4		19.8105		108.567
20		0.5		590.72		19.8212		108.628
20		0.5		591.04		19.82		108.687
20		0.5		591.36		19.8173		108.747
20		0.5		591.68		19.8066		108.8
20		0.5		592		19.8111		108.861
20		0.5		592.32		19.8185		108.918
20		0.5		592.64		19.8261		108.976
20		0.5		592.96		19.8341		109.04
20		0.5		593.28		19.8495		109.099
20		0.5		593.6		19.8528		109.161
20		0.5		593.92		19.8545		109.221
20		0.5		594.24		19.8515		109.282
20		0.5		594.56		19.8566		109.34
20		0.5		594.88		19.8516		109.399
20		0.5		595.2		19.8535		109.457
20		0.5		595.52		19.8534		109.514
20		0.5		595.84		19.8536		109.576
20		0.5		596.16		19.8585		109.632
20		0.5		596.48		19.8522		109.69
20		0.5		596.8		19.8535		109.747
20		0.5		597.12		19.8513		109.802
20		0.5		597.44		19.8517		109.86
20		0.5		597.76		19.8566		109.916
20		0.5		598.08		19.8656		109.974
20		0.5		598.4		19.8616		110.035
20		0.5		598.72		19.8593		110.092
20		0.5		599.04		19.862		110.149
20		0.5		599.36		19.8636		110.203
20		0.5		599.68		19.8566		110.263
20		0.5		600		19.8518		110.323
20		0.5		600.32		19.8507		110.385
20		0.5		600.64		19.853		110.443
20		0.5		600.96		19.847		110.506
20		0.5		601.28		19.8496		110.568
20		0.5		601.6		19.8524		110.626
20		0.5		601.92		19.8578		110.685
20		0.5		602.24		19.8608		110.75
20		0.5		602.56		19.856		110.809
20		0.5		602.88		19.8662		110.866
20		0.5		603.2		19.8651		110.929
20		0.5		603.52		19.8728		110.991
20		0.5		603.84		19.8762		111.05
20		0.5		604.16		19.8847		111.108
20		0.5		604.48		19.8939		111.167
20		0.5		604.8		19.8995		111.229
20		0.5		605.12		19.8962		111.291
20		0.5		605.44		19.8989		111.349
20		0.5		605.76		19.901		111.408
20		0.5		606.08		19.9001		111.464
20		0.5		606.4		19.8977		111.521
20		0.5		606.72		19.8997		111.584
20		0.5		607.04		19.8977		111.645
20		0.5		607.36		19.899		111.7
20		0.5		607.68		19.8953		111.755
20		0.5		608		19.8874		111.814
20		0.5		608.32		19.8907		111.869
20		0.5		608.64		19.8904		111.929
20		0.5		608.96		19.8984		111.983
20		0.5		609.28		19.8989		112.04
20		0.5		609.6		19.8981		112.102
20		0.5		609.92		19.8983		112.158
20		0.5		610.24		19.8969		112.217
20		0.5		610.56		19.9004		112.277
20		0.5		610.88		19.8982		112.336
20		0.5		611.2		19.9		112.39
20		0.5		611.52		19.9134		112.451
20		0.5		611.84		19.9021		112.508
20		0.5		612.16		19.9041		112.562
20		0.5		612.48		19.915		112.621
20		0.5		612.8		19.918		112.68
20		0.5		613.12		19.9207		112.742
20		0.5		613.44		19.9264		112.802
20		0.5		613.76		19.9277		112.866
20		0.5		614.08		19.9289		112.924
20		0.5		614.4		19.9324		112.983
20		0.5		614.72		19.9226		113.042
20		0.5		615.04		19.9131		113.1
20		0.5		615.36		19.9234		113.163
20		0.5		615.68		19.9271		113.222
20		0.5		616		19.9121		113.278
20		0.5		616.32		19.9155		113.338
20		0.5		616.64		19.9176		113.4
20		0.5		616.96		19.9211		113.456
20		0.5		617.28		19.9301		113.519
20		0.5		617.6		19.9202		113.579
20		0.5		617.92		19.9166		113.636
20		0.5		618.24		19.9063		113.693
20		0.5		618.56		19.9174		113.752
20		0.5		618.88		19.9218		113.811
20		0.5		619.2		19.9194		113.872
20		0.5		619.52		19.9279		113.927
20		0.5		619.84		19.938		113.985
20		0.5		620.16		19.9292		114.045
20		0.5		620.48		19.9266		114.105
20		0.5		620.8		19.9261		114.162
20		0.5		621.12		19.927		114.222
20		0.5		621.44		19.9337		114.273
20		0.5		621.76		19.9307		114.333
20		0.5		622.08		19.9286		114.393
20		0.5		622.4		19.9222		114.45
20		0.5		622.72		19.9234		114.508
20		0.5		623.04		19.9276		114.567
20		0.5		623.36		19.927		114.631
20		0.5		623.68		19.9212		114.687
20		0.5		624		19.9257		114.749
20		0.5		624.32		19.9182		114.811
20		0.5		624.64		19.917		114.867
20		0.5		624.96		19.9208		114.924
20		0.5		625.28		19.9173		114.981
20		0.5		625.6		19.9065		115.04
20		0.5		625.92		19.9041		115.097
20		0.5		626.24		19.9013		115.156
20		0.5		626.56		19.8983		115.212
20		0.5		626.88		19.8976		115.271
20		0.5		627.2		19.9013		115.331
20		0.5		627.52		19.9074		115.393
20		0.5		627.84		19.9117		115.449
20		0.5		628.16		19.9181		115.511
20		0.5		628.48		19.9164		115.567
20		0.5		628.8		19.9207		115.624
20		0.5		629.12		19.9201		115.686
20		0.5		629.44		19.9201		115.75
20		0.5		629.76		19.9281		115.805
20		0.5		630.08		19.9308		115.867
20		0.5		630.4		19.9362		115.931
20		0.5		630.72		19.9203		115.988
20		0.5		631.04		19.9247		116.049
20		0.5		631.36		19.9261		116.106
20		0.5		631.68		19.9358		116.166
20		0.5		632		19.9429		116.222
20		0.5		632.32		19.9332		116.28
20		0.5		632.64		19.9339		116.341
20		0.5		632.96		19.9259		116.399
20		0.5		633.28		19.9299		116.459
20		0.5		633.6		19.9314		116.518
20		0.5		633.92		19.9214		116.574
20		0.5		634.24		19.9233		116.635
20		0.5		634.56		19.9203		116.697
20		0.5		634.88		19.9259		116.756
20		0.5		635.2		19.9337		116.818
20		0.5		635.52		19.9276		116.877
20		0.5		635.84		19.9332		116.934
20		0.5		636.16		19.9321		116.996
20		0.5		636.48		19.9236		117.057
20		0.5		636.8		19.9198		117.113
20		0.5		637.12		19.9079		117.171
20		0.5		637.44		19.8935		117.229
20		0.5		637.76		19.8938		117.285
20		0.5		638.08		19.8832		117.348
20		0.5		638.4		19.8789		117.408
20		0.5		638.72		19.8775		117.464
20		0.5		639.04		19.8819		117.521
20		0.5		639.36		19.8921		117.578
20		0.5		639.68		19.896		117.638
20		0.5		640		19.8941		117.695
20		0.5		640.32		19.8873		117.756
20		0.5		640.64		19.8904		117.815
20		0.5		640.96		19.8851		117.871
20		0.5		641.28		19.8916		117.93
20		0.5		641.6		19.8947		117.987
20		0.5		641.92		19.8944		118.041
20		0.5		642.24		19.8923		118.101
20		0.5		642.56		19.8993		118.159
20		0.5		642.88		19.9031		118.214
20		0.5		643.2		19.9157		118.267
20		0.5		643.52		19.9146		118.32
20		0.5		643.84		19.9192		118.378
20		0.5		644.16		19.9163		118.433
20		0.5		644.48		19.9099		118.495
20		0.5		644.8		19.9138		118.553
20		0.5		645.12		19.91		118.609
20		0.5		645.44		19.9112		118.664
20		0.5		645.76		19.9171		118.721
20		0.5		646.08		19.9107		118.78
20		0.5		646.4		19.9114		118.845
20		0.5		646.72		19.9152		118.905
20		0.5		647.04		19.9156		118.969
20		0.5		647.36		19.9135		119.026
20		0.5		647.68		19.915		119.085
20		0.5		648		19.9238		119.139
20		0.5		648.32		19.9206		119.198
20		0.5		648.64		19.9231		119.254
20		0.5		648.96		19.9212		119.31
20		0.5		649.28		19.9202		119.37
20		0.5		649.6		19.9177		119.426
20		0.5		649.92		19.9084		119.483
20		0.5		650.24		19.9127		119.544
20		0.5		650.56		19.9094		119.603
20		0.5		650.88		19.9199		119.668
20		0.5		651.2		19.9149		119.728
20		0.5		651.52		19.9179		119.784
20		0.5		651.84		19.9184		119.838
20		0.5		652.16		19.9314		119.901
20		0.5		652.48		19.9374		119.958
20		0.5		652.8		19.9539		120.019
20		0.5		653.12		19.9521		120.082
20		0.5		653.44		19.9559		120.136
20		0.5		653.76		19.954		120.192
20		0.5		654.08		19.9581		120.251
20		0.5		654.4		19.955		120.307
20		0.5		654.72		19.9708		120.365
20		0.5		655.04		19.9737		120.426
20		0.5		655.36		19.9661		120.482
20		0.5		655.68		19.9782		120.543
20		0.5		656		19.9677		120.6
20		0.5		656.32		19.9688		120.659
20		0.5		656.64		19.981		120.721
20		0.5		656.96		19.995		120.776
20		0.5		657.28		19.9951		120.836
20		0.5		657.6		20.0065		120.891
20		0.5		657.92		20.0077		120.951
20		0.5		658.24		20.0116		121.014
20		0.5		658.56		20.0154		121.072
20		0.5		658.88		20.0223		121.131
20		0.5		659.2		20.0188		121.19
20		0.5		659.52		20.0138		121.244
20		0.5		659.84		20.0188		121.302
20		0.5		660.16		20.0163		121.361
20		0.5		660.48		20.0197		121.418
20		0.5		660.8		20.0185		121.477
20		0.5		661.12		20.0207		121.542
20		0.5		661.44		20.0232		121.603
20		0.5		661.76		20.0222		121.657
20		0.5		662.08		20.0225		121.715
20		0.5		662.4		20.0245		121.776
20		0.5		662.72		20.0177		121.837
20		0.5		663.04		20.0088		121.899
20		0.5		663.36		20.0055		121.96
20		0.5		663.68		20.017		122.017
20		0.5		664		20.0221		122.077
20		0.5		664.32		20.0165		122.134
20		0.5		664.64		20.007		122.188
20		0.5		664.96		20.0042		122.248
20		0.5		665.28		20.0075		122.306
20		0.5		665.6		20.0184		122.366
20		0.5		665.92		20.01		122.425
20		0.5		666.24		20.0114		122.48
20		0.5		666.56		20.0188		122.539
20		0.5		666.88		20.0137		122.599
20		0.5		667.2		20.0039		122.652
20		0.5		667.52		20.0036		122.708
20		0.5		667.84		20.0075		122.765
20		0.5		668.16		20.0095		122.82
20		0.5		668.48		20.009		122.88
20		0.5		668.8		20.0024		122.941
20		0.5		669.12		20.0118		122.999
20		0.5		669.44		20.0187		123.061
20		0.5		669.76		20.0254		123.119
20		0.5		670.08		20.0146		123.175
20		0.5		670.4		20.0153		123.236
20		0.5		670.72		20.023		123.29
20		0.5		671.04		20.02		123.353
20		0.5		671.36		20.0131		123.412
20		0.5		671.68		20.0173		123.472
20		0.5		672		20.0146		123.53
20		0.5		672.32		20.0164		123.588
20		0.5		672.64		20.0124		123.644
20		0.5		672.96		20.0155		123.705
20		0.5		673.28		20.0257		123.765
20		0.5		673.6		20.0404		123.828
20		0.5		673.92		20.0392		123.885
20		0.5		674.24		20.0387		123.944
20		0.5		674.56		20.0379		124.006
20		0.5		674.88		20.0497		124.065
20		0.5		675.2		20.0528		124.125
20		0.5		675.52		20.0558		124.185
20		0.5		675.84		20.055		124.246
20		0.5		676.16		20.0484		124.304
20		0.5		676.48		20.0373		124.359
20		0.5		676.8		20.0493		124.42
20		0.5		677.12		20.0463		124.472
20		0.5		677.44		20.0437		124.527
20		0.5		677.76		20.0481		124.586
20		0.5		678.08		20.0413		124.644
20		0.5		678.4		20.035		124.703
20		0.5		678.72		20.0474		124.767
20		0.5		679.04		20.0474		124.825
20		0.5		679.36		20.0451		124.881
20		0.5		679.68		20.0451		124.937
20		0.5		680		20.0441		124.995
20		0.5		680.32		20.0469		125.055
20		0.5		680.64		20.0433		125.111
20		0.5		680.96		20.0533		125.169
20		0.5		681.28		20.0551		125.225
20		0.5		681.6		20.0587		125.282
20		0.5		681.92		20.0665		125.337
20		0.5		682.24		20.0677		125.394
20		0.5		682.56		20.077		125.459
20		0.5		682.88		20.0837		125.521
20		0.5		683.2		20.0755		125.58
20		0.5		683.52		20.069		125.642
20		0.5		683.84		20.0717		125.705
20		0.5		684.16		20.0734		125.765
20		0.5		684.48		20.0839		125.828
20		0.5		684.8		20.0861		125.889
20		0.5		685.12		20.0951		125.946
20		0.5		685.44		20.0855		126.002
20		0.5		685.76		20.0872		126.057
20		0.5		686.08		20.0916		126.112
20		0.5		686.4		20.0941		126.165
20		0.5		686.72		20.0926		126.222
20		0.5		687.04		20.0945		126.282
20		0.5		687.36		20.0937		126.338
20		0.5		687.68		20.1015		126.396
20		0.5		688		20.0986		126.455
20		0.5		688.32		20.0899		126.517
20		0.5		688.64		20.09		126.577
20		0.5		688.96		20.0903		126.639
20		0.5		689.28		20.0892		126.696
20		0.5		689.6		20.0786		126.756
20		0.5		689.92		20.0698		126.818
20		0.5		690.24		20.0731		126.873
20		0.5		690.56		20.0846		126.928
20		0.5		690.88		20.0808		126.986
20		0.5		691.2		20.0659		127.045
20		0.5		691.52		20.0657		127.102
20		0.5		691.84		20.0662		127.155
20		0.5		692.16		20.0778		127.218
20		0.5		692.48		20.0755		127.275
20		0.5		692.8		20.0685		127.334
20		0.5		693.12		20.0744		127.401
20		0.5		693.44		20.0884		127.462
20		0.5		693.76		20.0891		127.523
20		0.5		694.08		20.0906		127.586
20		0.5		694.4		20.0882		127.643
20		0.5		694.72		20.0918		127.708
20		0.5		695.04		20.0948		127.764
20		0.5		695.36		20.0907		127.819
20		0.5		695.68		20.0961		127.875
20		0.5		696		20.0946		127.93
20		0.5		696.32		20.1054		127.993
20		0.5		696.64		20.1075		128.049
20		0.5		696.96		20.1036		128.107
20		0.5		697.28		20.1106		128.169
20		0.5		697.6		20.106		128.23
20		0.5		697.92		20.1084		128.292
20		0.5		698.24		20.11		128.357
20		0.5		698.56		20.113		128.416
20		0.5		698.88		20.1204		128.474
20		0.5		699.2		20.109		128.532
20		0.5		699.52		20.1085		128.592
20		0.5		699.84		20.1133		128.654
20		0.5		700.16		20.1062		128.711
20		0.5		700.48		20.0945		128.768
20		0.5		700.8		20.0946		128.828
20		0.5		701.12		20.0952		128.892
20		0.5		701.44		20.1001		128.952
20		0.5		701.76		20.0957		129.005
20		0.5		702.08		20.0957		129.064
20		0.5		702.4		20.0929		129.123
20		0.5		702.72		20.0953		129.183
20		0.5		703.04		20.0905		129.238
20		0.5		703.36		20.0902		129.295
20		0.5		703.68		20.0889		129.357
20		0.5		704		20.0888		129.417
20		0.5		704.32		20.0991		129.476
20		0.5		704.64		20.0961		129.536
20		0.5		704.96		20.1031		129.598
20		0.5		705.28		20.1021		129.648
20		0.5		705.6		20.1015		129.708
20		0.5		705.92		20.0929		129.769
20		0.5		706.24		20.0954		129.826
20		0.5		706.56		20.097		129.882
20		0.5		706.88		20.0861		129.945
20		0.5		707.2		20.0796		130.002
20		0.5		707.52		20.0894		130.063
20		0.5		707.84		20.0888		130.118
20		0.5		708.16		20.088		130.178
20		0.5		708.48		20.0865		130.232
20		0.5		708.8		20.0906		130.29
20		0.5		709.12		20.0955		130.343
20		0.5		709.44		20.0852		130.398
20		0.5		709.76		20.079		130.455
20		0.5		710.08		20.0685		130.514
20		0.5		710.4		20.0795		130.574
20		0.5		710.72		20.0758		130.632
20		0.5		711.04		20.0764		130.694
20		0.5		711.36		20.066		130.749
20		0.5		711.68		20.0605		130.803
20		0.5		712		20.0617		130.857
20		0.5		712.32		20.0634		130.914
20		0.5		712.64		20.0646		130.97
20		0.5		712.96		20.0647		131.032
20		0.5		713.28		20.0616		131.094
20		0.5		713.6		20.0565		131.148
20		0.5		713.92		20.0512		131.208
20		0.5		714.24		20.0542		131.269
20		0.5		714.56		20.0463		131.33
20		0.5		714.88		20.0493		131.389
20		0.5		715.2		20.0478		131.447
20		0.5		715.52		20.0507		131.506
20		0.5		715.84		20.0558		131.569
20		0.5		716.16		20.0596		131.625
20		0.5		716.48		20.0629		131.681
20		0.5		716.8		20.0664		131.74
20		0.5		717.12		20.0648		131.802
20		0.5		717.44		20.07		131.856
20		0.5		717.76		20.0745		131.917
20		0.5		718.08		20.0727		131.978
20		0.5		718.4		20.0721		132.032
20		0.5		718.72		20.0699		132.093
20		0.5		719.04		20.0695		132.154
20		0.5		719.36		20.0704		132.209
20		0.5		719.68		20.0688		132.268
20		0.5		720		20.0665		132.324
20		0.5		720.32		20.0627		132.378
20		0.5		720.64		20.0646		132.439
20		0.5		720.96		20.0599		132.499
20		0.5		721.28		20.0624		132.558
20		0.5		721.6		20.0752		132.614
20		0.5		721.92		20.0841		132.673
20		0.5		722.24		20.0868		132.735
20		0.5		722.56		20.0953		132.793
20		0.5		722.88		20.1005		132.853
20		0.5		723.2		20.0992		132.91
20		0.5		723.52		20.1009		132.971
20		0.5		723.84		20.0957		133.025
20		0.5		724.16		20.095		133.084
20		0.5		724.48		20.0988		133.146
20		0.5		724.8		20.1061		133.207
20		0.5		725.12		20.1053		133.268
20		0.5		725.44		20.1051		133.325
20		0.5		725.76		20.1017		133.379
20		0.5		726.08		20.1022		133.437
20		0.5		726.4		20.0986		133.495
20		0.5		726.72		20.0986		133.556
20		0.5		727.04		20.0999		133.615
20		0.5		727.36		20.1019		133.675
20		0.5		727.68		20.1067		133.735
20		0.5		728		20.1096		133.793
20		0.5		728.32		20.1065		133.852
20		0.5		728.64		20.1109		133.912
20		0.5		728.96		20.1057		133.974
20		0.5		729.28		20.1106		134.036
20		0.5		729.6		20.1129		134.092
20		0.5		729.92		20.1045		134.146
20		0.5		730.24		20.0998		134.205
20		0.5		730.56		20.1085		134.264
20		0.5		730.88		20.1063		134.325
20		0.5		731.2		20.1045		134.379
20		0.5		731.52		20.1062		134.434
20		0.5		731.84		20.1001		134.491
20		0.5		732.16		20.101		134.551
20		0.5		732.48		20.104		134.613
20		0.5		732.8		20.1038		134.673
20		0.5		733.12		20.1043		134.728
20		0.5		733.44		20.1078		134.784
20		0.5		733.76		20.0971		134.842
20		0.5		734.08		20.0899		134.903
20		0.5		734.4		20.0951		134.96
20		0.5		734.72		20.0907		135.019
20		0.5		735.04		20.0955		135.077
20		0.5		735.36		20.095		135.129
20		0.5		735.68		20.0961		135.186
20		0.5		736		20.0972		135.248
20		0.5		736.32		20.0895		135.3
20		0.5		736.64		20.0873		135.362
20		0.5		736.96		20.0925		135.416
20		0.5		737.28		20.0881		135.48
20		0.5		737.6		20.0827		135.542
20		0.5		737.92		20.0763		135.601
20		0.5		738.24		20.0818		135.659
20		0.5		738.56		20.0844		135.721
20		0.5		738.88		20.0771		135.78
20		0.5		739.2		20.0719		135.84
20		0.5		739.52		20.0637		135.9
20		0.5		739.84		20.074		135.959
20		0.5		740.16		20.0792		136.018
20		0.5		740.48		20.0858		136.084
20		0.5		740.8		20.0935		136.143
20		0.5		741.12		20.0988		136.198
20		0.5		741.44		20.1066		136.252
20		0.5		741.76		20.0961		136.311
20		0.5		742.08		20.0889		136.373
20		0.5		742.4		20.0907		136.432
20		0.5		742.72		20.0891		136.489
20		0.5		743.04		20.0814		136.547
20		0.5		743.36		20.0876		136.604
20		0.5		743.68		20.0952		136.671
20		0.5		744		20.1025		136.729
20		0.5		744.32		20.0993		136.787
20		0.5		744.64		20.1053		136.847
20		0.5		744.96		20.108		136.903
20		0.5		745.28		20.101		136.959
20		0.5		745.6		20.1023		137.027
20		0.5		745.92		20.1074		137.084
20		0.5		746.24		20.1055		137.139
20		0.5		746.56		20.1082		137.195
20		0.5		746.88		20.1094		137.257
20		0.5		747.2		20.1157		137.31
20		0.5		747.52		20.1159		137.37
20		0.5		747.84		20.103		137.428
20		0.5		748.16		20.1051		137.486
20		0.5		748.48		20.0991		137.543
20		0.5		748.8		20.0926		137.603
20		0.5		749.12		20.0942		137.661
20		0.5		749.44		20.0959		137.721
20		0.5		749.76		20.0917		137.779
20		0.5		750.08		20.098		137.839
20		0.5		750.4		20.0991		137.899
20		0.5		750.72		20.1076		137.958
20		0.5		751.04		20.1096		138.016
20		0.5		751.36		20.1093		138.069
20		0.5		751.68		20.1157		138.126
20		0.5		752		20.1154		138.187
20		0.5		752.32		20.1057		138.248
20		0.5		752.64		20.1146		138.306
20		0.5		752.96		20.1104		138.362
20		0.5		753.28		20.1082		138.423
20		0.5		753.6		20.1151		138.483
20		0.5		753.92		20.117		138.546
20		0.5		754.24		20.1032		138.604
20		0.5		754.56		20.1093		138.666
20		0.5		754.88		20.1035		138.724
20		0.5		755.2		20.0998		138.778
20		0.5		755.52		20.0973		138.837
20		0.5		755.84		20.0915		138.892
20		0.5		756.16		20.1003		138.946
20		0.5		756.48		20.0951		139.008
20		0.5		756.8		20.0971		139.072
20		0.5		757.12		20.1046		139.126
20		0.5		757.44		20.1152		139.182
20		0.5		757.76		20.1114		139.238
20		0.5		758.08		20.1208		139.299
20		0.5		758.4		20.128		139.355
20		0.5		758.72		20.1249		139.416
20		0.5		759.04		20.134		139.474
20		0.5		759.36		20.1352		139.53
20		0.5		759.68		20.1311		139.587
20		0.5		760		20.1281		139.652
20		0.5		760.32		20.1194		139.712
20		0.5		760.64		20.1175		139.773
20		0.5		760.96		20.1192		139.831
20		0.5		761.28		20.1129		139.887
20		0.5		761.6		20.1124		139.946
20		0.5		761.92		20.1081		140.002
20		0.5		762.24		20.1116		140.063
20		0.5		762.56		20.1019		140.12
20		0.5		762.88		20.1045		140.18
20		0.5		763.2		20.1049		140.237
20		0.5		763.52		20.105		140.296
20		0.5		763.84		20.1157		140.349
20		0.5		764.16		20.1266		140.408
20		0.5		764.48		20.1309		140.469
20		0.5		764.8		20.1326		140.525
20		0.5		765.12		20.1293		140.583
20		0.5		765.44		20.1283		140.644
20		0.5		765.76		20.1352		140.705
20		0.5		766.08		20.1221		140.765
20		0.5		766.4		20.1223		140.825
20		0.5		766.72		20.1317		140.889
20		0.5		767.04		20.1322		140.946
20		0.5		767.36		20.1303		141.01
20		0.5		767.68		20.1355		141.066
20		0.5		768		20.1335		141.117
20		0.5		768.32		20.1214		141.178
20		0.5		768.64		20.1112		141.232
20		0.5		768.96		20.1217		141.284
20		0.5		769.28		20.127		141.345
20		0.5		769.6		20.1249		141.4
20		0.5		769.92		20.1273		141.455
20		0.5		770.24		20.136		141.511
20		0.5		770.56		20.1374		141.569
20		0.5		770.88		20.1249		141.632
20		0.5		771.2		20.1294		141.69
20		0.5		771.52		20.1384		141.747
20		0.5		771.84		20.1312		141.804
20		0.5		772.16		20.139		141.866
20		0.5		772.48		20.1357		141.923
20		0.5		772.8		20.1319		141.986
20		0.5		773.12		20.1347		142.042
20		0.5		773.44		20.1343		142.098
20		0.5		773.76		20.1327		142.155
20		0.5		774.08		20.1292		142.212
20		0.5		774.4		20.1295		142.269
20		0.5		774.72		20.1223		142.328
20		0.5		775.04		20.1271		142.387
20		0.5		775.36		20.1234		142.443
20		0.5		775.68		20.1217		142.503
20		0.5		776		20.1162		142.559
20		0.5		776.32		20.1179		142.619
20		0.5		776.64		20.116		142.673
20		0.5		776.96		20.1133		142.729
20		0.5		777.28		20.1146		142.787
20		0.5		777.6		20.1106		142.846
20		0.5		777.92		20.1088		142.901
20		0.5		778.24		20.105		142.958
20		0.5		778.56		20.1073		143.016
20		0.5		778.88		20.1048		143.075
20		0.5		779.2		20.1085		143.134
20		0.5		779.52		20.1065		143.194
20		0.5		779.84		20.1037		143.251
20		0.5		780.16		20.1076		143.309
20		0.5		780.48		20.1057		143.373
20		0.5		780.8		20.1041		143.432
20		0.5		781.12		20.1101		143.488
20		0.5		781.44		20.1046		143.551
20		0.5		781.76		20.1152		143.608
20		0.5		782.08		20.1124		143.665
20		0.5		782.4		20.1194		143.72
20		0.5		782.72		20.1248		143.77
20		0.5		783.04		20.1238		143.833
20		0.5		783.36		20.1134		143.89
20		0.5		783.68		20.1082		143.947
20		0.5		784		20.1208		144.002
20		0.5		784.32		20.1166		144.063
20		0.5		784.64		20.1191		144.118
20		0.5		784.96		20.1251		144.177
20		0.5		785.28		20.1316		144.238
20		0.5		785.6		20.1294		144.299
20		0.5		785.92		20.1344		144.364
20		0.5		786.24		20.138		144.422
20		0.5		786.56		20.149		144.479
20		0.5		786.88		20.1543		144.536
20		0.5		787.2		20.1427		144.593
20		0.5		787.52		20.1511		144.653
20		0.5		787.84		20.1423		144.71
20		0.5		788.16		20.1521		144.767
20		0.5		788.48		20.153		144.832
20		0.5		788.8		20.1584		144.89
20		0.5		789.12		20.1532		144.955
20		0.5		789.44		20.1453		145.014
20		0.5		789.76		20.1549		145.074
20		0.5		790.08		20.1514		145.128
20		0.5		790.4		20.1434		145.186
20		0.5		790.72		20.1432		145.241
20		0.5		791.04		20.1448		145.296
20		0.5		791.36		20.1377		145.355
20		0.5		791.68		20.1224		145.407
20		0.5		792		20.1193		145.466
20		0.5		792.32		20.1044		145.518
20		0.5		792.64		20.0447		145.549
20		0.5		792.96		20.0118		145.606
20		0.5		793.28		19.9933		145.665
20		0.5		793.6		19.9941		145.732
20		0.5		793.92		19.9937		145.8
20		0.5		794.24		19.9898		145.865
20		0.5		794.56		19.9816		145.93
20		0.5		794.88		19.9908		145.994
20		0.5		795.2		19.9898		146.058
20		0.5		795.407		19.9906		146.1
